6.069506192169147329e-01 7.947395459093525849e-01 0.000000000000000000e+00 -7.947395459093525849e-01 6.069506192169147329e-01 0.000000000000000000e+00 0.000000000000000000e+00 0.000000000000000000e+00 1.000000000000000000e+00
6.069506192169032976e-01 7.947395459093612446e-01 0.000000000000000000e+00 -7.947395459093612446e-01 6.069506192169032976e-01 0.000000000000000000e+00 0.000000000000000000e+00 0.000000000000000000e+00 1.000000000000000000e+00
6.069506192169218384e-01 7.947395459093471448e-01 0.000000000000000000e+00 -7.947395459093471448e-01 6.069506192169218384e-01 0.000000000000000000e+00 0.000000000000000000e+00 0.000000000000000000e+00 1.000000000000000000e+00
6.069506192169058512e-01 7.947395459093593573e-01 0.000000000000000000e+00 -7.947395459093593573e-01 6.069506192169058512e-01 0.000000000000000000e+00 0.000000000000000000e+00 0.000000000000000000e+00 1.000000000000000000e+00
6.069506192169198400e-01 7.947395459093488101e-01 0.000000000000000000e+00 -7.947395459093488101e-01 6.069506192169198400e-01 0.000000000000000000e+00 0.000000000000000000e+00 0.000000000000000000e+00 1.000000000000000000e+00
3.705745025205229304e-01 7.667443686052071161e-01 5.241923418878509100e-01 -5.510200652952049749e-01 6.358155069544139115e-01 -5.404771306525096852e-01 -7.476974158867578657e-01 -8.855345463901662106e-02 6.581085472380376888e-01
4.181646004750644852e-01 7.176758158344579419e-01 5.568480854558766069e-01 -5.937588025710316408e-01 6.798819845518508931e-01 -4.303614428027345840e-01 -6.874509810007871646e-01 -1.506715316447748976e-01 7.104289114843748143e-01
5.963148104432588470e-01 2.612872049310188682e-01 7.590373135659116421e-01 -3.334465189238561278e-01 9.407365450735597490e-01 -6.187222139720543329e-02 -7.302205597376608681e-01 -2.162030279676908084e-01 6.481004434761782340e-01
5.679140845918360103e-01 -6.837249574097133131e-02 8.202431312411996300e-01 1.911001511967894417e-01 9.802653988290538356e-01 -5.060118645921352770e-02 -8.005962307772759301e-01 1.854857128855662840e-01 5.697725209068547070e-01
6.453624979286850527e-01 -1.705702318238428994e-01 7.445891768504352415e-01 -7.304671836189265133e-02 9.565034043692350885e-01 2.824277152947670122e-01 -7.603758433852344512e-01 -2.366580517236295256e-01 6.048318306360617180e-01
6.361641040949793657e-01 -1.160286323161862782e-01 7.627795154196707061e-01 -9.154645628235950905e-02 9.702927834799860429e-01 2.239445482006720278e-01 -7.661034388404573958e-01 -2.122952444344816114e-01 6.066434291965333570e-01
6.346079080286237684e-01 -1.437316672854302146e-01 7.593510458851586709e-01 -6.277300889542163087e-02 9.697205694256157971e-01 2.360117933220179653e-01 -7.702806971628909372e-01 -1.974417003882665278e-01 6.063698727064535943e-01
1.268410082388645166e-01 1.072764825668074407e-01 9.861050222552576461e-01 9.610344650422827373e-01 -2.594479564801625004e-01 -9.539137738370989661e-02 2.456096814660245209e-01 9.597804510232333941e-01 -1.360050374206663582e-01
6.033837984437110391e-01 -7.890611682575079389e-01 -1.153709864902606047e-01 7.074879794907406039e-01 5.964366829619376364e-01 -3.791095383836587951e-01 3.679521037468718725e-01 1.471249671723260377e-01 9.181315229218487417e-01
2.471978414751599129e-01 -9.239682033091241031e-01 2.918492529435892657e-01 9.662790367179937556e-01 2.574761158969918196e-01 -3.297414433387607299e-03 -7.209750598577131797e-02 2.828229287315800478e-01 9.564586455327399594e-01
8.545384876662385221e-01 -3.763623871420551659e-01 3.579320139940432299e-01 5.193770166658878695e-01 6.237051854900983461e-01 -5.841569619134949765e-01 -3.389344529585667284e-03 6.850862683907014139e-01 7.284540597773917492e-01
8.644171514547052126e-01 -3.215279370392599700e-01 3.865265501543340698e-01 4.994641354893850083e-01 6.372455280625370921e-01 -5.869017927423116898e-01 -5.760699289821054336e-02 7.003841250824979214e-01 7.114376372540670568e-01
6.296695428376934967e-01 -2.122586797636655254e-01 7.473034990467769534e-01 5.751300427558845296e-01 7.740381299973928542e-01 -2.647459295810872248e-01 -5.222467814569896616e-01 5.964991418058582795e-01 6.094645790221858705e-01
9.209253527847292009e-01 2.401859191953230332e-01 3.069319449301745606e-01 7.574134001500903990e-02 6.622219721528184166e-01 -7.454698578821029598e-01 -3.823084409361801050e-01 7.097695286628820099e-01 5.916649999540429805e-01
7.541278593717110068e-01 -5.269532731181014729e-01 3.919329275138295210e-01 6.443991102507112823e-01 4.786520677685879299e-01 -5.963572626613572458e-01 1.266529053260629090e-01 7.022908556794507096e-01 7.005330795911729469e-01
-2.043408849016566109e-01 -9.547497606251521551e-01 2.160965000730514785e-01 -3.025969024338497904e-01 -1.483352337229425499e-01 -9.415050573808931844e-01 9.309564530068240584e-01 -2.577781081134984942e-01 -2.585933672435905550e-01
7.270994936885063487e-01 -5.288549386676325015e-02 -6.844921115808323409e-01 4.018689952386523268e-01 8.411501041662564626e-01 3.618947539367927679e-01 5.566216281674598587e-01 -5.382096494857411262e-01 6.328528551382556211e-01
7.048126989278942212e-01 -1.424682186221356561e-01 -6.949401888742752220e-01 4.748033651637547647e-01 8.225861041595425860e-01 3.129119135999788304e-01 5.270681396737542102e-01 -5.505042306161342935e-01 6.474135218039445139e-01
6.981629154375508239e-01 -1.098812419376557492e-01 -7.074564694579998925e-01 4.317464706224566906e-01 8.528712533041108435e-01 2.936079194989937302e-01 5.711072829274649321e-01 -5.104279948804862910e-01 6.428839190938709924e-01
5.019980535454863224e-01 -4.337734247636176876e-01 -7.482236097620721393e-01 1.865310755351199945e-01 8.990708919620065132e-01 -3.960778826018355736e-01 8.445141278251387940e-01 5.926337144884995245e-02 5.322440612240415536e-01
4.212445357523035283e-01 8.663390532120968102e-01 -2.683462054481006165e-01 -5.209896548849559661e-01 4.733362616586406779e-01 7.102975171728236337e-01 7.423764682434925710e-01 -1.594033509013864369e-01 6.507439981434548493e-01
8.563313805118144550e-01 -1.800212110495042483e-01 -4.840340177332583815e-01 4.799617728300382136e-01 6.233787279318191432e-01 6.172808584298999923e-01 1.906128625580581770e-01 -7.609147949240947506e-01 6.202220662738838763e-01
8.714731794851916513e-01 -3.222910763482449426e-01 -3.696795362800879836e-01 4.847835246433259693e-01 4.518920889204316449e-01 7.488514366718692639e-01 -7.429287766916076174e-02 -8.318184910648588337e-01 5.500532394688868454e-01
7.442989025342692244e-01 -4.772629559465361715e-01 -4.671608016170203936e-01 6.587206794775632979e-01 6.398733852925966303e-01 3.957892333336137658e-01 1.100282241740722228e-01 -6.023139726715353026e-01 7.906400370647398423e-01
7.831014824165477561e-01 -1.834583474672729364e-01 -5.942180601274105189e-01 5.672426573669525629e-01 6.023912645017748257e-01 5.615697037013583914e-01 2.549271188012052769e-01 -7.768318989308631295e-01 5.757988927596038309e-01
8.227753669391458802e-01 -5.591964015091347440e-01 1.016861843978240088e-01 3.422042647912010849e-01 6.302341103514182974e-01 6.969226695324739485e-01 -4.538027508916921970e-01 -5.386133591815104316e-01 7.099004948542732008e-01
8.142446770434205172e-01 -4.946203081022177428e-01 3.039018866662779317e-01 8.823881438930961107e-02 6.228657378669131273e-01 7.773365964797199767e-01 -5.737765397274664503e-01 -6.061262437845544859e-01 5.508098211306711178e-01
6.286225095539926810e-01 -6.668497560419888170e-01 4.001813880589408789e-01 5.396942974776237634e-01 7.445463425168932226e-01 3.929132335705322054e-01 -5.599676827747962493e-01 -3.101848983199187448e-02 8.279336009224217419e-01
6.895387397683291342e-01 -7.013603652009571254e-01 1.806376607573429716e-01 5.467802288677524603e-01 6.676814835131945625e-01 5.052057183890026337e-01 -4.749396884637385741e-01 -2.495898128906708646e-01 8.438822297116861382e-01
-8.903403261396595214e-01 1.622888164968897817e-01 4.253897550359714841e-01 -2.935280600551116725e-01 5.096250874797698671e-01 -8.087790478069522004e-01 -3.480450855992765491e-01 -8.449524307623930142e-01 -4.061034451207183871e-01
7.447280530902311568e-01 -8.950322564415452709e-02 -6.613390201248717792e-01 -4.347700198193890087e-01 6.867531538149883596e-01 -5.825333772337983884e-01 5.063152741194777429e-01 7.213593267744294879e-01 4.725310200070039213e-01
9.509315171108077003e-01 -2.846073948930670158e-02 3.080896559007773039e-01 2.676821885115733823e-01 5.750453814708142986e-01 -7.730905866732179499e-01 -1.551628039157326444e-01 8.176263177985452213e-01 5.544472100427599859e-01
7.285644186812674228e-01 6.289045616793504934e-01 -2.714275964793024798e-01 -6.387774531929556465e-01 4.807441121686959473e-01 -6.007066371428353424e-01 -2.472999254426661297e-01 6.110353106932829848e-01 7.519831088275955588e-01
8.777842483222090264e-01 3.032504401204585975e-01 -3.708557454916433516e-01 -4.773393345720755576e-01 6.191415166110845192e-01 -6.235470648466036048e-01 4.052126685707767989e-02 7.243638263851076564e-01 6.882260340593219228e-01
3.213205534381548545e-01 3.061804635834010704e-02 -9.464753758949022711e-01 -3.033607242065723963e-01 9.501325724266678208e-01 -7.225209908886230659e-02 8.970648655181305831e-01 3.103395399414671796e-01 3.145854367288112297e-01
8.047104591074477620e-01 -5.719105297897439932e-01 -1.592464219965239458e-01 3.255489182877717713e-01 6.494197741207268226e-01 -6.872203858898873197e-01 4.964463503791143317e-01 5.011709318152822723e-01 7.087797389165827466e-01
8.960931390490379789e-01 -2.021525681971051147e-01 -3.951599996464170705e-01 -1.589582902431187772e-01 6.850669057091837155e-01 -7.109258728341714129e-01 4.144265292090094643e-01 6.998697549354158109e-01 5.817499273866865162e-01
7.080767571924032611e-01 6.551268236194662808e-01 -2.635074019798298584e-01 -2.192702368184347994e-01 -1.507310497000003968e-01 -9.639505764830081924e-01 -6.712286266016060932e-01 7.403303287253637510e-01 3.692066088136606444e-02
6.049688181587912217e-01 7.771793847701539137e-01 -1.732193203538240633e-01 -7.127824439990788630e-01 6.255456936761503162e-01 3.172282658432632463e-01 3.548998683886143146e-01 -6.844551856410367729e-02 9.323954603097522886e-01
6.069658098058038354e-01 7.003389649718009258e-01 -3.756565450900751779e-01 -6.980157727438019988e-01 6.957757146962730843e-01 1.693225792378661165e-01 3.799559010301827300e-01 1.594411771817968171e-01 9.111597139312211935e-01
5.876586152068458135e-01 7.862617428033308320e-01 -1.909183694070351323e-01 -7.811971579782491792e-01 6.128069734013265046e-01 1.191579360236340313e-01 2.106854345698319086e-01 7.912069991206265029e-02 9.743467362831089718e-01
5.544236876238783918e-01 8.158081834295933810e-01 -1.645338337572158638e-01 -8.287257662071008113e-01 5.593244828452932360e-01 -1.922829462794778399e-02 7.634120136593312844e-02 1.470140494617855897e-01 9.861840042481188062e-01
6.395318964453935440e-01 7.639342229564085596e-01 8.604334038696073717e-02 -7.575886211494149425e-01 6.072595900867603369e-01 2.393643067639529276e-01 1.306079420781385281e-01 -2.182665646489351241e-01 9.671097519012337163e-01
4.467549348647947838e-01 3.686503542172742121e-01 8.151729537401440906e-01 -7.728560162949800194e-01 6.180091409401079483e-01 1.440773396170399734e-01 -4.506701745740525067e-01 -6.943785840951232080e-01 5.610122776726415017e-01
7.443385466271211781e-01 3.258518870054968319e-01 5.829070901438598851e-01 -6.328577930638655813e-01 6.228527511277276441e-01 4.599407181050126359e-01 -2.131927338427797580e-01 -7.112489002786425152e-01 6.698312176131115958e-01
9.216655619357657647e-01 -9.343330483399686637e-02 3.765671380901776111e-01 -2.160629485249387360e-01 6.825444844038698333e-01 6.981760731252292240e-01 -3.222567209793136267e-01 -7.248470489404320594e-01 6.088902704313872150e-01
6.255898047768146952e-01 7.645890933541061862e-01 1.550513285439792388e-01 -5.259960203445761540e-01 2.665936859047862151e-01 8.076236705405362981e-01 5.761645448489306487e-01 -5.867975161498609760e-01 5.689491122230340148e-01
5.421485318133961728e-01 5.827615641135722724e-01 6.053626424255809102e-01 -5.384218543851735372e-01 7.940246931704056932e-01 -2.821820216740856813e-01 -6.451177227243178880e-01 -1.729559077555485325e-01 7.442508836403516348e-01
6.892625717945546349e-01 2.310642924465888259e-01 6.866777991746302323e-01 -5.131402755280061179e-01 8.247808894667585378e-01 2.375364014240019250e-01 -5.114725454549819972e-01 -5.160869860077659244e-01 6.870589917315846895e-01
4.953396519333703174e-01 7.921977058780137471e-01 3.564567631903476363e-01 -8.469505998421968940e-01 5.316515645989831063e-01 -4.614681613712834710e-03 -1.931665360497782924e-01 -2.996154346175530780e-01 9.343004231452881614e-01
6.148380956094771088e-01 5.032218059793979181e-01 6.072412454487464695e-01 -3.649975064386496437e-01 8.641146698556878558e-01 -3.465294469937056920e-01 -6.991072424749148473e-01 -8.582035133277078620e-03 7.149653223703174021e-01
6.135667046228059363e-01 3.292622979043751119e-01 7.177201670268440470e-01 -6.427492152780658330e-01 7.362400700461501080e-01 2.117168049963691900e-01 -4.587039843273013062e-01 -5.912164565006378103e-01 6.633654771881699608e-01
6.040548480241045848e-01 7.257475400919382036e-01 3.292540791380972887e-01 -7.389205785743732102e-01 6.647983976353719626e-01 -1.097245144020045360e-01 -2.985198806409543049e-01 -1.770129897830737820e-01 9.378444872739658544e-01
4.563905144906544309e-01 8.877343901181364849e-01 -6.029387103625519218e-02 -8.757830205055540107e-01 4.601506259271101462e-01 1.458269606521977180e-01 1.571998704742614550e-01 -1.374969310456081346e-02 9.874710864943875288e-01
7.620021368457881028e-01 6.471213341102638461e-01 -2.422235293701437836e-02 -5.333498440265663776e-01 6.059403125031808113e-01 -5.902323962308281269e-01 -3.672746755757744230e-01 4.626773353244139075e-01 8.068698755424009716e-01
7.805229401716319293e-01 6.219416224230220891e-01 -6.302823306780941381e-02 -5.184753443936461759e-01 5.877331005493476868e-01 -6.210902670099899270e-01 -3.492381094922505369e-01 5.174537861649768367e-01 7.812005645554855882e-01
7.765776929093269887e-01 6.228768960596967608e-01 9.461215160149902270e-02 -4.429105212028901506e-01 6.465498435497524232e-01 -6.211308799388216562e-01 -4.480595463589760463e-01 4.404516683596834126e-01 7.779749165337915828e-01
6.764497930561875760e-01 7.348030900261285359e-01 -4.980056588327203687e-02 -6.502310243275959412e-01 5.641031539813211593e-01 -5.089078960580305511e-01 -3.458544382773283132e-01 3.766325139394886001e-01 8.593792276797797003e-01
9.538032354989105510e-01 -2.906200796669496378e-01 -7.615351105619254379e-02 2.844543192185382263e-02 3.396996648526724449e-01 -9.401037150770978901e-01 2.990823387540443301e-01 8.945077456307228836e-01 3.322734531256645862e-01
9.710539337131446347e-01 -2.377929611936066556e-01 -2.255582911364238663e-02 7.184125189756367103e-02 3.808143267713905988e-01 -9.218564329934696433e-01 2.278005538755749071e-01 8.935518765759651316e-01 3.868745940502592573e-01
5.569599254061197158e-01 -7.320791774551124176e-01 3.922444638592817445e-01 8.093128754029554894e-01 5.844763296266465291e-01 -5.831028908489403056e-02 -1.865698560824056995e-01 3.499249891659779177e-01 9.180109970793272067e-01
3.515980087308949176e-01 -9.246478216867309863e-01 1.463053181072143383e-01 9.296526954995260050e-01 3.632494435795734500e-01 6.160931333488534056e-02 -1.101122427658951103e-01 1.143514214564637921e-01 9.873191208540179620e-01
6.374342331106922499e-01 -5.591609861270773196e-01 5.301099792042951453e-01 3.938410294427516778e-01 8.277862511061229167e-01 3.995737303766909165e-01 -6.622437934673737203e-01 -4.592291446614913536e-02 7.478798325539186553e-01
7.137307179515542943e-01 -5.200510423213893230e-01 4.691858646984106151e-01 1.316674228367605282e-01 7.575400245716263914e-01 6.393721928075584149e-01 -6.879332467731767986e-01 -3.945630805745214964e-01 6.091533661005733569e-01
6.374548229819244627e-01 -2.990958317980008663e-01 7.100655125114481159e-01 9.593486789011963778e-02 9.452185639677871398e-01 3.120230239158314767e-01 -7.644918899373549515e-01 -1.307805403404353195e-01 6.312278514833413734e-01
5.788062011368808601e-01 -6.531915709896392030e-01 4.881845482126404567e-01 4.431228171018897211e-01 7.544921986453066998e-01 4.841318943707970113e-01 -6.845623057758718488e-01 -6.389283036036420838e-02 7.261488523294407083e-01
6.117775131791061138e-01 -6.259207873965230151e-01 4.836852719210143481e-01 3.921395722800450345e-01 7.710160624067393664e-01 5.017576978610597260e-01 -6.869896871281345740e-01 -1.172919409666486196e-01 7.171385991312030361e-01
9.235826739465413660e-01 -2.584070484805897072e-01 -2.832328400473839713e-01 3.738922548915722954e-01 4.435574573673541354e-01 8.145313767718858067e-01 -8.485061059210205481e-02 -8.581856321969962842e-01 5.062783765605533004e-01
4.830997885458532815e-01 1.869254759751185213e-01 8.553791327466591099e-01 -6.134690826355390092e-01 7.693144281544027629e-01 1.783563715816579576e-01 -6.247161587131088156e-01 -6.109125772685805034e-01 4.863286378343334992e-01
2.344079925120314545e-01 -9.229409700946351602e-01 3.053405619423230632e-01 8.831813429045989317e-01 3.334394847568835085e-01 3.298618279678534604e-01 -4.062555951512656360e-01 1.923488386391719041e-01 8.932851256359601866e-01
9.635165853970137917e-01 -1.647140173976752164e-01 -2.109622765747412587e-01 2.673692650181899166e-01 5.563365910297641825e-01 7.867676109277846885e-01 -1.222562016881667546e-02 -8.144684708164579012e-01 5.800789982902231356e-01
8.400808873455219983e-01 9.572361346179530939e-02 -5.339485860479240564e-01 4.268759679779965954e-01 4.907109259071439911e-01 7.595917950835184840e-01 3.347252764277131032e-01 -8.660483687538302888e-01 3.713747599113605968e-01
9.602511926171299894e-01 2.181901943635394248e-01 -1.740996443447845321e-01 1.479638663637652257e-02 5.830423227800904939e-01 8.123070335714838164e-01 2.787448905718029613e-01 -7.825948434092815376e-01 5.566386593197745203e-01
3.012093695464692633e-01 9.056774864611543130e-01 -2.983642173834256117e-01 -8.470835685073959676e-01 3.978181282841323774e-01 3.524062496229108943e-01 4.378611008781144176e-01 1.465913617029158678e-01 8.870110647629433354e-01
6.830772592758905803e-01 4.450632774653511259e-01 5.790717890831306169e-01 -6.626250829132436238e-01 7.110933071474470069e-01 2.351048872829401559e-01 -3.071375218926449269e-01 -5.443022943015276560e-01 7.806417584678251309e-01
8.098118980396444844e-01 5.444486314988030706e-01 2.185872307627068634e-01 -5.445851749266319430e-01 5.589760207455067853e-01 6.252781744804856157e-01 2.182468259644523845e-01 -6.253970705804429153e-01 7.491640855419076095e-01
7.899460760314989116e-01 5.702218011261986907e-01 2.254601838082089249e-01 -5.797549259141437927e-01 5.748338706714013480e-01 5.774515105246675883e-01 1.996732902536616228e-01 -5.868672069977404204e-01 7.846766585734205046e-01
7.899460760314650498e-01 5.702218011262398800e-01 2.254601838082231080e-01 -5.797549259141843159e-01 5.748338706713707058e-01 5.774515105246577074e-01 1.996732902536784982e-01 -5.868672069977303174e-01 7.846766585734237243e-01
7.690527964109570291e-01 5.946137321018897248e-01 -2.345043836015638927e-01 -3.354278884704559593e-01 6.877403412916341940e-01 6.438177961165084673e-01 5.441010273549744536e-01 -4.164705662540017506e-01 7.283586612894313861e-01
7.385171720220111702e-01 6.557951552818018781e-01 -1.566049199020537464e-01 -4.732814268209328823e-01 6.696554378007282260e-01 5.723340682243693855e-01 4.802052453430233903e-01 -3.485603375784921965e-01 8.049277069477818181e-01
8.932488006498846556e-01 4.492136934763376055e-01 -1.770982018230468288e-02 -2.572720640306126461e-01 5.430895190601041644e-01 7.992902222325086736e-01 3.686701306140366952e-01 -7.094087903884556123e-01 6.006841956574330288e-01
8.597844471614598527e-01 2.661859520544785362e-01 4.357932346286641501e-01 -4.984525764582133922e-01 2.520007535492932438e-01 8.294821572720882941e-01 1.109762742275663544e-01 -9.303981186241936374e-01 3.493474021931876616e-01
4.976989985152882601e-01 -7.229698222959808351e-01 -4.791767345418568302e-01 8.645512597971257707e-01 4.578570380391270844e-01 2.071667248890131929e-01 6.961915009594545067e-02 -5.173795210165893499e-01 8.529194599565440571e-01
6.661973283139271951e-01 2.546323630009211247e-01 -7.009589713099854125e-01 1.545092947258940030e-01 8.723875752473020384e-01 4.637529475889504149e-01 7.295944062221780824e-01 -4.172556509703614913e-01 5.418392050623576095e-01
9.607122933466860637e-01 -1.627674879385955509e-01 -2.248079942589018554e-01 2.772579652727942823e-01 5.259219534665392493e-01 8.040734540791215634e-01 -1.264555674303197846e-02 -8.348130591528252209e-01 5.503882685546269693e-01
9.666673499372107070e-01 -1.559692192730437188e-01 -2.030463917550065778e-01 2.549074426206675570e-01 5.119051715275823033e-01 8.203507122322182266e-01 -2.400896211754105156e-02 -8.447642854682445579e-01 5.345997303921550259e-01
7.586198021811119130e-01 -6.368453781084945087e-01 -1.375643853638698622e-01 6.010536543217557259e-01 6.025773210031549754e-01 5.250095969019273889e-01 -2.514567564515898246e-01 -4.809662530724058693e-01 8.399053298082685970e-01
7.944493346343706186e-01 -5.000773531233748681e-01 -3.446344376177832292e-01 6.059891444373600722e-01 6.150141158548017017e-01 5.045144141879525090e-01 -4.034118891508343963e-02 -6.096558686607193023e-01 7.916390025033263056e-01
8.701726087087754413e-01 -4.906531295173092722e-01 -4.537772083121082572e-02 3.719499769302790360e-01 5.936558679452849097e-01 7.136006762298476858e-01 -3.231916547724113520e-01 -6.378340042275904009e-01 6.990814954899529088e-01
9.747938021572010170e-01 -1.625838338028224028e-01 1.527859295284886010e-01 -8.638164026257300065e-02 3.563658200820186139e-01 9.303448900826070123e-01 -2.057067220619090420e-01 -9.200923319228603292e-01 3.333389344725545267e-01
4.537195093545852154e-01 -2.529784103085093716e-01 8.544826099744884385e-01 3.110182576527765752e-01 9.435188867819368497e-01 1.141917409115280752e-01 -8.351085260238130248e-01 2.139486718901380258e-01 5.067738307754067195e-01
6.032266998740347663e-01 -7.975669740130212348e-01 2.114361084168586095e-03 7.235504779422420318e-01 5.483570022058950055e-01 4.192604250359404094e-01 -3.355476932250235356e-01 -2.513792356092229840e-01 9.078635500315498374e-01
6.145507144125748056e-01 -1.688414648703654153e-01 7.705971575054135769e-01 -5.323219929763174374e-01 6.321585919275625187e-01 5.630353545257019698e-01 -5.822033280639293817e-01 -7.562195940284744955e-01 2.986154892142970918e-01
6.067808567903860695e-01 -1.477386599164974279e-01 7.810187451007835069e-01 4.951955908787888244e-02 9.876926503050443840e-01 1.483611869767137159e-01 -7.933251572340733748e-01 -5.134702425140972443e-02 6.066289458969610360e-01
5.942235839745185766e-01 6.783986492825944126e-01 4.320574092641278341e-01 1.951457640019710338e-02 5.248656390542951744e-01 -8.509613635459881698e-01 -8.040631278428328477e-01 5.140927285924961065e-01 2.986488788727035271e-01
7.311191920073419892e-01 4.454998607295321822e-01 5.167152031520834132e-01 1.439515304727972955e-01 6.395874649607956597e-01 -7.551197464902916767e-01 -6.668903087862879664e-01 6.264644832350758641e-01 4.034842838227268302e-01
9.798903966505776442e-01 -1.618039804150503969e-01 -1.167659302785685888e-01 5.860904857171394741e-03 6.082726026875755476e-01 -7.937065519535152491e-01 1.994503957033645913e-01 7.770610740099705982e-01 5.969887996539319230e-01
9.723077808182670756e-01 -1.520106051051067220e-01 -1.775115638369401116e-01 -4.975709296816600846e-02 6.074943316602147148e-01 -7.927640687493767713e-01 2.283458146312605797e-01 7.796431317829257690e-01 5.831078596658575419e-01
9.495572776090572820e-01 7.149092483989592794e-02 -3.053359202668629035e-01 -2.965005594653000176e-01 5.217419723452593194e-01 -7.999204538765356531e-01 1.021195122219050455e-01 8.501025596707817433e-01 5.166209860862653880e-01
5.443297061988530139e-01 -4.118762744460882641e-01 -7.307962133850183228e-01 1.253878200587932312e-01 9.013271298656381214e-01 -4.145929323433715785e-01 8.294474459122617160e-01 1.340423049510203191e-01 5.422633999755503975e-01
6.118074081316808854e-01 -4.655427757879437300e-01 -6.395010705752190994e-01 1.606784304716413203e-01 8.647522098042107475e-01 -4.758004388605630020e-01 7.745154209803474243e-01 1.883442049822370290e-01 6.038644906874757190e-01
6.418358830639396828e-01 -5.791806129020724558e-01 -5.025898097354467575e-01 3.836213881352385502e-01 8.100055235646722585e-01 -4.435376898978417581e-01 6.639889530532309125e-01 9.187420439438366560e-02 7.420766812063114282e-01
5.811306835677051419e-01 -5.749090529204990974e-01 -5.759919352614117916e-01 6.434095404055928391e-01 7.579537634990789474e-01 -1.073790282720331196e-01 4.983084305239028899e-01 -3.081974582433104626e-01 8.103721582095274600e-01
6.352605020025963167e-01 -7.603147815096312767e-01 1.355194731888048343e-01 6.958426238065493763e-01 4.873668166104332955e-01 -5.275193161970748168e-01 3.350330393997382195e-01 4.294124114239992185e-01 8.386643210639161961e-01
4.473672125993641280e-01 -1.328295880438065957e-01 -8.844313866158234338e-01 -2.808895294229191708e-01 9.180020597735424337e-01 -2.799523004229553802e-01 8.490957833787932119e-01 3.736689962943759435e-01 3.733735821622994333e-01
6.141719404596349685e-01 -3.265353984932483078e-01 -7.184479529394611763e-01 4.195063595276222745e-01 9.061894740148493943e-01 -5.324520166711682601e-02 6.684364157254809591e-01 -2.686917764196480873e-01 6.935398239586000324e-01
5.876667077063296718e-01 -4.614870375300371697e-01 -6.645882596355083827e-01 3.344658095070151549e-01 8.864821912269822413e-01 -3.198154888497821147e-01 7.367363591709186199e-01 -3.433713484200668492e-02 6.753077063431316418e-01
3.454853119206964251e-01 7.359337205568035056e-01 -5.822726665356017239e-01 -2.347478535973820390e-01 6.685274976403907665e-01 7.056659479740393648e-01 9.085886552662220117e-01 -1.071099614699681790e-01 4.037252923404982541e-01
8.841685448965150851e-01 -2.674096482967316390e-01 -3.830640471427691485e-01 4.634148672653373713e-01 6.057666426926288095e-01 6.467560864795559583e-01 5.909860415465762601e-02 -7.493589624463828924e-01 6.595214176872892242e-01
5.571689983164096471e-01 -1.646065557796611012e-01 -8.139209968476340817e-01 4.424984179408631424e-01 8.882562615363281955e-01 1.232719106744909754e-01 7.026790572052949990e-01 -4.288420404249843054e-01 5.677469920036692930e-01
5.389624155930087257e-01 -1.884100526747476689e-01 -8.209879211226240869e-01 4.540378536208173887e-01 8.859297086892321538e-01 9.475325187672213600e-02 7.094851246203477402e-01 -4.238280350719040857e-01 5.630281117577866645e-01
6.172509828626921990e-01 2.834690253021054929e-01 -7.339254293518620020e-01 -1.430894037740656766e-01 9.577272499224521729e-01 2.495675004554061827e-01 7.736450392024906142e-01 -4.902883284610185660e-02 6.317195001479106731e-01
4.690819881918451562e-01 2.342379901911068318e-01 -8.515248982297680680e-01 -6.308048245840032209e-01 7.636758336482225573e-01 -1.374208658946572403e-01 6.180997990903497330e-01 6.016076670496505185e-01 5.059850326951835786e-01
6.350473517300264659e-01 7.394959408992525240e-01 2.232949046758775369e-01 -7.147360819036815416e-01 4.528434256144706627e-01 5.329964025232490910e-01 2.930310466241658474e-01 -4.980748791811132059e-01 8.161214495668310809e-01
7.026395487669382378e-01 3.475609160264427899e-01 -6.208857174709799809e-01 6.955194949938894866e-02 8.348603004430279473e-01 5.460501854820779544e-01 7.081385392911672128e-01 -4.268602679976637448e-01 5.624323255072869454e-01
6.704162074697423979e-01 1.620675746946434737e-01 -7.240692024899856305e-01 4.693376463681059874e-01 6.631968576458888709e-01 5.830026601228037730e-01 5.746862469761515602e-01 -7.306873676485826641e-01 3.685535080490363047e-01
7.170413220176836688e-01 -4.613079016449574410e-01 -5.225387664078700034e-01 -3.413284795207203737e-01 4.212470249290333202e-01 -8.402653230120303851e-01 6.077389337431043925e-01 7.808623206867933986e-01 1.445939989917629787e-01
6.850618201934459695e-01 4.115853704821340053e-01 -6.010721964276233287e-01 -6.326813030777689306e-01 7.451585747343658639e-01 -2.108389604310943743e-01 3.611158695613626013e-01 5.247248624802648420e-01 7.708820580646614795e-01
6.724280807919154057e-01 6.233454599815582142e-01 -3.991001298958464782e-01 -7.340199761975574333e-01 6.309244090197967392e-01 -2.512947764000637019e-01 9.515855560820075942e-02 4.619251320543193984e-01 8.817993091804736672e-01
5.017185932737978638e-01 6.087102787490339395e-01 -6.146139029574869683e-01 -5.142951173578820256e-01 7.812015671741193712e-01 3.538709421618879136e-01 6.955422240419368851e-01 1.385492980493707449e-01 7.050000755920688977e-01
6.915424005065333724e-01 1.616365865830868831e-01 -7.040189785648039988e-01 -4.577958610915178195e-01 8.519791000545794413e-01 -2.540758993640769847e-01 5.587414946727486953e-01 4.980012318739353017e-01 6.631762323718377594e-01
6.858306839278921485e-01 7.745435831861051564e-03 -7.277199194791728054e-01 -3.575450140797442611e-01 8.745302599534595656e-01 -3.276558977531914829e-01 6.338752526244536556e-01 4.849090973053700182e-01 6.025490282630752148e-01
3.636104876082075776e-01 -1.589962997956649304e-01 -9.178821220356178090e-01 -1.906878654830245629e-02 9.838498341357976296e-01 -1.779772043002668114e-01 9.313558904526759719e-01 8.221727630036571033e-02 3.547062514205979178e-01
8.307072546351057518e-01 -5.150778883639434147e-01 -2.112350018703027243e-01 2.425524747945223547e-01 6.763929151042948895e-01 -6.954573469076064107e-01 5.010925603794755823e-01 5.264858908985645680e-01 6.868179180955360508e-01
8.447680853143184621e-01 -4.573456658796144492e-01 -2.778521620133853620e-01 1.518822827800287711e-01 7.027807838897999204e-01 -6.950042747874043414e-01 5.131263530670665540e-01 5.449166098554626414e-01 6.631494809556301995e-01
5.217322237342967295e-01 -7.695649397912635026e-01 -3.681919202825271187e-01 5.450674658157883545e-01 6.327099976247132496e-01 -5.500722830818601805e-01 6.562750524181307776e-01 8.630099854465463072e-02 7.495700055523669691e-01
7.866894387973735192e-01 -3.349416815913797696e-01 5.185882729270034908e-01 6.025525786808230144e-01 5.993978674239884841e-01 -5.269274963907893961e-01 -1.343507231456687046e-01 7.270049975483756644e-01 6.733599458906969204e-01
8.999199252343669242e-01 -2.762542527606596243e-01 -3.373836332690445805e-01 -1.115282812010134350e-01 6.021635298476011311e-01 -7.905444489804638319e-01 4.215513855492817319e-01 7.490545181447922918e-01 5.110887967744488503e-01
8.228795134295217029e-01 -5.383051456476575236e-01 -1.819254697595911463e-01 2.918762907815758978e-01 6.751407969880006688e-01 -6.774903210541065590e-01 4.875218325958157739e-01 5.043931744300883535e-01 7.126780397421796920e-01
2.955083478855019541e-01 -5.946847643098003289e-01 -7.476796422451119639e-01 6.578822497548177939e-01 6.941658581644150061e-01 -2.921039315319139407e-01 6.927234381681630637e-01 -4.055660149182357399e-01 5.963643565437328764e-01
5.917088367709257835e-01 -7.770038306203242984e-01 2.148155015089471265e-01 7.951102792664286323e-01 6.064549828865478664e-01 3.463746084709441904e-03 -1.329672752674890823e-01 1.687524842288835591e-01 9.766485052333415684e-01
6.710526688787109562e-01 -7.412679959994757928e-01 1.449391933469927271e-02 6.561577215015320652e-01 5.846759141322320774e-01 -4.770860718440196324e-01 3.451743908587041054e-01 3.296601788820729961e-01 8.787370518845567524e-01
7.213497021645208784e-01 -6.819363858130820244e-01 1.209023278987991779e-01 5.750815836363412092e-01 4.925047361117058098e-01 -6.532382850613220882e-01 3.859219860923648326e-01 5.407419445648087297e-01 7.474372014014248888e-01
4.941709169777112054e-01 -3.314916179167914367e-01 -8.036842738689840004e-01 3.123075126427506398e-01 9.304303681809509285e-01 -1.917377049866771932e-01 8.113316968788452099e-01 -1.562454390296494910e-01 5.633189508814042679e-01
6.108555391526463429e-01 -6.231113416186653264e-01 -4.884544668981100068e-01 6.702176613506136693e-01 7.354008616442172519e-01 -9.996929081801544936e-02 4.215018347531170884e-01 -2.663040154393655490e-01 8.668439159737041377e-01
6.017346895151953756e-01 -6.290380697143653776e-01 -4.921650843813250020e-01 6.013623072660780888e-01 7.623534574786441365e-01 -2.391246145213331009e-01 5.256222396680628739e-01 -1.520799550249224141e-01 8.370143059983783385e-01
5.499566914337167267e-01 -7.993008375369913265e-01 2.422102571319883768e-01 6.109555720022254999e-01 1.872791285755895652e-01 -7.691942648248237813e-01 5.694566942153838074e-01 5.710032391437304122e-01 5.913327103252913330e-01
-7.643947006120102583e-02 7.786960120651650330e-01 -6.227274911312099537e-01 -7.862836058728357447e-01 3.369730383285960418e-01 5.178873068295898330e-01 6.131191552645978149e-01 5.292274484882685259e-01 5.865178677706446297e-01
7.764271400822777558e-01 4.256125342250679372e-02 -6.287681892802469141e-01 3.450161821314944310e-01 8.062110945055254163e-01 4.806115949117441555e-01 5.273753219587191676e-01 -5.900950862389113816e-01 6.112798532469636559e-01
6.945731331234646921e-01 5.154013825745561855e-02 -7.175735341353222108e-01 2.744120868607222707e-01 9.030406678948817989e-01 3.304777734019475610e-01 6.650309536614048556e-01 -4.264518334775546649e-01 6.130845491413355886e-01
7.599286899528239214e-01 2.145175397421497376e-01 -6.135883076864816488e-01 1.809344182189478456e-01 8.368537955776628179e-01 5.166608763309163965e-01 6.243165242810381210e-01 -5.036446663772334853e-01 5.971356023043754568e-01
7.310533667536167624e-01 3.583337764088706523e-01 -5.806529769516035611e-01 4.941717515995520948e-02 8.209568453691954426e-01 5.688477835420204798e-01 6.805284106908486841e-01 -4.445523171978936205e-01 5.824554227720533106e-01
8.639961144725679665e-01 2.090875642940479839e-01 -4.580317725157150299e-01 1.647296286838323409e-01 7.422478557676007727e-01 6.495631378411846901e-01 4.757886753696352056e-01 -6.366714310113039677e-01 6.068563465302365678e-01
9.487504894071777661e-01 2.369681300558279524e-01 -2.090899667307950238e-01 1.590538624061767214e-02 6.249792156526173814e-01 7.804793390543891540e-01 3.156256129311713621e-01 -7.438058115799334180e-01 5.891802670844799028e-01
8.637150619364434290e-01 5.020660282830312626e-01 4.388615987106097432e-02 -3.166586389578381344e-01 4.728800221621617395e-01 8.222601723379791006e-01 3.920760106886104768e-01 -7.240954273326245527e-01 5.674171428133703010e-01
7.671594093829339212e-01 -5.758087491170097438e-01 2.826848510895708655e-01 1.807148666025355510e-01 6.168515546591158971e-01 7.660524110682374044e-01 -6.154742704484534865e-01 -5.365989600762718359e-01 5.772806756344850410e-01
8.028907747784167492e-01 -1.812206591036502334e-01 -5.679132649355467244e-01 5.335570125389232921e-01 6.433362131958142438e-01 5.490313571749876331e-01 2.658633448714830538e-01 -7.438263167601077974e-01 6.132202641374783214e-01
9.619770894630916835e-01 1.671860591810254426e-01 2.159835664203123007e-01 -2.722819878634215041e-01 5.247378671729249211e-01 8.065436688983143032e-01 2.150810157271853401e-02 -8.346849659424379064e-01 5.503075587309418371e-01
9.131595996917165614e-01 -4.014107152306942705e-01 7.077417035081673413e-02 2.161477981307678986e-01 6.240955778557877309e-01 7.508560708045660670e-01 -3.455715191593265456e-01 -6.703537479561318957e-01 6.566629102873728918e-01
7.826277556907930144e-01 -5.665887860187144298e-01 2.578195950276700454e-01 2.259071841936867719e-01 6.444548030334656952e-01 7.305093777473201655e-01 -5.800514978448654269e-01 -5.134736160748054612e-01 6.323646933874403908e-01
7.083287892674422492e-01 -5.555398849847185128e-01 4.354833664861213482e-01 6.039183430364120087e-02 6.623664326401449420e-01 7.467419469006747468e-01 -7.032944992279984708e-01 -5.026391798325458016e-01 5.027232859664495512e-01
6.264080612847205964e-01 -7.008892172652778640e-01 3.411264367925538332e-01 6.088484604216395368e-01 7.132016633705828834e-01 3.473426832504656336e-01 -4.867406835263695108e-01 -9.883950966091015200e-03 8.734905921150968311e-01
5.630368567444319350e-01 -6.179006189456586196e-01 5.488062709681095219e-01 6.705637488738893648e-01 7.297162489731068291e-01 1.336355292608008838e-01 -4.830463297071468931e-01 2.927678621214952481e-01 8.251988986088526490e-01
5.705552045880508683e-01 -6.332875568204946459e-01 5.228896909423788042e-01 6.786565954794450128e-01 7.221176624179632686e-01 1.340571036397012750e-01 -4.624845769641801052e-01 2.783755592726226968e-01 8.417927678888184051e-01
6.623428832712964232e-01 -6.923797643687591430e-01 2.862030168822956577e-01 7.490406917082033100e-01 6.040801258265174889e-01 -2.720758051476009909e-01 1.549022740835019271e-02 3.945851789843107249e-01 9.187287898943610198e-01
6.191933707757218963e-01 -7.530749567841685810e-01 2.224357863562480830e-01 7.804716414967522997e-01 6.213916858005157362e-01 -6.882143297954962380e-02 -8.639205059937356268e-02 2.162185983733045380e-01 9.725152601942650410e-01
5.790277034777064902e-01 -2.191350563727829104e-01 7.853067844313015300e-01 6.939029414657006400e-01 6.381501025237263924e-01 -3.335613204108147101e-01 -4.280486262454091251e-01 7.380679329963163449e-01 5.215650485337023357e-01
7.577093617939705261e-01 -3.246244305635677674e-01 5.661232216850436982e-01 6.244947741378201744e-01 6.124942590228107386e-01 -4.846205316932528095e-01 -1.894275590412516364e-01 7.207425072419257894e-01 6.668188945510584720e-01
8.052663983304314543e-01 2.787090650835975514e-01 -5.233233080612424981e-01 -5.923876382330458545e-01 3.410401700338126507e-01 -7.299099180665942210e-01 -2.495824089572236046e-02 8.977821893218508320e-01 4.397319942281388006e-01
7.679658523866428332e-01 -4.670723219338796528e-01 -4.382600776380980445e-01 1.219778783870163474e-01 7.783883992246312111e-01 -6.158188833875740675e-01 6.287685160313448707e-01 4.194698392445047053e-01 6.547482013812103707e-01
8.961198096633224974e-01 -3.916633127839291850e-01 -2.087322115728398597e-01 1.131843791074441108e-01 6.564468205587132843e-01 -7.458330028259805289e-01 4.291370213055885063e-01 6.447305027664465005e-01 6.325851687697809922e-01
8.950971247430687949e-01 -4.418766370233043195e-01 -5.954976851060127252e-02 2.396378615769312881e-01 5.893969721248850657e-01 -7.714822775338739946e-01 3.759984475706338869e-01 6.762811892275230052e-01 6.334579074583256419e-01
1.575215398137409517e-01 8.245760433294205827e-01 -5.433795296677135234e-01 -9.083797170779440711e-01 -9.483847581277836392e-02 -4.072492518187154631e-01 -3.873412630950934799e-01 5.577454726599820889e-01 7.340890502052125344e-01
5.087445624953769174e-01 1.220907233542790349e-01 -8.522164193455887826e-01 3.939968907224726258e-01 8.471292551419514760e-01 3.565648260606568143e-01 7.654707180764078744e-01 -5.171710358802700247e-01 3.828690368965829705e-01
7.950965139728842779e-01 -3.949725705005187604e-01 -4.602371149965851505e-01 -1.306847216026735259e-01 6.294585642178354146e-01 -7.659656777378819337e-01 5.922356262568125862e-01 6.691625994368139985e-01 4.488634296834250748e-01
6.623938760098224687e-01 2.722772249292568225e-01 -6.979251147576699399e-01 -5.161894153838226806e-01 8.410533602178361656e-01 -1.617953420590166058e-01 5.429390762050484431e-01 4.674338007152560870e-01 6.976552167643406133e-01
4.370300629050279384e-01 7.575964995388732026e-01 -4.848218930738103505e-01 -8.916427241812607818e-01 4.357649857955411821e-01 -1.228093219964668664e-01 1.182284928934107388e-01 4.859592792004880923e-01 8.659478058330621897e-01
7.203205356147216465e-01 4.607670888514738827e-01 -5.184901308637017703e-01 4.278170806297908885e-02 7.165553445865356919e-01 6.962170377114347275e-01 6.923207720608524074e-01 -5.236813229205422582e-01 4.964371265298923031e-01
6.130297727675276809e-01 1.969883556786925227e-01 -7.651078913640860790e-01 -9.861539253055680299e-02 9.799226813225317967e-01 1.732816868157273926e-01 7.838810509615841138e-01 -3.077541805832328947e-02 6.201478626801013583e-01
6.030627288322789603e-01 1.063474094932456426e-01 -7.905729400804462070e-01 -4.347920392710245135e-02 9.939822034386857075e-01 1.005432149527791807e-01 7.965079434125126312e-01 -2.626038349398672131e-02 6.040575207209312181e-01
1.692931653739364606e-01 7.509533808868992244e-01 -6.382858637728150430e-01 -9.845391430056387172e-01 1.584109301179955076e-01 -7.475729468670147537e-02 4.497221417048306163e-02 6.410733163638048238e-01 7.661608858450797976e-01
8.718402814627219666e-01 -4.892626501905206204e-01 2.272845677888655352e-02 -1.213087847390916657e-01 -1.707417301155274014e-01 9.778197381635742591e-01 -4.745299804692281187e-01 -8.552597972111775082e-01 -2.082113755541930289e-01
7.292542387832112727e-01 -2.955104630539217569e-01 -6.171400339002290902e-01 5.731729172164192754e-01 7.564329585757596508e-01 3.150904412227429341e-01 3.737125395090977742e-01 -5.835089934233916864e-01 7.210105355732890908e-01
7.292542387832006145e-01 -2.955104630539108213e-01 -6.171400339002470758e-01 5.731729172164301556e-01 7.564329585757455510e-01 3.150904412227572560e-01 3.737125395091018820e-01 -5.835089934234157782e-01 7.210105355732678856e-01
7.244515417639871835e-01 -4.031169592092404552e-01 -5.591660583705679866e-01 6.302395422208475484e-01 7.159311220247592811e-01 3.004009785896606943e-01 2.792276545348584826e-01 -5.700345127395927136e-01 7.727176529811498051e-01
7.827832630322665297e-01 -5.266184324123438509e-01 -3.315469646371738688e-01 6.061106241195863831e-01 5.244890082725782721e-01 5.979474822512532706e-01 -1.409974270897279280e-01 -6.690174189397560811e-01 7.297502440624900055e-01
5.830705029262215344e-01 -7.752196685905692330e-01 -2.430293275464734670e-01 7.891567681311566496e-01 6.115139023630857817e-01 -5.729173177220543700e-02 1.930294897940496024e-01 -1.583831198297292187e-01 9.683255668538606198e-01
6.444011960566696784e-01 -3.004423376776173549e-01 -7.031937857031602679e-01 6.167520624251120465e-01 7.478391694199623130e-01 2.456694327254238808e-01 4.520663579775697771e-01 -5.920058938997729836e-01 6.672068866347427019e-01
3.861415715605256982e-01 -1.036264694696556049e-01 -9.166003717749747759e-01 5.028119416734160296e-01 8.567163556439407746e-01 1.149662441013619973e-01 7.733529841045269082e-01 -5.052708588444611015e-01 3.829184262727560184e-01
9.439583279454927256e-01 2.340790616550489089e-01 -2.327008121967804322e-01 2.611537176813637229e-02 6.498375858187928067e-01 7.596243146546950431e-01 3.290298808007587339e-01 -7.231307661494530414e-01 6.073065392273850893e-01
8.040594224131052403e-01 5.938388748626770575e-01 2.904885420345044988e-02 -3.943683945802977098e-01 4.961379262111846322e-01 7.735119440131639212e-01 4.449292242423082966e-01 -6.334055169294745546e-01 6.331156581055651378e-01
9.561940253552783098e-01 -1.150704008270693607e-01 2.691686993845436304e-01 -1.371269612149698391e-01 6.363055054323448756e-01 7.591518295205754718e-01 -2.586294306199845572e-01 -7.628067295258912361e-01 5.926522682038741774e-01
9.852791762816570653e-01 -7.360464787582118862e-02 1.542961457613754028e-01 -7.596210978169745665e-02 6.200691333122357873e-01 7.808610809810706543e-01 -1.531492822812192400e-01 -7.810868234226520102e-01 6.053500405651743854e-01
5.772776110615464029e-01 3.372780108016338318e-01 7.436357328670851752e-01 -7.873734223711701397e-01 4.711898556501116220e-01 3.975213373844704856e-01 -2.163184077016674645e-01 -8.149991799763482980e-01 5.375710958815542728e-01
7.122452928587000853e-01 -1.714461668925400806e-01 6.806708857138521473e-01 -1.870854286665985244e-01 8.882677301570717221e-01 4.194990845547090785e-01 -6.765394926988813618e-01 -4.261298527672746639e-01 6.005894299763201438e-01
8.404753841463510344e-01 -1.520083062009863206e-01 5.200909569392174747e-01 -3.199575622423763144e-01 6.354078259872056877e-01 7.027688475154039160e-01 -4.372965664259894081e-01 -7.570669518081741822e-01 4.854084295435341923e-01
3.028308635512377278e-01 9.034724432848725284e-01 3.033661357265750036e-01 -6.161985689701399149e-01 4.284430368590419480e-01 -6.608599607830342171e-01 -7.270438719086791401e-01 1.319501390164657707e-02 6.864642014906326972e-01
6.490809902695687805e-01 3.816505396375672460e-02 7.597613419532607271e-01 2.134628417703854086e-01 9.494764494753500372e-01 -2.300610507560858498e-01 -7.301557938234740641e-01 3.115090697678423171e-01 6.081402931876708218e-01
6.309346787459055861e-01 8.999868386481403582e-02 7.705982533450245198e-01 9.972871634329361079e-02 9.756007472121149826e-01 -1.955949006893634989e-01 -7.693995153964681144e-01 2.002583804532643286e-01 6.065648908121173966e-01
4.803761582293358812e-01 -4.162612444498806630e-01 7.719879033857078854e-01 -2.701182095216650980e-01 7.671963738600813265e-01 5.817610134933006716e-01 -8.344308835905070998e-01 -4.879921109044478289e-01 2.561031046383212550e-01
-4.184261400408467724e-01 -7.899314289365593211e-01 -4.482498219840846954e-01 -3.909636118815010830e-01 -2.888153426832511528e-01 8.739182753640797330e-01 -8.197969379761606001e-01 5.409196200998831472e-01 -1.879865555722251003e-01
2.607367872575752088e-01 -9.418584343614131438e-01 -2.119410705664797889e-01 7.520121264545290840e-01 6.048231253632892906e-02 6.563685333222453178e-01 -6.053875530897011581e-01 -3.305216777951566764e-01 7.240589278998906808e-01
6.888271669413523757e-01 -5.886579904819581044e-01 4.230826211572552009e-01 7.134624086919296726e-01 6.538785162034941312e-01 -2.518219161054633948e-01 -1.284076534598327657e-01 4.753153230112197036e-01 8.703946336252766924e-01
6.417105452475118099e-01 -7.112456308393161342e-01 2.869446440171427581e-01 7.668269806328250615e-01 6.016282486076677261e-01 -2.236511396143905372e-01 -1.356310774441527901e-02 3.635561897276042287e-01 9.314735310351334174e-01
6.110813514273671920e-01 -6.101424209380581498e-01 5.042874260870957581e-01 6.934592665423926494e-01 7.198443577476202337e-01 3.063243812371115038e-02 -3.816986083079024206e-01 3.309838769347557830e-01 8.629923786598865387e-01
7.660286650713447054e-01 -4.263126530226226119e-01 4.811004117248569023e-01 6.372955543387368582e-01 6.014717496515684658e-01 -4.817531637583329918e-01 -8.399083705438269154e-02 6.756398865104797924e-01 7.324317599933867218e-01
6.903169187543373164e-01 -6.618797474044345597e-01 2.921947153138806375e-01 7.231070195014095425e-01 6.177383039930087749e-01 -3.090560242539033831e-01 2.405805539327566037e-02 4.246346520901034260e-01 9.050450940229503027e-01
4.723275507036500120e-01 -3.220756123915521352e-01 8.204718061876945523e-01 6.680023891715973772e-01 7.380939866240838754e-01 -9.481600587666834390e-02 -5.750473831844893358e-01 5.928613386045453737e-01 5.637694034627084294e-01
9.579241850281572379e-01 -9.007325606176959376e-02 -2.725216767168653353e-01 -2.063346345774977053e-01 4.439071494716468336e-01 -8.719933837029542056e-01 1.995176040150624386e-01 8.915342120134189807e-01 4.066441620110891053e-01
9.592244130353868581e-01 -1.710710051705276458e-01 -2.249960813589040598e-01 -1.101639730584866028e-01 5.067997564210279249e-01 -8.549958514118978226e-01 2.602929589460428739e-01 8.449193559633558781e-01 4.672888372747432961e-01
6.927722447328851230e-01 -3.617040149543302996e-01 -6.238884695950687176e-01 3.242272560331190684e-02 8.798693490572149223e-01 -4.741083161621248432e-01 7.204272231059927201e-01 3.082209177774125064e-01 6.212764940445096862e-01
6.451364826827113985e-01 -2.836767617290674726e-01 -7.094550116580258248e-01 -2.779337416808420197e-02 9.191969620103483951e-01 -3.928160808613861965e-01 7.635616851729349897e-01 2.731381333425564328e-01 5.851231605824636084e-01
4.956921510518511043e-01 1.788503840549342250e-02 -8.683141233371843848e-01 -4.977700034634370274e-01 8.251350834361226294e-01 -2.671649635241732934e-01 7.116981909753592461e-01 5.646522996358882551e-01 4.179156200458465920e-01
6.545328572371653664e-01 1.328914508200866595e-01 -7.442624544445898271e-01 1.402270290868369018e-01 9.460099642315011881e-01 2.922353980752387392e-01 7.429152839391796048e-01 -2.956433829356685528e-01 6.005596315237328175e-01
3.804721210759409167e-01 -8.227281648329133334e-01 -4.223260966062142296e-01 1.399898738691773559e-01 5.026462293161639838e-01 -8.530824129990808302e-01 9.141355480988946347e-01 2.654526981307760436e-01 3.064164890423239918e-01
6.635068200537127536e-01 -4.827683797363052642e-01 -5.715709853281504271e-01 -8.235728256134075553e-02 7.121871422681805841e-01 -6.971418452488661321e-01 7.436235457214367406e-01 5.096314020099870223e-01 4.327815341878779032e-01
7.284819622580830378e-01 5.491889565743582891e-01 4.095186450473051187e-01 6.491894235270867508e-02 5.397494320468699813e-01 -8.393188199539475258e-01 -6.819820830406168044e-01 6.380141382303757824e-01 3.575449591725947118e-01
8.073357019090049436e-01 5.878864720178247349e-01 -5.097607714928564793e-02 -4.781406277200351829e-01 6.010970817848676484e-01 -6.403622712131055161e-01 -3.458187452215181201e-01 5.413610572327415271e-01 7.663795411969601679e-01
3.383769121603454333e-01 8.986863464015585334e-01 2.790410652722068452e-01 -9.387561250291005521e-01 3.018688790851626891e-01 1.661689428269172430e-01 6.509994652208082877e-02 -3.181792429296503855e-01 9.457927713466289799e-01
5.753993304647728735e-01 2.596274599550207340e-01 -7.755702370114488930e-01 -5.048339477548556831e-01 8.588166440906019883e-01 -8.704399477967270093e-02 6.434736169377409665e-01 4.416192408288618365e-01 6.252312775563945157e-01
2.546598625654767356e-01 1.180327091643280507e-01 -9.598003094214242470e-01 -2.084387793996394234e-01 9.758925242356714103e-01 6.470746775541387497e-02 9.442995444457872312e-01 1.835812101176441669e-01 2.731232499279775405e-01
2.004065010896920462e-01 2.337194780079034084e-01 9.514265289136628612e-01 9.787540164178415436e-01 -9.071600282567114648e-02 -1.838781721066334029e-01 4.333370128354074174e-02 9.680629175993914481e-01 -2.469339545344520770e-01
5.939037388175947285e-01 3.186360963426727588e-01 7.387485276641745369e-01 3.332730350683041909e-01 7.383053368563218255e-01 -5.863738685052687361e-01 -7.322618610270806849e-01 5.944545968170962258e-01 3.322894810375140451e-01
7.450958713669986189e-01 -3.923453609168708889e-01 5.393489225342567028e-01 -2.358243751596370008e-01 6.014542344658603268e-01 7.633083701386046416e-01 -6.238741912857271865e-01 -6.959295378198113724e-01 3.556164673317080416e-01
4.806597110326068512e-01 7.808119375069493273e-01 3.991227385613285716e-01 -7.832422739497389985e-01 5.869458084853890201e-01 -2.050028248573051715e-01 -3.943320713410117806e-01 -2.140732027790417102e-01 8.936861201584314074e-01
5.372058970273262402e-01 1.050357148107921995e-01 8.368854896658511899e-01 1.247640810176139751e-02 9.911176027063821614e-01 -1.324018007673323505e-01 -8.433588580432080928e-01 8.156835305276169401e-02 5.311237523782155190e-01
5.748002296199651306e-01 9.833931211063737243e-02 8.123632658622877978e-01 -1.093103593631576942e-01 9.930827038850468247e-01 -4.287176903583337501e-02 -8.109598888753577484e-01 -6.415701783882393761e-02 5.815736717710803250e-01
5.523001000638630975e-01 1.743625782974461413e-01 8.152069005834736704e-01 -1.106647518972896233e-01 9.845623814124594420e-01 -1.356105814268858123e-01 -8.262674580043424255e-01 -1.531693170624087025e-02 5.630696932406754618e-01
-2.661796995462316073e-01 -9.637392153566770592e-01 1.884389379014920693e-02 9.256100826464107589e-01 -2.500941343896867508e-01 2.840755160994660189e-01 -2.690619676817638806e-01 9.305723361227673240e-02 9.586167163260023161e-01
9.665505677396720730e-01 -1.265154754515985525e-01 -2.231005030773650921e-01 2.528172174844174891e-01 6.163901970447086542e-01 7.457523580456330015e-01 4.316774890533676967e-02 -7.772110134695990880e-01 6.277575853751229396e-01
9.672952156444237781e-01 -1.751750580519863265e-01 -1.834493522144215460e-01 2.529201089347222209e-01 6.111440308815683231e-01 7.500229276590660854e-01 -1.927133331806352157e-02 -7.718916196943140795e-01 6.354619919065438438e-01
-1.005002746715644851e-01 -2.899770926370931479e-01 -9.517420766871028670e-01 6.995171933272303910e-01 6.596471572924986759e-01 -2.748478199213520989e-01 7.075135271007435556e-01 -6.933822276505682281e-01 1.365492414764769569e-01
3.329656795726130825e-01 9.240839583574783633e-01 -1.876238101444550610e-01 -9.317876704354612905e-01 3.529594538733956677e-01 8.480189352751037191e-02 1.445876670093437233e-01 1.465894328652949663e-01 9.785734232652276710e-01
9.421945527317431290e-01 3.348155259632455971e-01 -1.296103300612435304e-02 -1.820017314956536569e-01 5.438773847024126473e-01 8.191903076464270850e-01 2.813268464530438440e-01 -7.694777150660173648e-01 5.733753146775387721e-01
7.773439469039079563e-01 5.077002604578638723e-01 -3.714523303774948104e-01 -1.898030373526527759e-01 7.522412046833995003e-01 6.309579835362855160e-01 5.997592810649634565e-01 -4.199685887152576069e-01 6.811131985719798276e-01
-4.758400145986908525e-01 -3.836338952782896161e-01 -7.914551881820752754e-01 3.595572059130689446e-01 7.363831415621618914e-01 -5.731129770813329083e-01 8.026798217114374800e-01 -5.572835034492299444e-01 -2.124622333513599970e-01
5.978886395484622751e-01 7.835179742735433051e-01 1.692003507359609027e-01 -1.580525858537519257e-01 3.221730750887988881e-01 -9.333937485288668068e-01 -7.858425763496345029e-01 5.313229655097833071e-01 3.164606634608134739e-01
6.277776184765153644e-01 7.519049992269468685e-01 -2.013309064139926496e-01 -7.779184482659262656e-01 6.150734832262332308e-01 -1.285593173577160575e-01 2.716890847067894577e-02 2.373256883893391234e-01 9.710501367298385311e-01
6.861438067281261377e-01 6.452809961621748247e-01 -3.358855645611866780e-01 -7.268836497646656847e-01 5.896701034433551314e-01 -3.520359765846410860e-01 -2.910045005553645731e-02 4.856970301505397769e-01 8.736426951045324074e-01
6.412506365338158654e-01 7.656949038303570987e-01 5.008927423307618643e-02 -7.121411921300575543e-01 6.181681897040324225e-01 -3.327506749949881160e-01 -2.857490920660232803e-01 1.777059466823208145e-01 9.416836267543273742e-01
5.544894652984782013e-01 7.829869053302526138e-01 -2.819094516939124051e-01 -8.088000808836981470e-01 5.867925498494285241e-01 3.894781898552934080e-02 1.959179982429678224e-01 2.064122320080873374e-01 9.586501595691246935e-01
8.396659568464267531e-01 4.603388639235267421e-01 -2.881826005760437237e-01 -5.232461879470041710e-01 5.435158444629523133e-01 -6.563565750540271138e-01 -1.455146305774896176e-01 7.019107188092521543e-01 6.972423073140183725e-01
8.053459543050919267e-01 5.598733232065746801e-01 -1.948326354747768052e-01 -5.494407256633233594e-01 5.815765174276059657e-01 -5.999030282965223115e-01 -2.225596164333987492e-01 5.901784614321363698e-01 7.759875004113240271e-01
8.067482146800099008e-01 5.885594883962892432e-01 5.248853902820163619e-02 -4.254663322515273016e-01 6.402335242478374155e-01 -6.395931789423858760e-01 -4.100435565047325648e-01 4.936585490477118920e-01 7.669194995050381269e-01
8.537160856110140861e-01 4.784478628106164089e-01 2.055638288730808338e-01 -1.923748602837143939e-01 6.566013831459770467e-01 -7.292918049598604568e-01 -4.839015998111899086e-01 5.830628321396790215e-01 6.525925033873953840e-01
8.197225527633279496e-01 5.259209739759278524e-01 2.268525195438317876e-01 -2.484494566247983927e-01 6.833628307631514076e-01 -6.865042673095448356e-01 -5.160695728232925772e-01 5.063816452672667001e-01 6.908327043086486263e-01
8.610849916055856035e-01 5.053192592850828113e-01 5.643654336672397631e-02 -2.996405502129999010e-01 5.939830135765500341e-01 -7.465920708463028577e-01 -4.107897003329801788e-01 6.259685501509604233e-01 6.628839991448316482e-01
8.815071862461255625e-01 3.215432156927273688e-01 3.457673221089851423e-01 1.643066296867176646e-02 7.109604630649462020e-01 -7.030400083017233070e-01 -4.718846404693083918e-01 6.254160058716576875e-01 6.214335891217130925e-01
9.188586471676712941e-01 8.174438421738056126e-02 3.860267376414726614e-01 2.437647280489426971e-01 6.517021759483259125e-01 -7.182360553630278144e-01 -3.102862289635524018e-01 7.540571128987104688e-01 5.788957821598283982e-01
9.346710368466556451e-01 5.420689663309905676e-02 3.513568915467664699e-01 2.448229982059311194e-01 6.184783043980225381e-01 -7.466902212687704932e-01 -2.577823741636661725e-01 7.839299709453361187e-01 5.648026630817067906e-01
8.783549403791633958e-01 -3.044658860213132756e-02 4.770383673815020154e-01 3.618197252854343238e-01 6.945156866190623779e-01 -6.218797692757220830e-01 -3.123765117704742633e-01 7.188330587017718321e-01 6.210474608365820215e-01
8.071585072105850189e-01 4.777415902738549880e-01 3.467825214167926662e-01 1.089900406697834508e-02 5.752736919743717259e-01 -8.178883732102590898e-01 -5.902341534915852561e-01 6.639451424965651105e-01 4.591301469161961912e-01
4.522810723210873296e-01 -6.791174904712991012e-01 -5.781360270352062791e-01 1.958136097652736149e-02 6.556299624104053869e-01 -7.548284061242250820e-01 8.916604745767272577e-01 3.300739107013699880e-01 3.098270671712042290e-01
5.811769179485987147e-01 -6.977434374834614594e-01 4.187928909288348156e-01 7.946485811509041985e-01 5.975209651408478484e-01 -1.072489099804971036e-01 -1.754053092657769652e-01 3.951237675284960393e-01 9.017262255338169830e-01
9.797090868509609196e-01 7.071981003950160438e-02 -1.875334999663621494e-01 -1.951228670353311323e-01 1.227524997336200130e-01 -9.730667451768455489e-01 -4.579488946999699800e-02 9.899144065408508331e-01 1.340607915137990991e-01
2.973303606451909720e-01 -3.002512433878328779e-01 -9.063353945878213080e-01 6.698383043111540980e-01 7.420488163410479121e-01 -2.608064884944787110e-02 6.803758540072972760e-01 -5.993435951196194322e-01 4.217534259172422417e-01
6.123284226193115298e-01 -7.879563600161550996e-01 -6.464269148664178455e-02 7.726471429325734164e-01 6.137444972970966806e-01 -1.622778005633098430e-01 1.675419212336934915e-01 4.942131875643720335e-02 9.846254302432461136e-01
6.190292776148914600e-01 -7.756534649462119013e-01 -1.231440448114405339e-01 7.421572213454245004e-01 6.290276729179291593e-01 -2.313586944730934014e-01 2.569151849549283773e-01 5.182556338710834348e-02 9.650433662375923483e-01
5.686738433306346430e-01 -7.735785788788369643e-01 -2.796180291243108296e-01 8.154639265458226705e-01 4.856282739471198817e-01 3.149345393023926243e-01 -1.078361925052715720e-01 -4.071134508253692053e-01 9.069895223998046818e-01
4.459545650032587516e-01 -4.737476162062561058e-01 -7.593995799917488965e-01 8.949163951598618771e-01 2.210413613662510213e-01 3.876407644191112167e-01 -1.578517110558942671e-02 -8.524693030861842935e-01 5.225389130666949766e-01
7.056543440868657813e-01 -1.133137194243648976e-01 6.994368789687542831e-01 -3.760373228716107352e-01 7.767553163646389036e-01 5.052198633336004718e-01 -6.005396560418697627e-01 -6.195249627654128011e-01 5.055105755883121388e-01
7.281773963781823511e-01 -2.318245978512081251e-01 6.449922753297261391e-01 -1.969398767370201808e-01 8.306034546464685642e-01 5.208767474942217479e-01 -6.564848546270499741e-01 -5.063153730240447237e-01 5.591711533017629243e-01
6.427964730085855560e-01 -2.247561034944379754e-01 7.323232812288028581e-01 9.694020518018903187e-04 9.562273307779066700e-01 2.926232255529656601e-01 -7.660363924431951022e-01 -1.873872616144366954e-01 6.148774346463350415e-01
5.760201679350832604e-01 8.283439486659148823e-03 8.173935103500085120e-01 -5.505531302548835604e-02 9.980712315682501723e-01 2.868325684962932595e-02 -8.155793515285338913e-01 -6.152399000477109386e-02 5.753652057729845559e-01
4.370508401820133448e-01 -7.313142613526280034e-01 5.236086460692341848e-01 7.148230356149318787e-01 6.357516114648583683e-01 2.912866565328556256e-01 -5.459071265796503480e-01 2.469804438859403428e-01 8.006160562263623381e-01
4.146382352021736606e-02 -6.511239996755402437e-01 7.578379037667697382e-01 9.985769368255560385e-01 5.246686474774360509e-02 -9.556638720378058532e-03 -3.353882197057793391e-02 7.571557073350693168e-01 6.523728859101646238e-01
4.988953951038415657e-01 -8.660280073867225870e-01 3.314928605512632021e-02 8.522104640251116914e-01 4.832612848802481653e-01 -2.004890409523558126e-01 1.576093580669804817e-01 1.282732277510562346e-01 9.791349596925033039e-01
3.160790662178990518e-01 -2.161949266430741867e-01 -9.237714964170613552e-01 -6.492256195210239778e-01 6.607188496385306697e-01 -3.767714117205279156e-01 6.918093081596717875e-01 7.188256780514541422e-01 6.848011183915907185e-02
5.918230619980863194e-01 1.168699843918216963e-01 -7.975505438750981613e-01 1.296551949138036522e-02 9.879252460590549623e-01 1.543878347003878604e-01 8.059636211340608369e-01 -1.017109381896116327e-01 5.831616640872933077e-01
7.141764655097441183e-01 6.453335126529983201e-01 -2.711026255109895144e-01 -2.835027223247854611e-01 6.208003597843554378e-01 7.309125253585755377e-01 6.399829548874289564e-01 -4.451421915956263464e-01 6.263148143825097991e-01
7.285748879980656900e-01 6.225439109576134111e-01 -2.856881367999118959e-01 -2.578558726447425231e-01 6.356789932860132941e-01 7.276142978512030179e-01 6.345777978476905279e-01 -4.564551417439394743e-01 6.236663547557265153e-01
9.973221244411000219e-01 -6.600619755052378190e-02 3.149225278084011315e-02 1.168959763134596284e-02 5.689477479160464091e-01 8.222905894198693222e-01 -7.219372138564637831e-02 -8.197204657846358655e-01 5.681957625381517385e-01
6.200480814986133460e-01 -3.518731330351042019e-01 7.012315415595257173e-01 -5.327859305978359661e-01 4.672452757536427748e-01 7.055643163049702959e-01 -5.759162515391337278e-01 -8.110901001331247695e-01 1.022414821838524279e-01
7.293951895881011227e-01 -5.802718183864242762e-01 3.623082585206290340e-01 2.499390127547074791e-01 7.190515255325274913e-01 6.484561616119837169e-01 -6.367991420447582929e-01 -3.824258364910218533e-01 6.695052892062930416e-01
6.477706353390199068e-01 -5.727705824330577844e-01 5.023216737229024842e-01 3.872153264997280631e-01 8.153708438120573776e-01 4.303889845069486242e-01 -6.560925962973452874e-01 -8.428669503847822930e-02 7.499588376193051520e-01
6.675940151381691834e-01 -7.093735896708467381e-01 2.260693283689655941e-01 5.053929460602462065e-01 6.547430435320857889e-01 5.620404941095314966e-01 -5.467140029524060196e-01 -2.609610262545701276e-01 7.956149456564517441e-01
7.088099660921334255e-01 -6.390492637335667414e-01 2.986711745215043790e-01 3.947876429810837640e-01 7.102683331113965881e-01 5.828049518737795642e-01 -5.845777526710276284e-01 -2.951862691602445410e-01 7.557340256871769579e-01
9.509315425012662137e-01 1.710507137167149305e-01 2.578194228780392172e-01 -2.935796486269510175e-01 2.357766236031030305e-01 9.264018424390122464e-01 9.767390331218793464e-02 -9.566352685842829384e-01 2.744244367989817079e-01
5.305262000755472940e-01 2.976583702417519017e-01 7.936885066941719025e-01 -3.336864864571499889e-01 9.340555400063560443e-01 -1.272539859466766954e-01 -7.792273607807177482e-01 -1.973315555314428815e-01 5.948655120296171273e-01
6.273933306133577803e-01 6.130321312199318688e-03 7.786783853828789237e-01 -2.042810393341756292e-01 9.662426313232348463e-01 1.569854591422414347e-01 -7.514298807409957037e-01 -2.575608599421903566e-01 6.074664910556075714e-01
4.212323820043455402e-01 -5.734961294054249370e-01 7.026133146389564876e-01 5.480977848232332361e-01 7.781964582070720615e-01 3.065927114362528849e-01 -7.226009262537724798e-01 2.559540231974576363e-01 6.421335058897218451e-01
9.691387991715593175e-01 2.250325211965375771e-01 1.006496514859239050e-01 -1.200119364025916957e-01 7.405327670161357401e-02 9.900066905484299351e-01 2.153302650841452670e-01 -9.715330548229865748e-01 9.877449227967473322e-02
6.406656046782562841e-01 5.187876434665126268e-01 5.660450193833587162e-01 -6.682608422590454733e-01 7.397920559047841405e-01 7.832726679390751567e-02 -3.781203904650943803e-01 -4.284473071529748545e-01 8.206447924089259605e-01
7.312586254501548533e-01 -8.938116433397537419e-02 6.762187738942576631e-01 -4.002490358471434972e-01 7.465299039892263622e-01 5.315014691920133538e-01 -5.523237565125933557e-01 -6.593209460590035986e-01 5.101317066010289114e-01
8.555428317238404912e-01 3.490649926801396297e-01 3.823612087688376682e-01 -5.160432405770533082e-01 6.345446922169970527e-01 5.753715386026406753e-01 -4.178321362324975002e-02 -6.895699126734363693e-01 7.230127928293270667e-01
1.676102171268475660e-01 4.525572028007813774e-01 8.758417627104930769e-01 -5.433356233049906336e-01 7.837100514551796904e-01 -3.009733471520310011e-01 -8.226136490251474420e-01 -4.254298219933014269e-01 3.772482617538212568e-01
2.188831068832385318e-01 -8.819738173885122157e-01 -4.173875548722988937e-01 8.839812902017306628e-01 -1.868366318801557412e-03 4.675185427131021143e-01 -4.131189466659989651e-01 -4.712947004247282079e-01 7.792393991945872900e-01
9.506627917714476350e-01 2.462375598987557312e-01 -1.886990207616979220e-01 -9.729090728318614753e-03 6.316280521968236084e-01 7.752105188086955145e-01 3.100735414944609247e-01 -7.351279261279314303e-01 6.028609550235688452e-01
7.734682124918086377e-01 -5.435918291456777185e-01 3.259675559787855170e-01 6.958298619630536030e-03 5.215294415102156300e-01 8.532049130885046573e-01 -6.337968967619251881e-01 -6.576586994209832060e-01 4.071689191611445602e-01
5.679326586315719405e-01 -5.302348964290641842e-01 -6.295263694783038710e-01 7.471483268920321441e-01 6.529766798630231017e-01 1.240597967816341879e-01 3.452852051306450343e-01 -5.408071839056159957e-01 7.670108975457687883e-01
5.058566490513053404e-01 -5.954770575100534202e-01 -6.241122692190510524e-01 7.846742648553960420e-01 6.181863699356749953e-01 4.617261200535038856e-02 3.583229670063425298e-01 -5.130815588236644631e-01 7.799692079248066179e-01
6.302249687961333224e-01 -2.754021485578487735e-03 -7.764076919193741988e-01 2.102374558206405730e-01 9.632403599394190330e-01 1.672370208830644689e-01 7.474066502754554975e-01 -2.686269240962925187e-01 6.076371242564001518e-01
3.285765848456733140e-01 -1.062256963517211605e-01 -9.384846985037881284e-01 -4.960198738160226939e-01 8.261841089766882584e-01 -2.671780358748314654e-01 8.037423173322970626e-01 5.532955083036439348e-01 2.187746964809260397e-01
6.464512843022579558e-01 7.599427388883699397e-01 -6.773308375383642332e-02 -6.390565021322587302e-01 5.878306580385418423e-01 4.960462725920408156e-01 4.167823462029597859e-01 -2.773844824081148075e-01 8.656502323760667528e-01
7.219102282162858097e-01 5.956651001903323639e-01 -3.521771014872370209e-01 -3.403140913134992118e-01 7.487485478574106290e-01 5.688250445742402128e-01 6.025213204942856393e-01 -2.907897874696777074e-01 7.432424623587932100e-01
8.353430407131618995e-01 3.879694292783556486e-01 -3.894633824604254446e-01 3.142502137271690338e-02 6.736049509983567107e-01 7.384232106470015600e-01 5.488300942585172537e-01 -6.290755852327515329e-01 5.504992603993744682e-01
4.865158731441397433e-01 1.315299190292694709e-01 -8.637141804896740771e-01 -2.388282066646256474e-01 9.709702653868885758e-01 1.333534536013573392e-02 8.403947839439238621e-01 1.997914516055904199e-01 5.038055011462030386e-01
6.060772722826298642e-01 5.079039906054230169e-01 -6.121306039968379409e-01 -4.557614335618291879e-01 8.524729372665698079e-01 2.560691447749482985e-01 6.518833144820578296e-01 1.237878328237204950e-01 7.481475233833851934e-01
1.832559207623723763e-01 1.570502570593549918e-01 -9.704393253898594418e-01 6.399766895593475002e-01 7.302687045911454566e-01 2.390344241221934729e-01 7.462218867911832865e-01 -6.648630203676249018e-01 3.331756025650457753e-02
4.943619159882119973e-01 -3.556740658618885442e-01 -7.931596654480971287e-01 3.294747272573625430e-01 9.210437508370774573e-01 -2.076651466728456630e-01 8.043958603319329992e-01 -1.586643246518914807e-01 5.725145692151498711e-01
6.115784542322018069e-01 -6.255948602521914648e-01 -4.843581992131357761e-01 5.501580645343059350e-01 7.762223538769003062e-01 -3.079041431511935767e-01 5.685929109185385855e-01 -7.816602950032290609e-02 8.188969248234710951e-01
6.076977384022170803e-01 -6.583585568004786115e-01 -4.441480264826372926e-01 6.336944585157077148e-01 7.390720163528815556e-01 -2.284817014348631825e-01 4.786802607036501067e-01 -1.426063299144781082e-01 8.663305620148747943e-01
6.100975443512913765e-01 -6.651549945291207466e-01 -4.305227283541365746e-01 6.245256095693801912e-01 7.380902913825901912e-01 -2.553242737358852876e-01 4.875948619176769250e-01 -1.130997569392991897e-01 8.657134026984640851e-01
2.906021282500362846e-01 2.180456205467014019e-01 -9.316686698697952407e-01 4.280909592875949965e-01 8.411760315537037958e-01 3.303952398503782195e-01 8.557385895428442080e-01 -4.948524944869595044e-01 1.511041861341297921e-01
3.299630896400215230e-01 -7.905485724368538358e-01 5.159043652589729856e-01 7.407977031058649020e-02 5.665118285736872039e-01 8.207170862829824554e-01 -9.410826462675538906e-01 -2.325882686296753266e-01 2.454916499392761631e-01
5.931550023902324442e-01 -7.509969753783733992e-01 2.901218470091117552e-01 7.393903670284223129e-01 6.507319537545368515e-01 1.727709741489537876e-01 -3.185420353501535184e-01 1.120333313587453250e-01 9.412648428469232442e-01
6.950735506209718695e-01 -4.928726182245342646e-01 5.234017017852040654e-01 7.073040694363281755e-01 5.992441404879843558e-01 -3.750032179190289083e-01 -1.288165850578456006e-01 6.308589717958438259e-01 7.651295610017465609e-01
5.933423617916108173e-01 -7.986320622279270420e-01 -1.006562014240629660e-01 7.583407793623152537e-01 5.965315463787517203e-01 -2.628105335239280249e-01 2.699335178515437361e-01 7.960492042922677480e-02 9.595826971052294763e-01
5.490013791362458040e-01 -8.034614554129334563e-01 -2.303197242361822994e-01 7.078433148083232984e-01 5.934767577957013041e-01 -3.830707240673284497e-01 4.444719646813114489e-01 4.727607875060532705e-02 8.945443784353583894e-01
6.423557446965203477e-01 -7.121237159932616301e-01 -2.833000359606884233e-01 7.645738285244926269e-01 6.209804639517846336e-01 1.726560862687039344e-01 5.297129402590303182e-02 -3.275104219871098898e-01 9.433615242837957160e-01
6.922206345279756645e-01 -4.566922692002103323e-01 -5.588047641050041259e-01 7.091154662378815754e-01 5.743057555737752784e-01 4.090576422181437244e-01 1.341113294092578512e-01 -6.794152414890305414e-01 7.213938459374905632e-01
7.124281477565879150e-01 -4.849533471041533317e-01 -5.072143387332380682e-01 6.965795426655400080e-01 5.762494549990851977e-01 4.274500045071057408e-01 8.498867585734351526e-02 -6.578425470777456985e-01 7.483449126106754834e-01
8.017955190413583733e-01 -1.062460824189135622e-01 5.880779842978586247e-01 -4.832061653538110568e-01 4.637495191827593621e-01 7.425955731229652024e-01 -3.516187529260409450e-01 -8.795727107115098864e-01 3.204935243688127322e-01
4.806669466716360639e-01 -6.806209169015243754e-01 5.529145086299463996e-01 6.847785799102252824e-01 6.851980253573276558e-01 2.481571327658229631e-01 -5.477568647433840310e-01 2.593430807300386443e-01 7.954266676469620156e-01
8.114193688099159418e-01 -3.579113792737028121e-01 -4.620584946806121640e-01 5.816204591027278603e-01 4.165810547480152670e-01 6.986972637545990628e-01 -5.758688629584104990e-02 -8.356791665534251123e-01 5.461905172330649982e-01
8.619404231135002759e-01 -3.694068173381985787e-01 -3.472712344939946072e-01 4.945349630248132566e-01 4.615546267626657873e-01 7.364798007141969416e-01 -1.117760141934164425e-01 -8.065394781522100542e-01 5.805171770352657301e-01
2.110987496412797815e-01 8.761134158427452689e-01 4.334311946321410258e-01 -9.353335624043892516e-01 5.227315229421867354e-02 3.498837586815649048e-01 2.838810401203336609e-01 -4.792627673099403851e-01 8.304930793995909388e-01
6.449845283288895281e-01 1.451577561770805991e-01 7.502827360655418554e-01 -3.650478480275794468e-01 9.210580621466698537e-01 1.356175313337281696e-01 -6.713680263959503902e-01 -3.613603076933833980e-01 6.470577262941461516e-01
4.295428401776345551e-01 3.359777569726162261e-01 8.382194791770116726e-01 1.777952340086474126e-01 8.785807056093152267e-01 -4.432660583609444038e-01 -8.853709975010146671e-01 3.394331901135883567e-01 3.176528076900487219e-01
6.219740708658633155e-01 -5.928254063762443682e-01 5.115723729106045337e-01 4.197907858917144241e-01 8.039435612485371641e-01 4.212486752589690853e-01 -6.610022324099691371e-01 -4.725238493304124293e-02 7.488946927754108751e-01
1.230823869952952787e-01 -9.894161933933458553e-01 7.685260088352043051e-02 9.708723347978887031e-01 1.360925815454629428e-01 1.971946215604988006e-01 -2.055666206747514546e-01 5.034287933077358224e-02 9.773474095556042851e-01
9.492647754115998149e-01 -1.715424392006157372e-01 -2.635708210630831050e-01 3.128130814533385817e-01 6.011942786093038560e-01 7.353321803369590182e-01 3.231659379377313512e-02 -7.804733377384150961e-01 6.243532708691661437e-01
9.470621475826712654e-01 -1.482540852234715545e-01 -2.847701087379961860e-01 3.150009686219996663e-01 6.004675534187010610e-01 7.349919095191195240e-01 6.202965728827244257e-02 -7.857858763721264905e-01 6.153802711419893434e-01
5.646395622286921601e-01 -1.804179451332312556e-01 -8.053766384990895810e-01 7.278732905098119765e-01 5.688706961398136697e-01 3.828663004703114492e-01 3.890792178061041606e-01 -8.023936042537392899e-01 4.525283042242593812e-01
6.534698202442709158e-01 7.258539303200045589e-01 -2.147399959693634119e-01 -5.041970908674829888e-01 6.289827483214908144e-01 5.917482537994613878e-01 5.645905486196945988e-01 -2.784183437795474392e-01 7.769946835444671018e-01
8.874076766295084795e-01 4.581466221356923496e-01 -5.108119110468009594e-02 -2.856532440705698006e-01 6.334733654704030048e-01 7.191061947943160337e-01 3.618146481431855355e-01 -6.235488496222700849e-01 6.930201963317998981e-01
7.624620284112557655e-01 8.366419618005811742e-02 6.416010890799191957e-01 -5.874046707179698679e-01 5.052930450634086634e-01 6.321666642818662973e-01 -2.713068521982205938e-01 -8.588825536056097221e-01 4.344114996891773606e-01
5.200754608916925426e-01 -5.376832887407888562e-01 -6.636401102910997052e-01 8.465099766570741702e-01 4.279699535451559900e-01 3.166426665542673158e-01 1.137645568634327170e-01 -7.264560550174021802e-01 6.777309390386574428e-01
7.759703897940567474e-01 -9.223527805454084794e-02 -6.239892688540896737e-01 4.724725828045304721e-01 7.403933154561538332e-01 4.781081435468972907e-01 4.178990460157522846e-01 -6.658155840096009470e-01 6.181019296435485977e-01
7.094744114509902166e-01 8.374439421988797219e-03 -7.046814374315807372e-01 3.278820053139623880e-01 8.811899863601612148e-01 3.405842018207450028e-01 6.238104280048273331e-01 -4.726881389488704621e-01 6.224359189583192897e-01
8.486916984700443312e-01 2.105721602546746785e-01 -4.851615877970051893e-01 2.362972516393880007e-01 6.697106070529105226e-01 7.040250788633130030e-01 4.731659432120017272e-01 -7.121425897434459085e-01 5.186202098431904606e-01
8.439272159669585216e-01 -6.843635113715061278e-04 -5.364572543985611786e-01 3.753688171137198881e-01 7.151724081271516598e-01 5.895987430382271244e-01 3.832559266194132119e-01 -6.989477507655310617e-01 6.038103480488720143e-01
5.876430089597047823e-01 -8.079706288676293813e-01 4.311794183436933742e-02 4.956957141452047466e-01 4.016178467287283005e-01 7.700577018425666109e-01 -6.395009405769939148e-01 -4.311456460133018531e-01 6.365154977884770471e-01
6.091341043868844229e-01 -7.318280290485994488e-01 -3.055869414285088959e-01 7.631461135023515086e-01 6.457335716095994327e-01 -2.522229058921512251e-02 2.157861263358809567e-01 -2.178437292995898666e-01 9.518300569354816165e-01
5.418742993540995867e-01 -8.384838962211598190e-01 -5.759339786196721739e-02 7.493973477852419185e-01 5.130507283663435780e-01 -4.185481636027203467e-01 3.804942296959953896e-01 1.836401532904707590e-01 9.063666119553960288e-01
5.998684344416966852e-01 -7.355340376328216578e-01 -3.148770249542296451e-01 6.340977481065620536e-01 6.770479813189155260e-01 -3.735318953425108557e-01 4.879322772748845294e-01 2.440718081918099441e-02 8.725401895143884978e-01
6.676016488737233079e-01 -4.277579697006946291e-01 -6.093694755881902125e-01 7.128158912884885456e-02 8.514378050469717518e-01 -5.195888751581012599e-01 7.410984910741299503e-01 3.034415652054522905e-01 5.989125504055775595e-01
6.627429566668965322e-01 -4.277518149605049058e-01 -6.146545031043166851e-01 9.257011845003437767e-02 8.613030873518044972e-01 -4.995875948103559727e-01 7.431033215903204425e-01 2.741995195405051433e-01 6.104195908759721956e-01
5.874147674512081307e-01 -2.143164703727854642e-02 -8.090022098149750596e-01 2.519852998648967543e-02 9.996489537426392902e-01 -8.185558488382186151e-03 8.088936426173489735e-01 -1.557734850724772253e-02 5.877486036961047100e-01
4.681967003948875328e-01 -6.998041932281039434e-01 -5.395052741908114013e-01 6.634063335056084032e-01 6.816946067685298871e-01 -3.085198531170160741e-01 5.836813226444595992e-01 -2.134632386221617939e-01 7.834216995673226602e-01
8.083654469873090553e-01 5.290298778964072418e-04 -5.886807490010158572e-01 -5.377945939264007214e-01 4.073705568663616994e-01 -7.381234342181044461e-01 2.394207151867737970e-01 9.132628041948159803e-01 3.295887916991037669e-01
6.198992206260737214e-01 2.529607919131914295e-01 -7.427891989130143147e-01 -3.812046742228207830e-01 9.244847842786207970e-01 -3.298482679221031999e-03 6.858629255309399708e-01 2.851994414299633407e-01 6.695172335273957831e-01
6.326644120870504873e-01 1.046350496747067149e-01 -7.673247344235153422e-01 -3.245116992539790468e-01 9.354637527887148529e-01 -1.399990152313556335e-01 7.031556717582826410e-01 3.375782481114948386e-01 6.257899229582818412e-01
2.814082513237381455e-01 -4.328544277884813773e-01 -8.564148763483867555e-01 2.859246068008707287e-01 8.897654677843171989e-01 -3.557590920332504569e-01 9.160002812841727682e-01 -1.447565427967307805e-01 3.741510764448700566e-01
9.933403881169640126e-01 2.720893731745996011e-02 1.119577914470178681e-01 8.973751550311286074e-02 4.267528142660227952e-01 -8.999051137910918374e-01 -7.226376441182656707e-02 9.039589090473549859e-01 4.214691437186690592e-01
8.788904771115843007e-01 1.990955010195762931e-01 -4.334887665399597134e-01 -4.464946826096685140e-01 6.632189017741343395e-01 -6.006523010284758879e-01 1.679107728642304787e-01 7.214580166602040379e-01 6.717918595464384968e-01
8.945709702491212445e-01 1.393219492700986384e-01 -4.246553586605565922e-01 -4.022458278808243581e-01 6.651034597654384983e-01 -6.291547359438010023e-01 1.947846840488648146e-01 7.336394088785196388e-01 6.510239201445366941e-01
3.262442916193669107e-01 -5.388676152274173292e-01 -7.766507293789751687e-01 -1.013321279866203628e-01 7.969337531170712641e-01 -5.955068370560007152e-01 9.398385297610865052e-01 2.729803773201571748e-01 2.053904855991729450e-01
2.208179859746526030e-01 -2.153970098539052802e-01 9.512326451589510068e-01 7.867812819692932003e-01 6.157168843078625331e-01 -4.321958723742948261e-02 -5.763806306711335425e-01 7.579557022176263148e-01 3.054316978686587025e-01
7.990897605270748105e-01 2.319480511490091823e-01 5.546671580226824050e-01 2.072228641793599224e-01 7.597882069531186611e-01 -6.162633894174369686e-01 -5.643706576196932945e-01 6.073894814228689709e-01 5.590740368455446863e-01
7.734654820036702683e-01 3.480313803344538548e-01 5.297407917569922908e-01 3.841935106663537519e-02 8.084869765798220476e-01 -5.872586841966978000e-01 -6.326729815729836837e-01 4.745766186858693669e-01 6.119656292507270612e-01
9.902626241420873221e-01 1.134689589478152100e-01 8.065190997444705856e-02 5.439837643334781425e-02 2.178848156222640275e-01 -9.744572970441895965e-01 -1.281434815690719042e-01 9.693559730442430356e-01 2.095906621364745648e-01
6.466433758988623381e-01 -5.805584278591833236e-01 4.947769762709216534e-01 7.230691006229141848e-01 6.731178741694893164e-01 -1.551882830561569226e-01 -2.429473608222422476e-01 4.581094184965217586e-01 8.550510748220166990e-01
6.857789172054266080e-01 -4.492947171554492192e-01 5.725744788695681375e-01 6.505148715775170842e-01 7.312029621097545506e-01 -2.053597576410899905e-01 -3.264011007534123321e-01 5.132996058230763214e-01 7.937164708438619876e-01
6.768018949443179721e-01 -6.438389723720719937e-01 3.569461761311564785e-01 7.287235633884223684e-01 5.171688613493433673e-01 -4.488856614028831626e-01 1.044086354774376862e-01 5.639217556589725122e-01 8.192014955627471284e-01
6.419998967781674892e-01 -6.876715809245627087e-01 3.390338173774628538e-01 7.647402634203650518e-01 6.059805066827563813e-01 -2.189976141976445467e-01 -5.484944886298229183e-02 3.998692565192056292e-01 9.149295686828602392e-01
5.566082439023248840e-01 -8.008009584970549044e-01 -2.211449472408723582e-01 8.290841295824944446e-01 5.524090614607646277e-01 8.639290995489717906e-02 5.297894765288913704e-02 -2.314347719903724065e-01 9.714068032597655833e-01
-9.126911796868215632e-01 -5.919995578546259629e-02 -4.043391840483405164e-01 2.330310078200937551e-01 7.374110345218322093e-01 -6.339728034859172245e-01 3.356953379423521233e-01 -6.728449534628622164e-01 -6.592331216522187010e-01
3.021703283791246294e-02 7.886384524768786930e-01 6.141142582625374047e-01 -8.819880968587342496e-01 3.101203502406078560e-01 -3.548554147341573262e-01 -4.703019539891161727e-01 -5.309187881790558006e-01 7.049406446166249784e-01
9.794118480036195784e-01 -7.977085048262760880e-02 1.854428305527416609e-01 -1.024237484883373378e-01 5.952349875982696492e-01 7.969972931475276523e-01 -1.739592128509796221e-01 -7.995823415710018311e-01 5.748097696734992823e-01
9.403407522483331338e-01 2.922326014072338385e-01 1.742394224502589739e-01 -3.227392981823896112e-01 6.040392826063992748e-01 7.286809250125088067e-01 1.076968665736270092e-01 -7.414422780925752354e-01 6.623176980778295864e-01
6.918907238356062361e-01 6.417740478984103047e-01 -3.307768095171273459e-01 -1.372406119011708170e-01 5.666882938454105290e-01 8.124219298268421374e-01 7.088386563352995218e-01 -5.167111853469663618e-01 4.801638368537349266e-01
5.221455392465028655e-01 8.085128890832573578e-01 2.714239194161472413e-01 -8.311456254183061665e-01 5.537479850196455056e-01 -5.059761293475521782e-02 -1.912092706774214945e-01 -1.991734853662179838e-01 9.611289911006126729e-01
8.079520609300581135e-01 3.590843383132159561e-01 4.671957889547285747e-01 -5.784289481946059963e-01 6.345594885408069041e-01 5.125955592797418747e-01 -1.123984836612724747e-01 -6.843922073496960801e-01 7.203984226729381879e-01
-1.264173723454256326e-01 7.172528162769222781e-01 -6.852496227741403656e-01 -7.469736554533806805e-01 3.857127852570703119e-01 5.415311674759333282e-01 6.527242955704133376e-01 5.803223628571081427e-01 4.870081612663702542e-01
6.933161850052896868e-01 6.533689544705153507e-01 -3.040093369352601660e-01 -7.156852865777200146e-01 5.749327332300717686e-01 -3.965437212171772363e-01 -8.430443752186347894e-02 4.925051894089086391e-01 8.662167166589532785e-01
9.541786512717808089e-01 -2.546418458595314793e-01 1.571643464479642316e-01 2.178430505649414095e-01 2.310341456424158946e-01 -9.482444984643145780e-01 2.051523989080447363e-01 9.390318172908359573e-01 2.759198059903366640e-01
5.195576414664230258e-01 3.743628415344824600e-01 7.680574978945755582e-01 -1.640646779640809183e-01 9.258897702471963198e-01 -3.403100274692720251e-01 -8.385360091483192724e-01 5.079956918933736798e-02 5.424728243255946269e-01
7.524249630148061030e-01 6.521577675713845501e-01 9.244956045582682080e-02 -4.700426836764308169e-01 6.299516642242396491e-01 -6.182400636187933562e-01 -4.614288141787707409e-01 4.217240175012788583e-01 7.805333449047227035e-01
7.632650010206633029e-01 1.952734140221280001e-01 6.158691679188602608e-01 3.192084396128324619e-01 7.147873743955277526e-01 -6.222418994930253300e-01 -5.617228055694974964e-01 6.715261001486763082e-01 4.832392642596858301e-01
5.695169023196433589e-01 4.348820741449346272e-01 6.975156482543152237e-01 -3.804372433276667076e-01 8.916778105711360425e-01 -2.453124253361638196e-01 -7.286412024182297165e-01 -1.256513578218112492e-01 6.732709220039519993e-01
8.135728037655070022e-01 5.309073894097543489e-01 -2.371426508312070580e-01 -4.406881212086508071e-01 2.969283492413139491e-01 -8.471289956331432558e-01 -3.793326677188797458e-01 7.937070613815579989e-01 4.755374095844934756e-01
8.990236015813254378e-01 1.179632351327677270e-01 4.217122703417028329e-01 2.245697706688973283e-01 7.025531999184565501e-01 -6.752684054404265446e-01 -3.759321506621387532e-01 7.017860617320271777e-01 6.051209314320489252e-01
6.952230458492586473e-01 -6.002076061085094283e-01 3.954943060140971300e-01 6.972323215657931783e-01 4.293565731105238870e-01 -5.740383461849583036e-01 1.747341016632235622e-01 6.748361006172389764e-01 7.169827271417815728e-01
6.951963706715507119e-01 -4.041840431630293606e-01 5.944217908669654493e-01 6.351116722782661483e-01 7.326701113152258582e-01 -2.445969577105141235e-01 -3.366528923698835496e-01 5.475671349138122590e-01 7.660516058473284540e-01
4.474959344861112465e-01 -8.428533408780729541e-01 2.989074010275983850e-01 4.106003164949841855e-01 4.905739883612066921e-01 7.685990775674906850e-01 -7.944524961963562726e-01 -2.212134889966020646e-01 5.656057138796682926e-01
3.618754667901462607e-01 7.258535603399703939e-01 5.849638924559387165e-01 -4.557751167235080669e-01 6.851396608956270562e-01 -5.682012742360736945e-01 -8.132128808074098325e-01 -6.099388501820802305e-02 5.787612257911713964e-01
2.667444305311205688e-01 7.727526402419681029e-01 5.759346888143618282e-01 -5.367507579830989028e-01 6.154458533225575234e-01 -5.771698410629563236e-01 -8.004661345648530490e-01 -1.551765401957930779e-01 5.789423190505824657e-01
7.827387499886775402e-01 6.214602685486756428e-01 3.327437274496138075e-02 -4.644883231168304705e-01 6.189423643180345103e-01 -6.333726765029548122e-01 -4.142108725688855020e-01 4.803097794838344092e-01 7.731312105832444104e-01
3.427447825009873883e-01 5.443614394558639047e-01 -7.656347936855344427e-01 -7.932110870457580454e-01 6.043592658332096468e-01 7.460595947530296312e-02 5.033310893001122777e-01 5.817392036257174048e-01 6.389345142570392877e-01
4.413532395423828691e-01 4.686762076412344102e-01 -7.652123432985611373e-01 -7.552244677835033837e-01 6.545473029299800904e-01 -3.469627484634144748e-02 4.846063569605420507e-01 5.932203980125091425e-01 6.428423120605181174e-01
5.628611242021971384e-01 -3.308372832988793477e-01 -7.574523396499979189e-01 2.537549798975973214e-01 9.413115785970428417e-01 -2.225779013655965477e-01 7.866357257581229057e-01 -6.692685543606780030e-02 6.137793015265593510e-01
3.347579633353157669e-01 -1.596879978960739077e-01 -9.286747812402010860e-01 7.074412374740948195e-01 6.936145560159171497e-01 1.357414572043625367e-01 6.224660645406405735e-01 -7.024233702054522022e-01 3.451628709529767636e-01
3.647582215729878174e-01 -4.310571229953530925e-01 8.253127870752278161e-01 9.103406109042863070e-01 3.512382957387206739e-01 -2.188872580690117697e-01 -1.955285450601071395e-01 8.311566737514223258e-01 5.205258607842166985e-01
4.587649580461666821e-01 -1.146449509637076022e-02 -8.884836963169802093e-01 -6.619830544977967079e-01 6.625895693522003693e-01 -3.503619530477484756e-01 5.927167526117900209e-01 7.488949378503307885e-01 2.963835745035192093e-01
5.594271185112718037e-01 -5.798346864855187244e-01 -5.923116033157005411e-01 5.996447644920591680e-01 7.764582502245048756e-01 -1.937491730964631953e-01 5.722477221373960532e-01 -2.467880102568610623e-01 7.820666355893346466e-01
4.375590582562620678e-01 -3.126801541080541647e-01 -8.430736573780828191e-01 8.299093974145770325e-01 5.013239916826661702e-01 2.447951131994514085e-01 3.461104774791818883e-01 -8.067870701680350809e-01 4.788550519612495560e-01
4.195891513825326657e-01 -6.146568366200008127e-01 6.679385579814804963e-01 7.395281179338829558e-01 6.581695349367598924e-01 1.411064352405594913e-01 -5.263488451846882743e-01 4.347526152623152340e-01 7.307168101907347557e-01
