4.579232149697513021e-01 -6.165420509042695008e-01 -6.404547046111258579e-01 -8.889906760071917269e-01 -3.164637532051257085e-01 -3.309777498255767614e-01 1.381001102024262493e-03 7.209206560878130832e-01 -6.930162339093317581e-01
-2.140472198913961066e-01 -9.638066753630696315e-01 -1.589354591724299326e-01 -3.977667636402860141e-01 -6.260632346787294022e-02 9.153480485612938145e-01 -8.921689242513982654e-01 2.591469482502602451e-01 -3.699695525481521141e-01
-5.950410351342353410e-01 1.030385100786157006e-02 -8.036292659932099403e-01 -7.529651658854666918e-01 -3.567725848568792935e-01 5.529527842932103754e-01 -2.810153473912948008e-01 9.341344407251821469e-01 2.200527690841481698e-01
-8.655833478262348057e-01 -4.916510834319297030e-01 9.510352320569857854e-02 3.374139232039562453e-01 -4.322805110085295444e-01 8.362328648351002869e-01 -3.700233943874926545e-01 7.559184955816429241e-01 5.400647328270418157e-01
-8.578051489223840198e-01 5.033315119841408336e-01 1.040563094002742439e-01 -3.544477995217874544e-01 -7.259212818692478697e-01 5.894107650386709585e-01 3.722057010530732679e-01 4.687170591871679948e-01 8.011037601525311524e-01
-6.298301456237718199e-01 -2.188236338934820002e-01 7.452718999889836882e-01 5.113462537296210586e-01 -8.390535359826205575e-01 1.857799035195768222e-01 5.846699893617083310e-01 4.981017777570290739e-01 6.403558561730088305e-01
-3.418023263608206408e-01 3.480744899256046354e-01 8.729348882690860512e-01 -3.302439531535109607e-01 -9.141250701946320723e-01 2.351898965670097819e-01 8.798352692975388578e-01 -2.078930145644365679e-01 4.273995711221977856e-01
5.046010673799319890e-02 -3.709261977330745030e-01 9.272904256290337432e-01 1.231900059129640707e-01 -9.190713906356631213e-01 -3.743420913525385418e-01 9.910993896028563732e-01 1.331222549024483337e-01 -6.820399793006506157e-04
2.913499664516117638e-01 -1.764965084374636173e-01 9.401936925751148699e-01 -5.708072861470711024e-01 -8.207672783274740924e-01 2.280607174255497999e-02 7.676550261217994775e-01 -5.433139583484811741e-01 -3.398760120009123309e-01
5.434215239196935610e-01 -6.576355988605536718e-01 5.217360122246874621e-01 -4.144083185141076431e-01 -7.506626960614412036e-01 -5.145592893808045298e-01 7.300402679901353276e-01 6.341084964806280311e-02 -6.804559289621939788e-01
5.677431737474154527e-01 -6.694153555315031090e-01 4.791145692231079667e-01 -7.931978872312890338e-01 -6.005581823354338988e-01 1.008314500628608446e-01 2.202380538304670732e-01 -4.372790315217409129e-01 -8.719416541468681947e-01
5.758458177920992016e-01 -8.131773097932052385e-01 -8.452370654931350147e-02 -7.986450642525730892e-01 -5.374007830146739773e-01 -2.708624369679560884e-01 1.748360817347306417e-01 2.234794425729156597e-01 -9.589000382057275562e-01
4.197468999615647789e-01 -9.054790254993049237e-01 -6.261209430681519139e-02 -8.340837010041550759e-01 -4.120147095481901389e-01 3.668082044272344966e-01 -3.579342393399483901e-01 -1.017428793417498867e-01 -9.281871938415132695e-01
2.709751751477451065e-01 -7.663973384324876958e-01 -5.824152934953272798e-01 -9.112452226677737466e-01 -3.992019250203928671e-01 1.013408467754843001e-01 -3.101686615678773684e-01 5.032623001016587327e-01 -8.065497248636190886e-01
2.987481552360412435e-02 -8.973545108652566382e-01 -4.402980549891252759e-01 -6.863237134539522666e-01 -3.386582571209709736e-01 6.436383652599986238e-01 -7.266823623483700256e-01 2.829584187006324858e-01 -6.259930331387322244e-01
-1.741827600328954007e-01 -5.650174123839463158e-01 -8.064835335022486618e-01 -8.116648741603421646e-01 -3.813425519713424250e-01 4.424680667689596669e-01 -5.575486509369377286e-01 7.316646648287276067e-01 -3.921814887006612738e-01
-4.034207396846656302e-01 -7.262167379448755122e-01 -5.566515573686839913e-01 -4.346545158051809410e-01 -3.832393977259187512e-01 8.149865127232712725e-01 -8.051876543281329957e-01 5.707335749361334143e-01 -1.610466632941520426e-01
-5.859848650560464112e-01 -2.778508512533739983e-01 -7.611968486423356106e-01 -6.130621264084994415e-01 -4.622587094091852866e-01 6.406806651826197907e-01 -5.298835410623138342e-01 8.420901317751741111e-01 1.005367737603188039e-01
-7.605990009000108687e-01 -4.841686319660801763e-01 -4.325157750302290882e-01 -1.602947852865837519e-01 -5.055299884101354113e-01 8.477883064940071600e-01 -6.291221992902756854e-01 7.141569621855848871e-01 3.068958972062412749e-01
-1.288299644115040443e-01 9.915381065024656548e-01 -1.596945907775148069e-02 -9.135500551820219250e-01 -1.124015058824352764e-01 3.908864261550737407e-01 3.857837955988501211e-01 6.494678459220504241e-02 9.203003739130385386e-01
-1.288299644114852260e-01 9.915381065024675422e-01 -1.596945907779293017e-02 -9.135500551820289195e-01 -1.124015058824020113e-01 3.908864261550666352e-01 3.857837955988397960e-01 6.494678459223500455e-02 9.203003739130408700e-01
-4.965068180837114431e-01 -4.913751650972065788e-01 7.155637125526149722e-01 -7.549039344793258277e-02 -7.967844779581645387e-01 -5.995295623920571249e-01 8.647439968530946652e-01 -3.516887015680600914e-01 3.585148213057686717e-01
1.651389897167779008e-01 -8.334119101105567085e-01 5.274027892997870115e-01 9.828914373605106558e-01 1.832925503532488176e-01 -1.811803930869703566e-02 -8.156921256645573159e-02 5.213716803498971153e-01 8.494221768298807484e-01
4.283696957166577834e-01 7.828188033657508260e-01 4.513248551638075479e-01 5.685747051491246706e-01 -6.217125655954671704e-01 5.386987009871916365e-01 7.022978061023712471e-01 2.584969782639117211e-02 -7.114137928562254132e-01
3.264399035998508114e-01 8.728351976151026426e-01 3.627612260729157212e-01 -1.021778806593524047e-01 -3.489510233768064462e-01 9.315540048694133102e-01 9.396790250089035457e-01 -3.411625728131449375e-01 -2.472708777499568744e-02
2.037642947554947903e-01 -9.691079429006058676e-01 1.389600920759324343e-01 2.612847783912540245e-01 -8.295882299177455288e-02 -9.616902298915450675e-01 9.435096060792539374e-01 2.322662883303885650e-01 2.363091080373239949e-01
-2.395443793613712402e-01 -9.298062055916153090e-01 2.794260373689228527e-01 2.095478100577491953e-01 -3.305356926799600803e-01 -9.202368560129404740e-01 9.480022181495026956e-01 -1.618844523353067111e-01 2.740168215196306933e-01
-2.521776370704174042e-01 -6.529180702973724770e-01 7.142159567250913055e-01 -8.696467319229238546e-01 -1.707906903005216304e-01 -4.631901356489037669e-01 4.244066458213858750e-01 -7.379217665754465028e-01 -5.247384733339200968e-01
8.796658083906000458e-02 7.677390291626529084e-01 6.346957253329130744e-01 -9.913261961376308440e-01 1.299289075517763015e-01 -1.976997303229742486e-02 -9.764350212267558504e-02 -6.274514021681598663e-01 7.725092131556942077e-01
-8.371339790295225791e-01 1.923938299891903847e-01 -5.120462042982931727e-01 5.383917903630768276e-01 1.244104452439170339e-01 -8.334604496818376340e-01 -9.664875179659322690e-02 -9.733995352866677830e-01 -2.077314696425644203e-01
-5.759119268174115458e-01 8.065459774564021078e-01 -1.334505106710095756e-01 4.184907422921845255e-01 1.506297378207131776e-01 -8.956428868136008248e-01 -7.022755521625345665e-01 -5.716592239551114840e-01 -4.242814873428332190e-01
-4.192940190748288831e-01 7.266046638332056551e-01 -5.442776755149083545e-01 8.868961522924374563e-01 1.997742450949931969e-01 -4.165398732961774209e-01 -1.939271528614465168e-01 -6.573704537721182239e-01 -7.281870267249292983e-01
1.575386944026998803e-01 -7.721692261316723815e-01 -6.155779771735722106e-01 7.428501860411478308e-01 5.033888934427215300e-01 -4.413311942941994248e-01 6.506574835230320986e-01 -3.877554747179290939e-01 6.529092823369481158e-01
-7.178123979717687675e-01 -6.172188201015220699e-01 3.221587953641877333e-01 -6.288185697393255946e-01 7.733647792168464319e-01 8.058613167206533923e-02 -2.988855427567683187e-01 -1.447337085110588228e-01 -9.432494823489848690e-01
-5.525082443745934491e-01 -2.519414962795300528e-01 7.945187992429983970e-01 -5.067315324930400378e-01 8.583659688301545909e-01 -8.019362525491655069e-02 -6.617837969271835874e-01 -4.469153678345622605e-01 -6.019209749775614737e-01
-9.589298944901701871e-01 1.585486994845899111e-01 -2.351930427219657560e-01 2.363571099276412513e-01 9.050601238484174971e-01 -3.535554960768405031e-01 1.568080802756161851e-01 -3.946244824022370201e-01 -9.053633214621867875e-01
1.958016179293001202e-01 -4.296391513191131772e-01 -8.815168325506105296e-01 -3.732591641197215426e-01 7.986022261499787778e-01 -4.721356593066713958e-01 9.068292688356033304e-01 4.214791620496686209e-01 -3.999142532371979634e-03
5.510408295789991362e-01 -8.340176177819331738e-01 -2.772394932612426768e-02 7.090966061156697142e-01 4.855024159041619325e-01 -5.113407937437235429e-01 4.399272750491010076e-01 2.621106968068479537e-01 8.589307162322822320e-01
5.934570493826980542e-01 2.156633857296960111e-01 -7.754340942940196602e-01 -2.512255111145253461e-01 -8.656637749555629036e-01 -4.330265249322847732e-01 -7.646531717734701417e-01 4.517914704654012459e-01 -4.595541253339838761e-01
8.655480660091982026e-01 3.476276584573943090e-02 -4.996179495759650591e-01 1.512530531005964185e-01 -9.691505274979963502e-01 1.946015646856523174e-01 -4.774401107526318744e-01 -2.440057482132546030e-01 -8.441043392160737513e-01
4.925983246599240362e-01 -6.034507358351559603e-01 -6.270519116965076467e-01 6.641453241423836973e-01 -2.049403480070041694e-01 7.189648407109878736e-01 -5.623680991681909713e-01 -7.706144711714001394e-01 2.998257124717275124e-01
-4.097923191140332433e-01 7.178117167166671031e-01 -5.628646325178138232e-01 4.626710037025441591e-01 -3.682264948177281227e-01 -8.064395766870139370e-01 -7.861334476588710540e-01 -5.908938888315913296e-01 -1.812142781721584606e-01
6.943774992282847336e-01 5.918918302836465584e-01 -4.092724640248211476e-01 -5.193416120940446135e-01 1.850080038606028918e-02 -8.543664379718074464e-01 -4.981206465436183728e-01 8.058050518757935432e-01 3.202405968305978567e-01
7.853642933149563854e-01 6.077139348957861786e-01 1.178418436693032673e-01 5.616020654852256211e-01 -7.795482962045950925e-01 2.773221482810950267e-01 2.603959424196705674e-01 -1.516186902000996595e-01 -9.535227978152268635e-01
4.234444610601502124e-01 -2.910830440140227404e-01 8.578842870020464417e-01 8.630249157998428622e-01 -1.583361198602962205e-01 -4.797058138653942927e-01 2.754682978241840829e-01 9.435042843756018538e-01 1.841653666103653664e-01
-6.598455275630527028e-01 6.818309181730179969e-01 3.157696609530051268e-01 4.502212487746637959e-01 2.230516870089744794e-02 8.926383963291110168e-01 6.015851618073860818e-01 7.311696646282336287e-01 -3.216927332418584307e-01
7.546783924284587997e-01 -3.493982680090693682e-01 5.553209651308509409e-01 -2.098153283636990940e-01 6.734315755754338717e-01 7.088493782191122028e-01 -6.216414175272030329e-01 -6.514681598744880286e-01 4.349151465338018108e-01
-7.432846691269828776e-01 5.193596803751273638e-01 -4.216555739480235543e-01 6.303091186924283384e-01 3.325157238554430350e-01 -7.015295491154063257e-01 -2.241390540132754683e-01 -7.872095120039752647e-01 -5.745109822070399996e-01
-6.423172952486230214e-01 -2.735800504149381654e-02 -7.659504107869146150e-01 5.256050064301448499e-01 7.116261771424063909e-01 -4.661840422207221279e-01 5.578242280862860669e-01 -7.020254436741124593e-01 -4.427102969144776079e-01
-9.769268008961552452e-01 1.678866424971980076e-01 1.320155330323749543e-01 1.398848758124243974e-01 9.700683179755689167e-01 -1.984935262898861741e-01 -1.613884977616024952e-01 -1.754466691934306599e-01 -9.711705406668719176e-01
-8.354166573761485637e-01 3.316639299883178960e-01 4.382670945019342956e-01 1.315401566590242988e-01 8.948835856051563509e-01 -4.264745659480512763e-01 -5.336442595630376262e-01 -2.986342340709847720e-01 -7.912277791358528489e-01
-8.185495422353061823e-01 4.813430344976090125e-01 -3.135052312912885442e-01 5.725948715582149795e-01 6.400373583625046381e-01 -5.123351373520839136e-01 -4.595388962429929058e-02 -5.988831797946750912e-01 -7.995168397147223160e-01
-4.940692205246679514e-01 1.453649064103157938e-02 -8.693010386339077300e-01 2.001826766546072056e-01 9.748979981789887006e-01 -9.747199143342798189e-02 8.460629416878771014e-01 -2.221769195628664206e-01 -4.845770476570381291e-01
-4.940692205246560720e-01 1.453649064102375231e-02 -8.693010386339145024e-01 2.001826766545863057e-01 9.748979981789935856e-01 -9.747199143342094585e-02 8.460629416878890918e-01 -2.221769195628450488e-01 -4.845770476570272489e-01
8.867912085713760550e-01 3.924924021799046647e-01 -2.440308722919420914e-01 -9.294719950207813372e-03 5.430495181709902308e-01 8.396492297354311019e-01 4.620767907843515987e-01 -7.423253565959493372e-01 4.852196454938023651e-01
-9.461965898811770526e-01 2.703158529703814650e-01 -1.778801645213061167e-01 -1.070824238825642677e-01 -7.802958749265851424e-01 -6.161750579729676769e-01 -3.053610449822743433e-01 -5.639748994462878695e-01 7.672593727038357070e-01
-9.598745898388609810e-01 -2.654750243458226522e-01 -9.035365642996220914e-02 2.776777545462714714e-01 -8.547432188269747932e-01 -4.385306083951764911e-01 3.918974881036516034e-02 -4.460235882976231192e-01 8.941628052375550917e-01
-5.080034177233737624e-01 -6.401867312713480640e-01 -5.762755215046694302e-01 8.576295604164855257e-01 -4.380889375035502131e-01 -2.693503665058519236e-01 -8.002540022516374529e-02 -6.310618289368468137e-01 7.715937424433180203e-01
-4.105722685931241234e-01 3.018930421068715675e-01 -8.604016523634494540e-01 -1.705038142782724642e-01 -9.523757029186064038e-01 -2.528022345764585621e-01 -8.957448641096726893e-01 4.290817658382863053e-02 4.424929680835561485e-01
3.859013244147470600e-01 7.611146168228645204e-01 5.213297496532578457e-01 -9.106483405293345212e-01 4.047141757396123252e-01 8.322280845162216556e-02 -1.476474439538776606e-01 -5.068638633933082449e-01 8.492874991897009229e-01
-8.904749439497302577e-01 -9.409932440121809849e-02 4.451962391406288910e-01 4.481207196476058585e-01 -1.147307661059612446e-02 8.938994289827015827e-01 -7.900756179149735769e-02 9.954967029881727214e-01 5.238434422077955371e-02
-9.352774831896829566e-01 3.538195043506715542e-01 8.233333432928979789e-03 1.233098596564665417e-01 3.039718706953638550e-01 9.446670208795603374e-01 3.317389153383652478e-01 8.845410449306501111e-01 -3.279274796096213196e-01
1.179967276367774320e-02 9.842240070779839645e-01 -1.765329193494155346e-01 -8.425598737415851414e-01 1.048579718680007350e-01 5.282969476499879136e-01 5.384734226340559538e-01 1.425058231339574877e-01 8.305049448917684041e-01
2.691866691675427470e-01 1.840696456986207763e-01 9.453342809159458460e-01 5.019384610630175381e-01 -8.645300683981681500e-01 2.540752134995818631e-02 8.219466639923624918e-01 4.676602681090655800e-01 -3.251116041976712112e-01
7.262249976887018565e-01 3.264084893440028501e-01 6.050245869518133812e-01 -1.071950489310682930e-01 -8.155584987285222631e-01 5.686594381845303525e-01 6.790482119972865993e-01 -4.778303393840176438e-01 -5.572895948673749489e-01
4.145286154351968677e-01 8.277516341393430510e-01 3.781444950875607058e-01 -7.566256068995392825e-01 8.260305237935129663e-02 6.486096104140904872e-01 5.056517754040649182e-01 -5.549810518542608317e-01 6.605394114762991320e-01
-4.641624764285051108e-01 -8.256322605759948141e-01 3.207562404255453470e-01 -4.963295480300998763e-01 -5.749597260466938337e-02 -8.662281413614315584e-01 7.336280905390650808e-01 -5.612713990846284196e-01 -3.830982137019041667e-01
-6.577659243165245861e-01 -5.285221013704837212e-01 5.366641195114094653e-01 -7.195889350279909280e-01 2.304022126349335176e-01 -6.550622756640843702e-01 2.225662898853058291e-01 -8.170552054640219941e-01 -5.318693804223315613e-01
-2.261318834718948345e-01 -6.782884026896410234e-02 9.717322777932309030e-01 -9.738859759904844315e-01 -5.005776386672739810e-03 -2.269824838436408643e-01 2.026023313082852759e-02 -9.976844143468087678e-01 -6.492559066308513371e-02
5.902044735776931228e-01 -6.078164603873125182e-01 5.312417809727663087e-01 1.954676843039646061e-01 7.461059454036516048e-01 6.364890436026130471e-01 -7.832311687884514484e-01 -2.718180801851889927e-01 5.591635427338897957e-01
9.609679491802972651e-01 -2.349094083227747931e-01 1.461443482645080061e-01 -1.882098369817447048e-01 -1.679129935535997042e-01 9.676684782812623453e-01 -2.027748946776177785e-01 -9.574041970230300347e-01 -2.055712665018347707e-01
4.018247990881067544e-01 2.850532541976085743e-01 -8.702192098024247313e-01 -4.960317589272122268e-02 -9.421441319835955897e-01 -3.315176609326166424e-01 -9.143721101275776864e-01 1.763776540274621663e-01 -3.644373298395903182e-01
6.443149622590087500e-01 3.712275850587771209e-01 -6.686167134469497286e-01 -1.889162953739869921e-01 -7.699271146779108621e-01 -6.095267602213341185e-01 -7.410592842353037613e-01 5.190398040373932487e-01 -4.259446197259497136e-01
6.373668241096243081e-01 3.759936680767059225e-01 -6.726011396739048909e-01 -2.114084977770265827e-01 -7.540531559182531707e-01 -6.218603421326877045e-01 -7.409925631152262104e-01 5.385467478464115443e-01 -4.011202086556860391e-01
2.551001821911268452e-01 -8.351233396183720403e-01 4.873324375318262569e-01 1.768326760140639942e-01 5.358021042332510309e-01 8.256187436056219298e-01 -9.506072279021231530e-01 -1.244391928769937455e-01 2.843603093548102700e-01
-2.993820995406253349e-01 -9.387340755866487862e-01 1.707298855125458925e-01 3.716451792370662477e-01 5.007454997690226339e-02 9.270234086550672714e-01 -8.787776847556474369e-01 3.409851533088950060e-01 3.338845698717048949e-01
-9.591412761117725783e-01 -1.097585961317116693e-01 -2.607701344745534944e-01 -2.799166709794420616e-01 5.022349139605549739e-01 8.181728109066085386e-01 4.116636693306391370e-02 8.577372218658988468e-01 -5.124374971245785337e-01
-2.362050129494089878e-01 5.077166144400230285e-01 -8.285113344300915061e-01 -9.161446511101332124e-01 1.678169329782517871e-01 3.640280967838412374e-01 3.238613439419134599e-01 8.450214887370227634e-01 4.255026597717149195e-01
-9.228699205978067033e-01 -9.657418049788166203e-02 3.728062999963395741e-01 3.218507465174649251e-01 -7.250005786055506718e-01 6.089222101284920141e-01 2.114786197750229690e-01 6.819439776717582946e-01 7.001636984986241430e-01
-7.830237046072848761e-01 -4.834599697805758156e-01 3.913314907375187168e-01 5.998891748139186797e-01 -4.207674288752155101e-01 6.805055097049667046e-01 -1.643376279619475633e-01 7.676074702720819820e-01 6.194932732631852623e-01
-3.581507605291002760e-01 -8.685473975208478636e-01 3.425688996277818088e-01 9.250269885188555641e-01 -2.802998308624679025e-01 2.564314242252861420e-01 -1.267008415290279688e-01 4.087265871927517891e-01 9.038193811141703726e-01
-6.484927744656227011e-01 2.814832569323391653e-01 -7.072653657098174618e-01 -3.266882137949149723e-01 -9.421188669886469969e-01 -7.541121555522287134e-02 -6.875550395665551706e-01 1.821516306015164011e-01 7.029145403502777834e-01
-5.021484705232549528e-01 -8.786595858122378533e-02 -8.603060425649456944e-01 2.602817416037054854e-01 -9.640515251851891065e-01 -5.346093691521433544e-02 -8.246819559920648413e-01 -2.507672827757106426e-01 5.069669036045538757e-01
-3.946983608926197817e-01 -8.621428742006257417e-01 -3.176835978985434461e-01 7.993707812187270667e-01 -4.926828422623582560e-01 3.439040143325554633e-01 -4.530116533185892247e-01 -1.182086350710827571e-01 8.836329331527829067e-01
-9.387586632345819027e-01 2.234940588965204644e-01 2.622643281881461008e-01 -2.762418832001823921e-01 -9.430922684883100704e-01 -1.851145458455128734e-01 2.059674590027218144e-01 -2.462262755181342522e-01 9.470744569865823248e-01
-4.137633978664050916e-01 8.875265309092496002e-01 -2.027227355730981673e-01 -8.612259510047544087e-01 -4.537766176360863990e-01 -2.288594385265984577e-01 -2.951096608076453909e-01 7.989642181566380952e-02 9.521170358097005293e-01
-5.241661880230241710e-01 4.626297320300298138e-02 -8.503584800799195431e-01 6.832416049523079016e-01 -5.732103152060891160e-01 -4.523393016348794538e-01 -5.083608133949804042e-01 -8.181012601455608380e-01 2.688486777959671059e-01
-4.457341136133144421e-01 -5.158568654301410872e-01 -7.315823906778661234e-01 8.796918220250583564e-01 -4.037212958552308661e-01 -2.512994499301706153e-01 -1.657208442640395463e-01 -7.555797837829982821e-01 6.337474198092261091e-01
-6.066461637975154031e-03 4.114128419684368598e-01 9.114289174184947440e-01 -9.873021507884440773e-01 1.422192459314180202e-01 -7.076827774654102787e-02 -1.587377116242631170e-01 -9.002850435001978902e-01 4.053260161377991722e-01
-1.504577967875747879e-01 -2.567362721028673689e-01 9.546983492038475516e-01 2.915737543966610557e-01 -9.342597493505372386e-01 -2.052887393173501440e-01 9.446413060695920683e-01 2.474776905706730645e-01 2.154242222614294600e-01
-2.417493730457134663e-04 3.850700207104671979e-01 9.228873282840551751e-01 7.036155413289260641e-02 -9.205934791211394241e-01 3.841313550071649985e-01 9.975215252099803864e-01 6.502865022185917721e-02 -2.687157221076597394e-02
1.589448921847351481e-01 5.894063094303838568e-01 7.920459100658485685e-01 -8.984641388809342377e-01 -2.462066233176113672e-01 3.635168356204174778e-01 4.092660655286787241e-01 -7.694039907865013461e-01 4.904271470549737000e-01
2.591800255593618707e-01 -8.514040313708702845e-01 4.560009755652711938e-01 -6.624451703012127490e-01 -5.002843111801504872e-01 -5.575679369651740380e-01 7.028457232534367494e-01 -1.575651717621407155e-01 -6.936721891152338726e-01
2.873763355168199030e-01 -8.569733387024340843e-01 4.277984788871135313e-01 -4.170331637941220304e-01 -5.140306415773268078e-01 -7.495704368606507240e-01 8.622634064372611817e-01 3.700265224014970267e-02 -5.051065448461397045e-01
3.010675800082531772e-01 -8.740109217783870177e-01 -3.813964091074644180e-01 -3.116345986697650061e-01 2.878173928166966600e-01 -9.055633745377151822e-01 9.012447998074156752e-01 3.914920906024713654e-01 -1.857195569017915104e-01
-8.613073256460039850e-01 -1.636341606495178846e-01 4.810130479072851628e-01 -5.080625365326048026e-01 2.861510156803338534e-01 -8.123977198375001985e-01 -4.706353214971233448e-03 -9.441088166592034314e-01 -3.296003527694940649e-01
-9.722528479540801793e-01 -2.139018373841424792e-01 -9.471221467618724799e-02 1.673069244971325462e-02 3.402522168365407773e-01 -9.401853609092053476e-01 2.333334171852232408e-01 -9.156824956836884244e-01 -3.272324609863132006e-01
1.085141479409219845e-01 9.479035765350638520e-01 2.995054077787083213e-01 -1.849965241869612753e-01 3.152772446831370035e-01 -9.307935028908145281e-01 -9.767297301379735952e-01 4.559680446088332922e-02 2.095709084953281953e-01
-2.838518000046571510e-01 9.443896382503169651e-01 -1.660011048142511769e-01 9.562193885646756986e-01 2.916525641943296110e-01 2.415083294361315344e-02 7.122244426523068050e-02 -1.518782175438875282e-01 -9.858297877770674233e-01
-2.708025295296789814e-01 8.728931408481142018e-01 -4.058614968935110867e-01 9.482914389708753111e-01 3.144090696143100883e-01 4.347739319245207124e-02 1.655576539302079098e-01 -3.731011948581484661e-01 -9.128998639612931898e-01
-1.606349065635873929e-01 8.663613297205571273e-01 -4.728789201879654014e-01 9.215604458149880829e-01 3.032118454202759605e-01 2.424642685141696896e-01 3.534441561301988055e-01 -3.968382833871496040e-01 -8.471107397122010774e-01
-1.444303677899899940e-01 3.925698337990382036e-01 -9.083109569145603190e-01 6.965920582397557848e-01 6.922796663498084202e-01 1.884366417549928618e-01 7.027797473300931852e-01 -6.055062255250511782e-01 -3.734472353533452860e-01
-9.122951230106394194e-01 -1.184217855833610139e-03 4.095316912756232219e-01 1.224630250029004191e-01 9.534506808137146461e-01 2.755623464172911041e-01 -3.907945957125577574e-01 3.015466744700296409e-01 -8.696833832366377415e-01
-8.851733038002755904e-01 -2.886499390826709477e-01 -3.648964714914019747e-01 -4.087789727629712599e-01 8.570364724300070236e-01 3.136689916959922719e-01 2.221890493839764336e-01 4.268134224603311599e-01 -8.766198313645113815e-01
-2.044882587352822023e-01 -9.204677282065309996e-01 3.330521180982344287e-01 -3.460010755865725041e-01 3.862458303743079857e-01 8.550423464433775100e-01 -9.156788780638916991e-01 5.960972948076082023e-02 -3.974655612991940812e-01
2.082319550547413745e-01 -8.939747363227064092e-01 -3.967979633400702255e-01 -9.743241666420785485e-01 -2.251117748427159948e-01 -4.136075964184003813e-03 -8.562634636196617133e-02 3.874711081408651614e-01 -9.178966549480344073e-01
6.316043396593802317e-01 -7.705719316549225484e-01 8.540993074016761666e-02 -7.009628616923009314e-01 -5.205068034399351617e-01 4.875692095496611533e-01 -3.312506975865547321e-01 -3.678200181044285477e-01 -8.688966622274936213e-01
7.965033077793355343e-01 -5.925859225483438575e-01 1.201016448434662626e-01 -5.465701137495968531e-01 -7.906026931539534841e-01 -2.760588566473973215e-01 2.585412761095028378e-01 1.542378227778264110e-01 -9.536074153300329037e-01
5.987396882091675643e-01 -5.927099728478126828e-01 -5.387074102422707567e-01 -7.223542613456231942e-01 -1.090492622834049324e-01 -6.828708366237825622e-01 3.459987093603221764e-01 7.979994652142257117e-01 -4.934386959276718110e-01
6.350881913370938214e-01 -5.486748598380176700e-01 -5.437084580967183056e-01 -6.966962317348737166e-01 -1.029005436058088169e-01 -7.099477718903387524e-01 3.335825983330158451e-01 8.296790803119968860e-01 -4.476106274230239324e-01
1.905760306113573332e-01 -7.095109718200660609e-01 -6.784356693330366728e-01 -4.794881834846521640e-01 -6.703315737560341381e-01 5.663450036191257642e-01 -8.566048438194872050e-01 2.173701039533838808e-01 -4.679512575603225200e-01
6.769146811143628151e-02 -3.665946259720300748e-01 -9.279149989914732277e-01 -5.768280708406869906e-01 -7.732320442415168138e-01 2.634038390917953221e-01 -8.140560434239952903e-01 5.174172261980772847e-01 -2.638032831455244809e-01
6.652594681249421882e-01 -2.946276134883609177e-01 -6.860207062766194852e-01 -7.124959930697376542e-01 2.405332046763157539e-02 -7.012637860563237791e-01 2.231127516070895711e-01 9.553093777120761354e-01 -1.939192948772212877e-01
9.983063456240913736e-01 3.370212494542427356e-02 4.741947976133852050e-02 2.058583241597668548e-02 -9.670134102790818309e-01 2.538922760624308661e-01 5.441198204820633239e-02 -2.524861008344481683e-01 -9.660694100813890239e-01
8.642859679404781836e-01 -5.020444856915747822e-01 -3.100161298825240483e-02 -1.319276459862011863e-01 -2.857306444406978452e-01 9.491854903294949519e-01 -4.853914521762109913e-01 -8.162777304411691359e-01 -3.131865337783275582e-01
4.015885240261921757e-02 6.821189812668192465e-01 -7.301376322099975003e-01 -5.736519098773403824e-01 -5.825613271984996233e-01 -5.758001270812662664e-01 -8.181141441558044125e-01 4.419683195074499138e-01 3.679038620128581294e-01
-9.000556220422854803e-02 6.140547966879742470e-01 -7.841145996834846255e-01 -5.538883424642228048e-01 -6.851840191968360250e-01 -4.730016531889776332e-01 -8.277117269040816794e-01 3.917391562018796569e-01 4.017881663808716697e-01
4.897239120281896702e-02 3.226637714614135483e-02 -9.982788116582169691e-01 9.928741002423842055e-01 1.071414161271522780e-01 5.217027906906844537e-02 1.086403514710540114e-01 -9.937200802319190451e-01 -2.678947883245337905e-02
2.429038291053513265e-01 9.626091538836528683e-01 -1.199222525862330135e-01 9.123960848627046261e-01 -2.686988786291875653e-01 -3.087625251720570452e-01 -3.294406078994609466e-01 -3.441699409906532475e-02 -9.435488097517894523e-01
2.120181454250922581e-01 9.753915705708193773e-01 -6.049454578634057278e-02 7.441931966884675065e-01 -2.012655515325424138e-01 -6.369212382774668280e-01 -6.334230750557677814e-01 9.001923031048805757e-02 -7.685517198999705091e-01
2.509209484284747882e-01 9.521425465003322541e-01 1.745372418242522039e-01 7.228108189857089805e-01 -6.435942668186708793e-02 -6.880424290364586248e-01 -6.438813536646044167e-01 2.988016655593543902e-01 -7.043680622103706268e-01
-3.297486141038830643e-01 9.059921726929480723e-01 -2.654129509192800218e-01 9.136238637229910919e-01 3.770645253486844539e-01 1.520321655421791873e-01 2.378177603385451255e-01 -1.923552098142475020e-01 -9.520725739799856813e-01
6.266998885377003115e-01 -1.292533275705368689e-01 -7.684665425500172287e-01 7.685658845031203557e-01 2.653418099824501608e-01 5.821513592298602768e-01 1.286613029810066700e-01 -9.554513599274331304e-01 2.656293807696144538e-01
-9.560773812047311804e-01 2.929592088319812326e-01 9.536409662071991880e-03 -4.646925285287771545e-02 -1.193693635427831162e-01 -9.917618482209761277e-01 -2.894074112527156850e-01 -9.486442204577706372e-01 1.277399440428520494e-01
-8.994723006091754902e-01 4.347491051324526845e-01 4.407715988319704792e-02 -8.847002922976913986e-02 -8.239807890112992028e-02 -9.926649034399712690e-01 -4.279283051691264439e-01 -8.967740920543673111e-01 1.125770556336599948e-01
1.579366971025642219e-01 7.749920306907411849e-01 6.119177657775384249e-01 -9.848033807183679267e-01 1.689576997831126748e-01 4.019448979242252334e-02 -7.223780889538654326e-02 -6.089668694188884457e-01 7.898993929078265142e-01
-8.067620952145042601e-01 -4.593566054235246332e-01 -3.716536435700313334e-01 2.606761470170776973e-01 -8.411646323446020368e-01 4.738037649374491900e-01 -5.302667895516695040e-01 2.853656782907626477e-01 7.983630512193178319e-01
-7.908540629912972353e-01 -4.706396136936326358e-02 -6.101924570087547961e-01 -3.998365013527315770e-01 -7.151042071287724289e-01 5.733731290640828870e-01 -4.633364039617058894e-01 6.974316858925706519e-01 5.467251780162336594e-01
-5.024395058283883664e-01 7.774081132344611289e-01 -3.784060893539636927e-01 -8.559810473690753208e-01 -5.089407727211017196e-01 9.097107456213170129e-02 -1.218646360839182596e-01 3.696159024437167262e-01 9.211585613415592677e-01
-8.633162769490615451e-01 -1.447752345790419837e-01 4.834512771804360676e-01 2.909147712233650096e-01 -9.255511569227751201e-01 2.423296345950493036e-01 4.123755592161938988e-01 3.498502356316146589e-01 8.411606331668378678e-01
-1.033301245413620201e-01 -9.946286223786344749e-01 6.065386009645627047e-03 8.649110215218298592e-01 -8.683935056566342847e-02 4.943559972766575217e-01 -4.911739103538900753e-01 5.632788597589311747e-02 8.692383787253963323e-01
-9.370771923280052373e-01 -1.193654196783257154e-01 -3.280826606263730350e-01 -3.428723904380358012e-01 1.376359408229877457e-01 9.292442475846045546e-01 -6.576366393358661078e-02 9.832640766237664698e-01 -1.699026077705756976e-01
1.672762572272581683e-01 9.631431017919873661e-01 -2.106514164171457704e-01 -9.855601430030205279e-01 1.690475228969263444e-01 -9.702552565141660604e-03 2.626515356715705685e-02 2.092326467665188150e-01 9.775130900582207349e-01
-2.140890468346379194e-01 2.844017805460141712e-01 9.344953222181978658e-01 4.214992478657225705e-01 -8.361318251352171105e-01 3.510298492218023592e-01 8.811947934901038781e-01 4.690407212794086012e-01 5.913152887948763120e-02
3.995811209082604787e-01 7.425387537507036617e-01 5.375603473025611923e-01 2.142127713298570824e-02 -5.938127991382304849e-01 8.043180269430814100e-01 9.164475198829936664e-01 -3.098750695973648828e-01 -2.531825123154013979e-01
4.505846007245947193e-01 7.011786303952710631e-01 5.525595405627069523e-01 7.725819644140593523e-01 -6.164042856105739210e-01 1.521935115010870920e-01 4.473149068072415080e-01 3.583214826910747774e-01 -8.194602425927073330e-01
4.012620265861158164e-01 -4.495743117725752858e-01 7.980424325900336013e-01 8.264404531631236450e-01 -1.979750578840627218e-01 -5.270693064781264425e-01 3.949493175023022773e-01 8.710274477018604689e-01 2.921065250117639844e-01
-7.160406354164728926e-01 2.722835802561961449e-01 6.427654785030395557e-01 4.234964395323692621e-01 -5.625367598865794738e-01 7.100726438046430777e-01 5.549203313411575911e-01 7.806497586620883000e-01 2.874880522126850302e-01
-2.017366659024203146e-01 -7.781549736730472011e-01 5.947916900718053235e-01 6.800649425251334979e-01 3.257376688523603847e-01 6.568155334939309586e-01 -7.048503327507635863e-01 5.370007523630943025e-01 4.634826861735056314e-01
-9.832275790175318830e-01 1.453053173823281863e-01 -1.102265512467114073e-01 5.976143555550151448e-02 8.276807388338595084e-01 5.580082126490454320e-01 1.723139538159015882e-01 5.420617670559854107e-01 -8.224821834036735169e-01
4.198193249858409581e-01 7.835909452238548623e-01 4.579704847821731706e-01 -7.413338199947711038e-01 5.871619950080765316e-01 -3.250614694947649430e-01 -5.236180876367748649e-01 -2.030419222262278278e-01 8.274044211377439284e-01
5.692921216008819396e-01 8.211114201548900260e-01 -4.101848332624961208e-02 8.078043203036785469e-01 -5.679469642137366936e-01 -1.577606603025998311e-01 -1.528354029074361908e-01 5.667699296557435901e-02 -9.866250848658277839e-01
7.371901084254603997e-01 2.593936814705392058e-01 6.239115819191195511e-01 6.749511338702676166e-01 -3.257330998243418985e-01 -6.620716838576207186e-01 3.149144212159638717e-02 9.091825260595286506e-01 -4.152052786045914434e-01
7.675047167098200118e-01 2.442889509473995802e-01 5.926714252207531120e-01 6.410327426099897696e-01 -2.977816552409277007e-01 -7.073917646565359707e-01 3.678685919460642720e-03 9.228483051114050317e-01 -3.851460411621980828e-01
7.392841915441485945e-01 2.657458735773657321e-01 6.187390522744767862e-01 6.651143969153586744e-01 -1.445224894301536944e-01 -7.326227467563577456e-01 -1.052697636970560818e-01 9.531486666441464362e-01 -2.835945981954735573e-01
7.395374460259984684e-01 1.374899440421681329e-01 6.589240329602685797e-01 6.702933448614092349e-01 -6.087828195965407779e-02 -7.395949341498662122e-01 -6.157270304158845436e-02 9.886305427574663129e-01 -1.371803636357259715e-01
-2.974551355141185627e-01 7.676141418496537083e-01 5.677050040194268066e-01 8.671336172462937864e-01 -3.160049359879096853e-02 4.970721262006863039e-01 3.994993519364401502e-01 6.401327503235034744e-01 -6.562242983657583517e-01
9.435858930519529508e-01 3.093471296688974914e-01 1.181101849925017683e-01 -1.514659459708023737e-01 8.604180098649073793e-02 9.847105542717472515e-01 2.944549704870313422e-01 -9.470486586488657821e-01 1.280433852522882554e-01
9.127961614305750704e-01 2.661844948736395433e-01 -3.097563274034498826e-01 3.944690312380400021e-01 -3.780944440824277608e-01 8.375194175349740533e-01 1.058175366927900374e-01 -8.866737878401873552e-01 -4.501246970400588632e-01
6.707672550974211889e-01 -6.053194253558146221e-01 -4.285553438891856470e-01 -6.572277843165488243e-01 -2.173589567717069682e-01 -7.216694003721342288e-01 3.436901642634421772e-01 7.657306818967236639e-01 -5.436300155349654828e-01
1.188316137538578260e-01 -8.245138477608572325e-01 5.532232482671347595e-01 -9.305384390445592402e-01 -2.868471360821250316e-01 -2.276333323175632750e-01 3.463773390872580960e-01 -4.877454616621960670e-01 -8.013283369473227502e-01
-6.939425293776785297e-02 -9.129859591718959555e-01 4.020461118008520351e-01 -7.805667414148450556e-01 -2.012701209089926835e-01 -5.917819705147241427e-01 6.212084995041678992e-01 -3.548900911328094487e-01 -6.986794854291393797e-01
2.129084288452686713e-01 -9.766371700306545334e-01 2.915199892209405577e-02 -6.715287304455083151e-01 -1.679365078290055713e-01 -7.216969540772929514e-01 7.097317557450019132e-01 1.340789597689096002e-01 -6.915950169242139900e-01
2.529584318798380194e-01 -9.673902886037417659e-01 -1.296384418539222975e-02 -3.422192205652176966e-01 -7.693590757928651935e-02 -9.364650934235011492e-01 9.049298518761709209e-01 2.413232181952686961e-01 -3.505211370848417829e-01
2.665042317939617655e-01 -7.125263175909868352e-01 6.490622013152044234e-01 -4.413751354499445001e-01 -6.888787367478741430e-01 -5.750078920007936079e-01 8.568334051858939038e-01 -1.332378804878006362e-01 -4.980804984745587083e-01
-1.405188924045362026e-02 -2.761367448061265439e-01 9.610156307660407959e-01 -9.285719140105137548e-01 3.601018464635832306e-01 8.989360758346380542e-02 -3.708864312961931420e-01 -8.911089486372553159e-01 -2.614729369150466387e-01
-3.172253474998893985e-01 -8.808738073467942131e-01 3.513252260142125660e-01 -9.369762709024465064e-01 3.483236219120467436e-01 2.731523720964624743e-02 -1.464361521937808386e-01 -3.205183145288841295e-01 -9.358549371469080391e-01
-1.591086952376543906e-01 -9.022568389388521126e-01 -4.007705324594635909e-01 1.723589748585065418e-01 3.743215485224782868e-01 -9.111398147910446665e-01 9.720991754371033355e-01 -2.140466652386919799e-01 9.595425063382750919e-02
-3.439991998665246631e-01 -9.259108331284764404e-01 1.560566550536107433e-01 -4.379747073491603582e-02 -1.501965479916515522e-01 -9.876855666296919800e-01 9.379479367472455253e-01 -3.465979314230284158e-01 1.111493971475595484e-02
-8.902617386976344749e-01 -2.082237631760138485e-01 4.050640703146654031e-01 -4.096879454251495800e-01 -2.242170721735644440e-02 -9.119501381209277335e-01 1.989719175772912685e-01 -9.778241823018486434e-01 -6.534557767238095838e-02
-9.498261328835354567e-01 -3.091761476293037325e-01 4.733314936290983210e-02 -7.666504131595389127e-02 8.341545071341933959e-02 -9.935614394803674587e-01 3.032371823037730008e-01 -9.473394176953582324e-01 -1.029331771057722389e-01
9.058860399031979371e-01 -4.172046049740403828e-01 7.287523788610704434e-02 2.522789741217141835e-01 3.933490702464928490e-01 -8.840994447189270966e-01 3.401849525252361173e-01 8.192782351098280014e-01 4.615813812869061228e-01
-5.681118356149577053e-01 -7.497226947246388162e-01 -3.393594307648299946e-01 -8.120137914781672128e-01 4.436729038632221123e-01 3.791938248796097866e-01 -1.337256321108814261e-01 4.909890379554346374e-01 -8.608409957269360646e-01
-6.355449075865400310e-01 -4.972859707251603423e-01 -5.905838922293356053e-01 -7.546946365969021686e-01 5.614881686520566406e-01 3.393626997117240029e-01 1.628455585291975205e-01 6.613907315526087460e-01 -7.321500012180693906e-01
-4.465621072797713031e-01 -4.842009042668900531e-01 -7.524172835926724590e-01 -8.492478558482190465e-01 4.941310134437492119e-01 1.860446744474456848e-01 2.817097152727477405e-01 7.220692666636486789e-01 -6.318667663841547322e-01
3.077199042467431700e-01 -9.248756133031316162e-01 -2.234134294252064223e-01 9.515583784874467876e-02 -2.037155577220247926e-01 9.743948573680528691e-01 -9.467068326856412641e-01 -3.210997842714329309e-01 2.531998197393758171e-02
8.188753222614936211e-01 -2.405140025349370436e-01 -5.211489433700891016e-01 -3.576654523495556015e-01 -9.239547938689542939e-01 -1.355837862067817978e-01 -4.489082654470999967e-01 2.974231891954677853e-01 -8.426273290975514474e-01
7.754180595714381674e-01 -2.455047432535264196e-01 -5.817682132348638291e-01 -4.465190937786620573e-01 -8.646351318197412761e-01 -2.302754605122762921e-01 -4.464835179282078959e-01 4.383303661202113677e-01 -7.800762516288861637e-01
9.247063186044897076e-01 3.771260240951327947e-01 5.190555156367630818e-02 9.961118095420873342e-02 -1.081055558172036718e-01 -9.891363917227803393e-01 -3.674177961964283368e-01 9.198310446770378013e-01 -1.375318591691002124e-01
-7.570812200746530884e-02 5.108310556107586997e-01 -8.563410026885908133e-01 6.842915215958613739e-01 -5.980400287170567486e-01 -4.172448172525613508e-01 -7.252678082847217045e-01 -6.175757092662409464e-01 -3.042808728628468851e-01
-3.796399336942611336e-01 8.365104914361399802e-01 -3.951249403187361287e-01 1.495033496739816004e-01 -3.660129157864570604e-01 -9.185223426317703499e-01 -9.129744077359872589e-01 -4.077802633708061397e-01 1.389199857328265487e-02
-7.571638752416256501e-01 1.782499997052657548e-01 -6.284344067873405271e-01 4.613933965707044949e-01 -5.350794135779425309e-01 -7.076765891041146839e-01 -4.624056656552043565e-01 -8.257826340933538400e-01 3.228994295439518991e-01
-1.475995567543059162e-01 -1.047414060902298188e-01 -9.834854389853336931e-01 9.621144610900503880e-01 -2.456787425200893382e-01 -1.182274047552011875e-01 -2.292381613242763794e-01 -9.636758756573653439e-01 1.370352949742362492e-01
-1.435035139884155986e-01 2.783100333086919662e-02 -9.892583973495370220e-01 8.830321495759135830e-01 -4.477281503459534795e-01 -1.406901780620557207e-01 -4.468343812737762266e-01 -8.937365040331455290e-01 3.967489219006613277e-02
2.909463859428515486e-01 -6.230338828819182995e-01 -7.260709202880072377e-01 8.497701624989575375e-01 -1.804089645030883260e-01 4.953213870341351965e-01 -4.395917099232986014e-01 -7.611053713566893197e-01 4.769462676850584892e-01
-9.427143103128459156e-01 2.088551582423089359e-01 -2.601331428460341710e-01 -1.888583514558309917e-01 -9.769075483880778066e-01 -9.992079357061248168e-02 -2.749950039850922456e-01 -4.506844547990588451e-02 9.603887665967693055e-01
-9.826687187126810219e-01 -1.749248295740483405e-01 -6.134731666558837504e-02 1.737164908610534797e-01 -9.844897118759307064e-01 2.454766818597313785e-02 -6.468979878233817316e-02 1.346518506880642341e-02 9.978145713130087691e-01
-3.763373698844215132e-01 -7.796984073926974679e-01 -5.004403836000520522e-01 8.365306139853533329e-01 -5.181365846253969121e-01 1.781881352335695501e-01 -3.982294764250430830e-01 -3.515748471976061218e-01 8.472357469584345102e-01
-4.013491174393218897e-01 -1.279231885479585051e-01 -9.069479278119561005e-01 -3.246622909747458596e-01 -9.060355382030104154e-01 2.714663889548959430e-01 -8.564538999559211385e-01 4.034045876597153191e-01 3.221047281636647552e-01
9.999868958193275370e-02 9.774243343265539563e-01 1.861234341725659103e-01 -9.639054191601300614e-01 1.415550910330489187e-01 -2.254961177412142526e-01 -2.467521124441100222e-01 -1.568560705516952036e-01 9.562999362833038974e-01
-7.948378776654728695e-01 4.862558543955415313e-01 3.630261592424289252e-01 -1.618092620118540825e-01 -7.464153003388602770e-01 6.455090720874712140e-01 5.848508450497666988e-01 4.543340659537991044e-01 6.719598541270627168e-01
-3.596711588141370819e-01 9.228638899039195431e-01 -1.376913150082532122e-01 -4.687729078268255689e-01 -5.112636594822649733e-02 8.818378850970911564e-01 8.067766843463427540e-01 3.817176121379969311e-01 4.510022684851900387e-01
-9.723376229951906646e-01 -2.329436639532203035e-01 1.722777792147824408e-02 8.083763948267491325e-03 4.015208551258477726e-02 9.991608793329626037e-01 -2.334399273228367211e-01 9.716609796904676077e-01 -3.715832179296373050e-02
-9.332772810322835788e-01 -1.309748308343728351e-01 -3.344235494053842683e-01 -3.521534406798475514e-01 1.507231604577440043e-01 9.237264114005695470e-01 -7.057953617255577350e-02 9.798612772171053642e-01 -1.867897387013812138e-01
-7.050585471311294761e-01 5.240583381130961005e-01 -4.777607176939944744e-01 -4.892885016123989517e-01 1.281630195285043960e-01 8.626534661236974211e-01 5.133119980160547602e-01 8.419840251925660990e-01 1.660532866681347919e-01
-6.264958630568149278e-01 2.707110947989289085e-01 7.309024809955579904e-01 7.709899614906955412e-01 7.765552396968379567e-02 6.320950077935830747e-01 1.143565164442864324e-01 9.595233831177643058e-01 -2.573664010646464773e-01
-4.246223810486289274e-01 -3.573061730549884074e-01 8.318822826634740819e-01 7.035537126459568968e-01 4.480801968322110640e-01 5.515762056406149361e-01 -5.698315601427172972e-01 8.194854702211663566e-01 6.111920452452392766e-02
-9.670790891597051964e-01 3.087935204467896072e-02 -2.525955283201503643e-01 -7.902467543533556182e-02 9.070946972022156940e-01 4.134420285601848599e-01 2.418948862261766364e-01 4.197924200422414875e-01 -8.747920827789328335e-01
-6.911364720039196996e-01 3.952674251478187073e-01 -6.050570548989481212e-01 -1.045529075783477591e-01 7.737005209057286059e-01 6.248649401807704340e-01 7.151217145234010086e-01 4.951274245759549886e-01 -4.934062898361688543e-01
-6.731217573617701566e-01 5.807856047582841130e-01 4.578156627636896236e-01 7.297562129977726020e-01 4.213206961663692462e-01 5.384651711791912376e-01 1.198456063331142796e-01 6.965464466117393671e-01 -7.074320309084173308e-01
-5.984385901198411295e-01 7.317460299399075607e-02 7.978199867965510839e-01 5.543797312048678316e-01 7.567362419450998079e-01 3.464294643300797616e-01 -5.783894600393364449e-01 6.496119900398077407e-01 -4.934266864610441505e-01
-8.510212364140176122e-01 7.811177227511257107e-03 -5.250731765027397691e-01 8.794298890706915561e-02 9.878882753980798848e-01 -1.278389065703360028e-01 5.177150624372912624e-01 -1.549701288678831945e-01 -8.414008398404552169e-01
-5.544856277415652901e-01 2.283175150268658693e-01 -8.002604582009529288e-01 2.230365106554498822e-01 9.672194291868950744e-01 1.214137171740421461e-01 8.017483417773207943e-01 -1.111651390289864066e-01 -5.872324142296496685e-01
-4.586713400689457210e-01 8.789788096611944601e-01 1.304486641018125226e-01 7.982282642965317088e-01 4.720614773214225623e-01 -3.741518404435058565e-01 -3.904513284360853209e-01 -6.748491531969375012e-02 -9.181467999872298114e-01
-3.861346732828784267e-01 4.667318591296130692e-01 7.956515479543415648e-01 2.483001977459126375e-01 8.833029107918346501e-01 -3.976468025597755251e-01 -8.883957597197690292e-01 4.401521850550418197e-02 -4.569634937846209777e-01
-9.843638415218705084e-01 -5.836894338506617291e-02 -1.661953487689025177e-01 1.022643267581526544e-01 5.788456007140102555e-01 -8.089992447504130713e-01 1.434218776094079439e-01 -8.133454598029965510e-01 -5.638256184680192629e-01
-1.894136352950105337e-02 2.639885518774066075e-01 -9.643398100386156857e-01 4.898166988133599853e-01 8.432893176794802326e-01 2.212300346952443264e-01 8.716196569096096303e-01 -4.681593437766107813e-01 -1.452790505318226899e-01
1.857226365211072650e-01 9.018699274344785799e-01 -3.900483768367418724e-01 5.973010210160161204e-01 -4.188150492235372946e-01 -6.839776639899218802e-01 -7.802170163338359998e-01 -1.059461586524694382e-01 -6.164712636367671861e-01
1.487301332793795616e-01 9.425887868816804627e-01 -2.990079034066161490e-01 5.602033818016112221e-01 -3.294836813820339327e-01 -7.600083385864794261e-01 -8.148935626649267405e-01 -5.446909718238927833e-02 -5.770455779047261036e-01
9.116560660441465069e-01 4.066736200196952034e-01 5.915897248082838816e-02 7.028156218822044499e-02 -1.245354385045264849e-02 -9.974494529859387892e-01 -4.048996409745187486e-01 9.134886293904492804e-01 -3.993500611073498574e-02
1.885864244985954730e-01 8.533988669460019771e-01 4.859480778747009566e-01 7.217326069524421239e-01 -4.560076436948338752e-01 5.207293663252702265e-01 6.659858891571710515e-01 2.525220837613345037e-01 -7.019226400796361176e-01
3.431072863644718529e-01 9.042703487556922326e-01 2.541112480880505786e-01 6.423055070984303727e-01 -4.232693898520755726e-01 6.389731286723098203e-01 6.853619668428040379e-01 -5.601928217596237325e-02 -7.260446366648907190e-01
3.184219747662102584e-01 9.258203648743342784e-01 2.036273507413535744e-01 2.820873600743931675e-01 -2.976200293098659189e-01 9.120575855941632781e-01 9.050050647771242796e-01 -2.329784756958242775e-01 -3.559309800933371237e-01
2.289638170086314151e-01 1.876332009910419152e-01 9.551802721929998352e-01 3.949665634091139577e-01 -9.147534045743713760e-01 8.501542570846008784e-02 8.897061224301161531e-01 3.577988131694282981e-01 -2.835542717098723520e-01
1.103986535055934970e-01 3.370477614664164623e-01 9.349924832824217935e-01 -2.846113022690563432e-01 -8.906251131886465666e-01 3.546594343569934304e-01 9.522649546869106363e-01 -3.052633522848564041e-01 -2.396210956466386308e-03
1.902556396535933503e-01 6.140435457848063550e-01 7.659982476873069546e-01 -3.178261084439651385e-01 -6.997059060476321646e-01 6.398423320111192858e-01 9.288645522202727545e-01 -3.651878542915755754e-01 6.203607584742944908e-02
3.901087437992045159e-01 5.848433437365825327e-01 7.111774963385867343e-01 -4.910642086060239553e-01 -5.212128823261598098e-01 6.979921735402169203e-01 7.788909493873620304e-01 -6.215266644193717660e-01 8.386593097428504673e-02
8.377338644124249223e-01 1.088278451217760817e-01 5.351247261552916079e-01 2.185020773037962827e-01 -9.648773854725747334e-01 -1.458371462197971535e-01 5.004586043126353356e-01 2.390985803591468284e-01 -8.320895710437006265e-01
9.940336999359572490e-01 6.882212363884976369e-02 -8.461984808229254529e-02 1.082202091671509298e-01 -7.191452912320911439e-01 6.863806789432007616e-01 -1.361578934360882162e-02 -6.914431035136223702e-01 -7.223025992504809034e-01
9.956865972002804099e-01 6.313614459275247726e-02 -6.798549405344024577e-02 9.272774489452517699e-02 -7.018508656570501270e-01 7.062626478182357781e-01 -3.124977200417099719e-03 -7.095203940849147406e-01 -7.046779724775598108e-01
7.078776058906162127e-01 -6.854455220994208897e-01 -1.705102088217063938e-01 -6.300996044052339373e-01 -5.037108694595504588e-01 -5.909736445195094001e-01 3.191923927773613889e-01 5.257754237525333885e-01 -7.884645966502912273e-01
7.426989025798910182e-01 -6.337186736154095668e-01 -2.163307255517627758e-01 -5.995159917384449422e-01 -4.853708408115817163e-01 -6.363927423688360285e-01 2.982933384380129227e-01 6.023419208398039792e-01 -7.404088699107546079e-01
3.913006694820646558e-01 -8.638508124382475728e-01 -3.172468438182917683e-01 3.809883449597977756e-01 -1.617366195727877320e-01 9.103236495301885167e-01 -8.376942563177106615e-01 -4.770776034765695783e-01 2.658294438044267460e-01
7.502601843011585947e-02 4.418724749436969690e-01 -8.939350157845121769e-01 2.883958291043723365e-01 -8.677666876389507067e-01 -4.047330250663087603e-01 -9.545674110892984343e-01 -2.274416226447031342e-01 -1.925392582696288379e-01
3.096000059178518615e-01 4.982236693014538975e-01 -8.098895058484594234e-01 -4.311814724716963032e-01 -6.855728712817271697e-01 -5.865768286931116737e-01 -8.474847338641600114e-01 5.308135393057754614e-01 2.571450343710868225e-03
3.506351682815772586e-01 3.312309827316211042e-01 -8.759800310753633745e-01 -3.747450050860266502e-01 -8.075900271703954081e-01 -4.553729561337540588e-01 -8.582663688664633472e-01 4.879389143054327915e-01 -1.590423087710041428e-01
-3.508516534404066411e-01 -6.070864855063498045e-01 -7.129860562407103197e-01 6.147479600179769355e-01 -7.236677380687333017e-01 3.136717241515711296e-01 -7.063908712121560463e-01 -3.282544805391575116e-01 6.271052009624059620e-01
-8.415569314052900873e-01 2.267062312196747031e-01 -4.902919700850534857e-01 -7.318735792367722258e-04 -9.081427016672376507e-01 -4.186601220197532225e-01 -5.401679327438604350e-01 -3.519674958496909478e-01 7.644197055940684660e-01
-8.690288506015617642e-01 -3.262625715532976312e-01 -3.719429945913190205e-01 4.828585939533354687e-01 -7.231865685369412988e-01 -4.938104548641838454e-01 -1.078723090859580597e-01 -6.087314034048131317e-01 7.860086789859704881e-01
-7.762517944387102853e-01 -4.629163309748275390e-01 -4.279504902993876980e-01 6.170041064622834304e-01 -6.971791270363359994e-01 -3.650304061767072894e-01 -1.293796129201270073e-01 -5.474027176966300701e-01 8.268078255670914256e-01
-1.095046530167156362e-01 8.357076508710715723e-01 -5.381463121152497697e-01 -9.102977566077228300e-01 1.331235534464719206e-01 3.919644292952251807e-01 3.992076217742290267e-01 5.327953094700997871e-01 7.461651512393383534e-01
-2.051080978242242892e-01 -7.423301403447000180e-01 -6.378688195410920914e-01 -5.026056525289397392e-01 -4.793427491928824447e-01 7.194567998442767953e-01 -8.398322607835966291e-01 4.681628899560782986e-01 -2.747822450870609501e-01
2.484764404481665245e-01 -9.094119770863090535e-01 3.335105912473838585e-01 9.400878743356207989e-01 3.093856182834612834e-01 1.432317273738423213e-01 -2.334400288496878972e-01 2.779395530170746809e-01 9.318022095913520708e-01
-3.362457399633969057e-01 -8.525718021822645820e-01 -4.000751485410624642e-01 9.114986794544623905e-01 -4.014592217399105545e-01 8.944635617372567737e-02 -2.368732988524444305e-01 -3.345920133590623013e-01 9.121070249083108594e-01
-4.745913137741286092e-01 -8.055694925455340050e-01 -3.547123871111323434e-01 8.615796753705315947e-01 -5.076223569315769790e-01 7.570759839861928306e-05 -1.801209257098025096e-01 -3.055770531685289559e-01 9.349754631530617921e-01
-6.031426269150451658e-01 2.811369183859145915e-01 -7.464455805472295369e-01 -7.589533365242151497e-01 -4.901635920763496301e-01 4.286367762821708949e-01 -2.453748246597038107e-01 8.250464751292992949e-01 5.090083587721702107e-01
1.220059187538733575e-01 -9.905709738762298322e-01 6.231935095073641573e-02 -2.110246893238181265e-01 3.546398913212504139e-02 9.768371849856161138e-01 -9.698366544345543572e-01 -1.323308399003585156e-01 -2.047081154386810598e-01
-5.199359346681539096e-01 -7.910720257782322129e-01 -3.222912873037021009e-01 -8.512527536613329060e-01 4.485008708579567016e-01 2.724256196169021482e-01 -7.096036375859060552e-02 4.159952149613969641e-01 -9.065939597771816016e-01
-4.396268521083913083e-01 -7.328454219499386246e-01 -5.192935763441360875e-01 -8.978358050538552959e-01 3.745800654278398367e-01 2.314749268222606460e-01 2.488168138535258936e-02 5.680029595971237688e-01 -8.226503144230519204e-01
-2.314143826000920889e-01 -6.210607472386651118e-01 -7.488196924261338872e-01 -7.007725169793633802e-01 6.403165265067937151e-01 -3.145037763345345794e-01 6.748075747738955243e-01 4.519715633993205417e-01 -5.834007566897283503e-01
-1.523888546439174374e-01 -8.762417246089916345e-01 4.571412003249930023e-01 -9.741645660499290704e-01 5.516610087600430645e-02 -2.189979442070001392e-01 1.666764387460595576e-01 -4.787036049252175185e-01 -8.620103383362247573e-01
2.827786585719736703e-03 -9.732158711249266902e-01 2.298757747427438158e-01 -4.897515773047920185e-01 -2.017683372164493227e-01 -8.481939227702457451e-01 8.718574402678997970e-01 -1.101835118675210112e-01 -4.772045657388934159e-01
-1.249766497352945314e-03 -9.898553127216968006e-01 1.420735653115447195e-01 -4.625039840151083381e-01 -1.253927796845435982e-01 -8.777053694567078512e-01 8.866163222351903794e-01 -6.680651674511409177e-02 -4.576553140372460193e-01
3.008416166523541491e-01 -9.526739714825770422e-01 4.366492585145335947e-02 -2.763037484700389124e-01 -1.308923216759818597e-01 -9.521152444466360887e-01 9.127708147565871677e-01 2.743711066892541850e-01 -3.026052470508571735e-01
3.078646295359374063e-01 -9.495924458880984353e-01 5.910631601580111638e-02 -3.259834266080178788e-01 -1.636417217578246819e-01 -9.311048235709178389e-01 8.938423661125017849e-01 2.673865621387775393e-01 -3.599308974372864567e-01
4.082560086349780737e-01 -8.593372651824034980e-01 -3.080040520549434668e-01 -3.390080916785374043e-01 1.705519849171427404e-01 -9.251948628355539661e-01 8.475851256304075543e-01 4.821322278272326400e-01 -2.216934137506942626e-01
-7.618220365528951543e-01 -5.432264760125533609e-01 3.528911735668409655e-01 -6.411548850953152634e-01 5.545656695614954446e-01 -5.304501215592511976e-01 9.245322028362533417e-02 -6.303664917353980490e-01 -7.707726565962198517e-01
3.298632683695041368e-01 -2.288104053368631707e-01 9.158799171235109116e-01 -8.916350632791096853e-01 2.432023106236688159e-01 3.818894474040450682e-01 -3.101243913526420815e-01 -9.426019491370095649e-01 -1.237918711841139302e-01
-3.235364594220910828e-01 -6.449124357174186306e-01 6.923959197465308080e-01 1.629231335326301877e-01 -7.587926260256232514e-01 -6.306265164493540798e-01 9.320838009452402373e-01 -9.122335745939881557e-02 3.505682345411638701e-01
-1.997309864482991748e-01 -8.663283779074284485e-01 4.578020038015050419e-01 2.588854779640024639e-01 -4.972706152820818293e-01 -8.280701929645396531e-01 9.450321911722056045e-01 -4.687298592221013360e-02 3.236001867103867058e-01
-7.951829857659667988e-01 -2.056627338783821590e-01 5.704269094651762684e-01 -4.750723797012115779e-01 -3.732902239415718526e-01 -7.968441772107517362e-01 3.768159407367874247e-01 -9.046310013498989333e-01 1.991293504316457297e-01
-1.577602185062585427e-01 4.427100088009059964e-01 8.826774957844795155e-01 -9.331389111282158977e-01 -3.592657711653034491e-01 1.341186815650607933e-02 3.230533794828733263e-01 -8.215448580427618941e-01 4.697877821188979897e-01
2.718811409195551199e-01 -7.604925705414088410e-01 5.896877948233297806e-01 6.385204485398215946e-01 6.010131440672348280e-01 4.807024416985236082e-01 -7.199807511376856706e-01 2.458337869572402024e-01 6.489941965699510540e-01
-1.588664779263961047e-01 8.248406433471477950e-01 5.425858045267358820e-01 9.114699370953861512e-01 -8.868508778823329386e-02 4.016933021290326478e-01 3.794522314634542481e-01 5.583662492366966434e-01 -7.377283617638327184e-01
2.304094336415276056e-01 5.529050486002888842e-01 -8.007543319403916948e-01 -7.346554135309190103e-01 6.384607220850843090e-01 2.294544175306003631e-01 6.381166948597293276e-01 5.354100424785710466e-01 5.533020605007630266e-01
-2.758922021052368501e-01 -9.363189988944954356e-01 2.172331124086135379e-01 6.545134776397423249e-01 -3.485174202885230610e-01 -6.709304847324822907e-01 7.039144837304130986e-01 -4.292248903131164195e-02 7.089866427020353745e-01
-9.594605112282933446e-01 2.042243448787372240e-01 1.942368254281174322e-01 -2.494227427056342483e-01 -2.943472843057176047e-01 -9.225768107009022501e-01 -1.312395626887764011e-01 -9.336231001751722491e-01 3.333527921055395304e-01
-8.131683393826986128e-01 4.180446985960565298e-01 4.049640500110058272e-01 -5.561747179749033654e-01 -3.530485606658934628e-01 -7.523472581841961215e-01 -1.715428078093652331e-01 -8.370157368816151244e-01 5.195938041407015540e-01
-7.819490929409108615e-01 4.472821554212887407e-01 4.341592904575153899e-01 -5.887923367261389540e-01 -3.013290503203126525e-01 -7.500162582542004852e-01 -2.046440819116448206e-01 -8.421041959726507375e-01 4.989802830411194656e-01
1.242192624364816117e-01 -7.789478511183676179e-01 -6.146623626657272688e-01 -1.501416581200445133e-01 5.975721868376842050e-01 -7.876325056871330554e-01 9.808297800009441181e-01 1.901255552420700601e-01 -4.272254565442463320e-02
-9.894909625200528636e-01 -7.547804130289485769e-02 1.233316681644171242e-01 -8.275278739057087551e-02 9.950533877104217328e-01 -5.496118434953964349e-02 -1.185732316765901184e-01 -6.458963451740241946e-02 -9.908423526690196548e-01
-8.248946572266711019e-01 2.758338406908060203e-01 -4.934212164151960400e-01 1.687811163230212574e-01 9.532341919380918904e-01 2.507140005920855397e-01 5.395013802129217106e-01 1.235324558563158925e-01 -8.328733355669758476e-01
-8.595784806552789759e-01 5.102400214766112940e-01 -2.792769374490766676e-02 4.876520710629576039e-01 8.354042978937092911e-01 2.535648174505428787e-01 1.527098332864332275e-01 2.043398628370549641e-01 -9.669151603286422203e-01
-5.050074555893926398e-01 -2.552199582283668500e-01 8.245181882293673992e-01 -7.766286279683998206e-02 9.648435436627714745e-01 2.510884624877556259e-01 -8.596138374533803805e-01 6.276710264283753837e-02 -5.070742956258942336e-01
-8.669545471711547213e-01 -4.359744054391114232e-01 2.414873308090341730e-01 -4.897192262796660200e-01 8.351712444289887127e-01 -2.503279287074864912e-01 -9.254670470256520787e-02 -3.352839248770336789e-01 -9.375605565336821989e-01
-2.903926207783291136e-01 3.170258784788074213e-02 9.563822832535329166e-01 -7.899028257567088929e-01 5.561878259833757943e-01 -2.582801349106292332e-01 -5.401163315981662993e-01 -8.304517133172969467e-01 -1.364708767074722662e-01
-9.064546029235839297e-01 -1.399356215491444344e-01 -3.984445691188457928e-01 4.013936799498006303e-01 7.714462894023526272e-03 -9.158731357336638013e-01 1.312370623528464342e-01 -9.901305514344621583e-01 4.917646369030286013e-02
8.003595483535692889e-02 -4.982727615703594903e-01 -8.633183080478722404e-01 1.238017410279648040e-01 8.643597478167261983e-01 -4.873965072429741752e-01 9.890739986735259670e-01 -6.787106475703381936e-02 1.308668931269824920e-01
-6.288797385904004722e-01 7.446472900102274473e-01 2.236306952788320868e-01 7.647495926892071694e-01 6.443069351980850179e-01 5.160788441925368182e-03 -1.402438407637253415e-01 1.742669984135692129e-01 -9.746602887117972180e-01
-5.541993907957920573e-01 5.153836842011617625e-01 6.536380445635113778e-01 3.884525520594339643e-01 8.546423565291493274e-01 -3.445156850200232768e-01 -7.361845217335707403e-01 6.297698377614209531e-02 -6.738443807544689523e-01
-8.540281312200046493e-01 5.175808024179712197e-01 -5.240290119102040262e-02 4.424542414905296428e-01 6.696771501405358595e-01 -5.964618669845466181e-01 -2.736241861968842781e-01 -5.325810995031832196e-01 -8.009289463991630109e-01
-4.165947682639850047e-01 4.130554885158228551e-01 -8.098357626469900872e-01 2.799018357057150297e-01 9.058223324003553678e-01 3.180265153935301625e-01 8.649299170589764829e-01 -9.418633410286002261e-02 -4.929758341385679365e-01
-4.695127545323606877e-01 7.997621196627721085e-01 3.740833132925674986e-01 8.546046137251188668e-01 3.051983062207339614e-01 4.201249196128876151e-01 2.218304026304228072e-01 5.169473337125405354e-01 -8.267748947786934810e-01
-4.902367557966403333e-01 7.654003485728564371e-01 4.169295260239265222e-01 8.617748233834046090e-01 3.540774051135545109e-01 3.632813578626823969e-01 1.304303532483415962e-01 5.373932429725950533e-01 -8.331845085927309658e-01
-2.383053160143304428e-01 5.252871533641566559e-01 8.168745208842611571e-01 9.698445841480094476e-01 1.729761962852919832e-01 1.716994994676663555e-01 -5.110830615550857048e-02 8.331582334882452479e-01 -5.506680479314755017e-01
6.427404247620519852e-03 4.794521145945503382e-01 8.775445050169548011e-01 8.609589480545510876e-01 4.437139984611466748e-01 -2.487319387099750090e-01 -5.086338351303804073e-01 7.571284946298323382e-01 -4.099366589854160914e-01
5.652089917218987569e-01 6.846339964699553748e-01 -4.602337303526242152e-01 8.213481313589847677e-01 -4.149664596860903054e-01 3.913950490855709896e-01 7.698079494145740331e-02 -5.992321154721013121e-01 -7.968656279430126332e-01
4.872429211685661010e-01 7.029681421547840925e-01 -5.181024289525907323e-01 6.421268418069091544e-01 -6.904975217090133510e-01 -3.329959332256107185e-01 -5.918339757078900920e-01 -1.704375651937161951e-01 -7.878347425498767320e-01
3.866054203154520308e-01 -6.856159339480433212e-02 -9.196931862821853265e-01 7.129500851275222262e-01 -6.103601231441939667e-01 3.451995020159555616e-01 -5.850114743313776788e-01 -7.891513340206490756e-01 -1.870875381046476771e-01
-2.964223403541002000e-01 4.243989281081155807e-01 -8.555812912632445588e-01 1.990034969155200784e-01 -8.487333335076058249e-01 -4.899483001383532765e-01 -9.340938948277057730e-01 -3.154952906364056897e-01 1.671266502741482196e-01
5.237056588071395957e-01 7.804785197197366964e-01 -3.414464279934251723e-01 -1.277993252488013320e-01 -3.242922644834110302e-01 -9.372843003391089223e-01 -8.422586986189761760e-01 5.344977151048552200e-01 -7.008906582597793089e-02
4.042030695556900755e-01 8.569680116996906127e-01 -3.197275488368768182e-01 2.936877702062178908e-01 -4.526431162166681399e-01 -8.419392513554427859e-01 -8.662374802518405525e-01 2.464143588858878076e-01 -4.346407614821683474e-01
3.410153446657777088e-01 9.395331969903701896e-01 -3.139914736956239683e-02 2.112022465363246060e-01 -1.091203716280733926e-01 -9.713322580629973890e-01 -9.160251883875746293e-01 3.246076343045640744e-01 -2.356432430406265321e-01
2.435504102969802964e-01 9.647503478893281192e-01 -9.969936755863942346e-02 2.304268942458491121e-01 -1.574078501951375886e-01 -9.602740312562646485e-01 -9.421181688367891160e-01 2.109017186851859516e-01 -2.606411728857318533e-01
1.242954271146149842e-01 8.538519208227167701e-01 -5.054577569943436988e-01 5.353065944412812582e-01 3.712139594456904668e-01 7.587140741150983914e-01 8.354624448448136897e-01 -3.648795604305764551e-01 -4.109323662525454224e-01
1.599100705811427603e-01 5.593917114181118366e-01 8.133324551027397709e-01 7.756307518245503241e-01 -5.808514596798370899e-01 2.469990255282105418e-01 6.105945513602435426e-01 5.913480320289555836e-01 -5.267654116062143732e-01
1.285829340757987660e-01 6.175058442719979501e-01 7.759851553698607907e-01 4.845306096227259829e-01 -7.218453813062069013e-01 4.941349348361502303e-01 8.652725104861986871e-01 3.124512406389583496e-01 -3.920174802481225518e-01
3.739248935499212556e-01 7.098797271068791881e-01 -5.968676126465090048e-01 3.670239473332561619e-01 4.777568415674766089e-01 7.981489976310091050e-01 8.517473780808461070e-01 -5.175124862050499708e-01 -8.189768344875622552e-02
-9.455627683581885323e-01 7.341460433544907960e-02 3.170510163444804630e-01 2.962184535226127791e-01 5.976250665761221326e-01 7.450496007599475279e-01 -1.347801131008214970e-01 7.984075248080738652e-01 -5.868387729541859610e-01
8.377295304955613420e-02 1.202738556635217781e-01 9.891998240907583506e-01 8.458592940653038017e-01 5.161972389636900749e-01 -1.343966708278478417e-01 -5.267866237678237029e-01 8.479826708902096222e-01 -5.849139158204291061e-02
-3.111821562370457595e-01 7.083297228947397217e-01 6.335887225192102790e-01 -2.084416382690116032e-01 -7.013267033067097644e-01 6.816838993732160512e-01 9.272096575615427216e-01 8.006159436836036980e-02 3.658857636364155064e-01
-2.178000632784549695e-01 9.270763113514891574e-01 3.051108738914722340e-01 -3.559645943857331907e-01 -3.665365837813110428e-01 8.596162750284145337e-01 9.087641828217605244e-01 7.861581062892397664e-02 4.098380342762927842e-01
-9.448040042469940669e-01 -8.655854439264119848e-02 3.159952720397465886e-01 3.110058072979689503e-01 -5.403110502565249273e-01 7.818819327735040403e-01 1.030571753241123906e-01 8.370015456158482747e-01 5.374082537986341057e-01
-2.249470432808103326e-01 -5.609818912053662343e-01 7.966794496275602100e-01 9.544245207791487440e-01 -2.914520964446753459e-01 6.426126059684927894e-02 1.961444922874811814e-01 7.748257824941389149e-01 6.009761600326855024e-01
4.639026407858939383e-01 1.161518585886039956e-02 8.858100402057645928e-01 7.449615955851164595e-02 9.958608379858183701e-01 -5.207219581712124040e-02 -8.827483571680588836e-01 9.014587524478295810e-02 4.611171858578309024e-01
9.768069737545778120e-01 -1.682540113815164384e-01 1.324338464232324708e-01 -1.831327043202385374e-01 -9.769664488020242121e-01 1.095398125044849957e-01 1.109529117814390398e-01 -1.312522211971675345e-01 -9.851204524310872568e-01
9.875522273997601186e-01 -5.817251165228424364e-02 1.461388279884495711e-01 -9.677404229959755966e-02 -9.571459886683961749e-01 2.729584970521969356e-01 1.239975116474863331e-01 -2.837032168729557435e-01 -9.508612421595319386e-01
9.665053190198060751e-01 -2.263869799959247753e-01 1.208983192387243499e-01 -2.548511471300431985e-01 -7.909632475111689764e-01 5.562625584138185530e-01 -3.030447348040794797e-02 -5.684417968226038731e-01 -8.221651674159914380e-01
9.711018329356132517e-01 -9.465408245585489599e-02 2.190932101721383141e-01 -2.247765936580669033e-01 -6.713134773738437255e-01 7.062674408747118271e-01 8.022912820521611865e-02 -7.351046318522813650e-01 -6.731897705823766120e-01
5.536432017897680025e-01 -4.903270961246992132e-01 6.730962367432273830e-01 -1.539035238544826933e-01 -8.546002123685061402e-01 -4.959558270298647376e-01 8.184087673388814599e-01 1.709906892951326696e-01 -5.486066657608419384e-01
7.399400368458469712e-01 -5.589868079748042673e-01 3.741957915085452613e-01 -1.079333423631644723e-01 -6.477354903066067093e-01 -7.541810977501202107e-01 6.639571789497296095e-01 5.176605867819179529e-01 -5.396187370854699239e-01
3.871227049564366363e-01 -7.740277336789195273e-01 5.010160464526938195e-01 -3.556546140655952870e-01 3.759769263364172165e-01 8.556583116854956650e-01 -8.506737369879622257e-01 -5.094334287799497929e-01 -1.297373301730825879e-01
6.515517181962246496e-02 -3.347789757157787482e-01 -9.400414038774300707e-01 -5.178189967534896354e-01 -8.166221270670961374e-01 2.549348704779733077e-01 -8.530054455783767642e-01 4.701609713737472940e-01 -2.265620683400676738e-01
1.335463429485836129e-01 -2.874585509397363237e-01 -9.484371121886185918e-01 -6.964505207042216428e-01 -7.080778076129677912e-01 1.165439426861452216e-01 -7.050688239426543547e-01 6.449755033004277438e-01 -2.947618592126229897e-01
1.171511567163927986e-01 -2.053731560913790721e-01 -9.716467841953050355e-01 -7.166810748668442921e-01 -6.947769224835076418e-01 6.044224443261289603e-02 -6.874909769645830560e-01 6.892799828381879212e-01 -2.285809743851638653e-01
-3.175089795037884799e-01 -5.781163109360556440e-01 -7.516445828742123192e-01 -1.144464015502688337e-01 -7.635036009530969947e-01 6.355818377705965139e-01 -9.413235730112453625e-01 2.878259584563909734e-01 1.762559177219376605e-01
1.843075614119384087e-01 -9.194172972607449479e-01 -3.474227342937299401e-01 5.254107274658444127e-02 -3.437564350344359809e-01 9.375878353770669138e-01 -9.814632741376636549e-01 -1.910584907041892599e-01 -1.504973916101337225e-02
2.240367289181733612e-01 -9.111215239149969003e-01 -3.459264557018720820e-01 1.353984203544763842e-01 -3.224080962896360147e-01 9.368672729967707502e-01 -9.651294275179664872e-01 -2.567305749335419551e-01 5.113315981958814482e-02
2.043358909535071544e-01 -9.624927442642767783e-01 -1.784784606244078087e-01 2.270259862744496704e-01 -1.307591735518946474e-01 9.650705881375407635e-01 -9.522111347933031045e-01 -2.377178070121112319e-01 1.917920723205284450e-01
1.300303255392618040e-01 -9.627461347546444337e-01 -2.370906882506062519e-01 2.364891573050811047e-01 -2.021052125648980791e-01 9.503822186527010052e-01 -9.628940714934777212e-01 -1.796478863474043619e-01 2.013992155238548687e-01
-4.987096033096131698e-01 -2.753767914214362289e-01 -8.218615177225438995e-01 -7.608689327651707579e-01 5.932549471049677337e-01 2.629202063141445334e-01 4.151712884094448386e-01 7.564497276633239675e-01 -5.053875847293090029e-01
-7.288263164444338527e-01 -6.835461054555105331e-01 3.971047940585185204e-02 -6.711811645198162424e-01 7.247024926610552420e-01 1.559555754844212661e-01 -1.353811096566353567e-01 8.701160179802269745e-02 -9.869655193068703758e-01
1.131883194626769618e-01 -8.700401599309199874e-01 4.798109257244923542e-01 3.902159196759055759e-01 4.830385403080625917e-01 7.838401014292032398e-01 -9.137395363935516546e-01 9.850831784390455537e-02 3.941778417755898989e-01
4.820433740898234787e-02 -9.632234301127621245e-01 2.643425155679011707e-01 2.200401497011837404e-01 2.683891157714094478e-01 9.378430652592798511e-01 -9.742990682405694436e-01 1.295786314351599425e-02 2.248853472512432061e-01
-8.859583562790371847e-01 1.032138979031767823e-01 -4.521334783213686870e-01 -3.242362864618370533e-01 -8.349067260571005900e-01 4.447489059301343306e-01 -3.315850139568806143e-01 5.406270896507556767e-01 7.731582816312386752e-01
-9.573540284890513785e-01 -1.702876572087517471e-01 -2.333996099785505540e-01 6.488807750532191165e-02 -9.139324608568375474e-01 4.006457217914957680e-01 -2.815365012453055482e-01 3.684149437719921871e-01 8.860065618673670373e-01
-4.623215617835728652e-01 -8.786766226855220463e-01 -1.191056936336935684e-01 5.088555582899064733e-01 -3.729104554277079542e-01 7.758890468553910624e-01 -7.261713257265574040e-01 2.981026416834722248e-01 6.195240275516923356e-01
-7.035772386977416637e-02 2.816001497996314940e-01 -9.569488734121013307e-01 -2.873883411125496834e-01 9.129281895146889036e-01 2.897758826783373154e-01 9.552265344327708352e-01 2.954039207970296510e-01 1.669705043715440443e-02
-3.199719501333553873e-01 -9.034103070618971776e-01 2.854255913932491895e-01 -9.316922159440574891e-01 3.547166880038581938e-01 7.826676178829079789e-02 -1.719522197504558536e-01 -2.408856333322974275e-01 -9.551997412986400482e-01
-1.810460096251167716e-01 -9.807315320067377939e-01 7.340302804748366494e-02 -9.375318610103882122e-01 1.495615697963055546e-01 -3.141104048427287854e-01 2.970797064580820712e-01 -1.256861128676609596e-01 -9.465445837587354028e-01
4.301110133373628464e-01 -2.953896527291842156e-01 8.530823344006361886e-01 -9.020878591485662623e-01 -1.775144088346626292e-01 3.933524234485361037e-01 3.524217051577659826e-02 -9.387404261650886816e-01 -3.428183217109680436e-01
-2.602589022609154146e-01 -6.300812579695637128e-01 7.316166428871307970e-01 -2.322896278351320731e-01 -6.946143208998819540e-01 -6.808468799965318174e-01 9.371802561909632345e-01 -3.471434192899066629e-01 3.441821973247276290e-02
2.366887369047167844e-01 -9.699533524581914756e-01 5.629330224427089163e-02 -9.852704812139347068e-02 -8.160287187597914382e-02 -9.917829359744385620e-01 9.665768787897497383e-01 2.291974375003080489e-01 -1.148811213052780694e-01
-6.181833429148773096e-01 -5.793260178389885162e-01 5.312539125478579205e-01 -7.858729345472497130e-01 4.418437874518295061e-01 -4.326404953726784020e-01 1.590865452139272190e-02 -6.849492189535240083e-01 -7.284171072718408357e-01
-1.149215331139632340e-01 -1.575905049999315188e-01 9.807947155040157572e-01 -9.760148555043426377e-01 2.016888858454677635e-01 -8.195483610654955009e-02 -1.849000894039097287e-01 -9.666885879435428430e-01 -1.769890699397728695e-01
6.291838777957943218e-01 -5.049883120845990447e-01 5.908590801365373180e-01 -1.183990716662114695e-01 6.890439717198914016e-01 7.149825626300664316e-01 -7.681857247765194741e-01 -5.198126678856773708e-01 3.737452107454331540e-01
7.819056384420637329e-01 2.272258834231785929e-01 5.805100950673166560e-01 2.998114765007452998e-01 -9.535076390452961181e-01 -3.059837970724085116e-02 5.465680663293016606e-01 1.979686343460030362e-01 -8.136779268753865368e-01
5.826326195205434599e-01 -1.036789573795335595e-01 -8.060954685813106479e-01 -4.002232285859125827e-01 8.266350694147261979e-01 -3.955955375304169297e-01 7.073617165007577423e-01 5.531049952860703778e-01 4.401298288217900812e-01
-8.570973939683371734e-01 -8.809633948929372627e-02 5.075658501330367889e-01 -2.590298153679825854e-01 -7.779590145805422852e-01 -5.724363077088147067e-01 4.452949719041460197e-01 -6.221083559971357646e-01 6.439670654586515663e-01
-7.885793086165703292e-01 -5.959012447461418116e-01 1.518037566459114751e-01 5.126072512740915688e-01 -7.733731515180735094e-01 -3.729983571709441503e-01 3.396711350159624110e-01 -2.163230801856382834e-01 9.153293642268701680e-01
-9.064538595137868748e-01 3.812167634568239261e-01 1.817007975548379783e-01 -3.181849140085633021e-01 -8.994159141660172940e-01 2.996821213256987693e-01 2.776684372951373492e-01 2.138335628576850389e-01 9.365764498030395568e-01
-4.291618399150178842e-01 8.109636549103844683e-01 3.976909171393634979e-01 -8.695427708020676549e-01 -4.900758799241857755e-01 6.100001362621323281e-02 2.443675201548266840e-01 -3.196303839295106530e-01 9.154894498367824873e-01
-2.596949975142667788e-01 -3.259591062187685573e-01 9.090154945539304920e-01 3.264533359973006282e-02 -9.437364932117959793e-01 -3.290831408238114597e-01 9.651387415601073716e-01 -5.578613137118989401e-02 2.557246900211418983e-01
9.913622023792638405e-02 -9.910310763182356153e-01 8.960700646967804939e-02 9.931267037496234185e-01 1.041709557153148863e-01 5.336442902126501547e-02 -6.222025503278703906e-02 8.370076317977917513e-02 9.945465409455594985e-01
-8.329895165075655861e-01 4.720619228477256901e-01 2.885931502752631106e-01 3.119880563957732611e-01 -3.001445812512140363e-02 9.496118075139147185e-01 4.569375428380567650e-01 8.810542964544034739e-01 -1.222759528458311207e-01
-8.170915898734224525e-01 5.381641039926247094e-01 2.067383151037535394e-01 1.879966483969055524e-01 -9.027379885447900376e-02 9.780122194696300175e-01 5.449941228579014973e-01 8.379916696568033840e-01 -2.741108600821709484e-02
-3.212109776027037289e-01 -7.233536400722316850e-01 6.112143807714015553e-01 9.372836186796493774e-01 -3.350852823875898889e-01 9.600662311533880722e-02 1.353622030786177655e-01 6.037196078656726916e-01 7.856205884879936541e-01
-8.719387875880334482e-01 3.174355952413938642e-01 -3.727698935982524109e-01 -3.792478692905537629e-01 -9.194142957375431857e-01 1.041556836279834836e-01 -3.096672477645728838e-01 2.321895683857903847e-01 9.220597594487763837e-01
-3.149628910968518269e-01 9.260349440467037230e-01 -2.079847581827358183e-01 -8.682515907630463659e-01 -1.926229114571334222e-01 4.572041000682487977e-01 3.833243435647578079e-01 3.245854223254576731e-01 8.647003823547505519e-01
-8.407123694529312630e-01 -5.218469186165284324e-01 1.444939631239745836e-01 5.576653988073522472e-02 1.819858937907758711e-01 9.817185072569952764e-01 -5.386026409873688747e-01 8.334008207289017589e-01 -1.238961949771851534e-01
-3.443335567915778994e-01 -8.881971581792246218e-01 3.042042239509686885e-01 6.090983260516998898e-01 3.523048151033652403e-02 7.923118340486700051e-01 -7.144463806810689155e-01 4.581098354924284521e-01 5.288683652449082118e-01
-3.231880267772301862e-01 -2.362431457390355705e-01 -9.163725636656552265e-01 -4.982125734252198512e-01 -7.808025682367933928e-01 3.770034232150253350e-01 -8.045705258265806181e-01 5.783913255972574774e-01 1.346467357383287766e-01
-3.445921192822730128e-01 3.481275757896220013e-01 -8.718161860755930803e-01 -9.375495518561858255e-01 -1.746251286110908074e-01 3.008436508750443883e-01 -4.750904274785276715e-02 9.210392257837888286e-01 3.865612958183758385e-01
-7.703241676924751369e-01 -6.195459244323963111e-01 -1.508758568761201790e-01 -3.826441658804291546e-01 2.598575560476907298e-01 8.865988342438717584e-01 -5.100824629278747357e-01 7.407002754718871040e-01 -4.372401890600914887e-01
7.854276789972861050e-02 -9.969051504824119059e-01 3.339843153485091282e-03 5.099597940373925553e-01 4.305623234131461530e-02 8.591199970445988487e-01 -8.566049509989946964e-01 -6.577447679922081292e-02 5.117633008782468407e-01
8.531919648770988629e-02 -9.163762837848452580e-01 -3.911203666742105733e-01 8.285258223451152926e-02 -3.846668736254999499e-01 9.193295632972200426e-01 -9.929028574476789215e-01 -1.108417919913833039e-01 4.310467283687299811e-02
2.066421447856528759e-01 -9.457638244685432349e-01 -2.506587567291839735e-01 8.191554068662031118e-02 -2.385654861102343705e-01 9.676654137825774216e-01 -9.749814706918306095e-01 -2.204933041242352898e-01 2.817507132153633520e-02
2.832975155078512608e-01 -9.244724478941628298e-01 -2.551337115938490108e-01 1.757664984454392898e-01 -2.114760872662802826e-01 9.614489079190710052e-01 -9.427877044867037926e-01 -3.172200460234488872e-01 1.025806349637820580e-01
3.557523684920754770e-01 -8.418619935571531876e-01 4.058431176159756348e-01 7.610927958409595684e-01 5.129886618995367353e-01 3.969639642102471555e-01 -5.423817921273447196e-01 1.676634025853553367e-01 8.232320298689982385e-01
-6.977029659612328238e-01 4.768692352290609948e-01 -5.346085519152772303e-01 2.888563455782428568e-01 -4.956391894044435698e-01 -8.190871782329942619e-01 -6.555704255898687771e-01 -7.259046262551002160e-01 2.080622278871434860e-01
-6.263570363661012941e-01 6.437132977116351018e-01 -4.396703917071135836e-01 -2.144957828348049642e-02 -5.780335476895724911e-01 -8.157310422785609694e-01 -7.792411556034083420e-01 -5.015081336275799551e-01 3.758627586224072559e-01
-5.742157432212140478e-01 7.835487667221741059e-01 -2.373343852143398047e-01 -1.593007622601029516e-01 -3.912811185318074703e-01 -9.063787030948199375e-01 -8.030563787059157299e-01 -4.826493721622950317e-01 3.494996940929758211e-01
-9.440979668564906113e-01 4.239516092118330789e-03 -3.296377640391727759e-01 3.184740966483621261e-01 -2.465911956102217473e-01 -9.152961444316977113e-01 -8.516618308607161458e-02 -9.691103181531119937e-01 2.314560703626579174e-01
7.943189103675516449e-01 -5.978958882204602476e-01 1.076010013037628499e-01 2.783994124495875466e-01 5.156842772157734789e-01 8.102860565134821780e-01 -5.399548460568067698e-01 -6.136694819538548451e-01 5.760716371583121109e-01
-7.638618939829703303e-01 -9.838308051230243434e-02 6.378367944777563192e-01 4.531575703709200820e-01 -7.854632596625850116e-01 4.215396590307388114e-01 4.595249975096828421e-01 6.110386544148712629e-01 6.445684909104616445e-01
6.744459612818681782e-01 -6.934421037961764345e-01 2.534969309346950528e-01 5.120134165275357363e-01 1.919143736629643493e-01 -8.372640769060571975e-01 5.319444581968842956e-01 6.944832048827997983e-01 4.844875349576480139e-01
-6.246123419115102715e-01 6.973287565017753931e-01 3.515565782168022513e-01 -4.402675294781711601e-01 5.737504168442600361e-02 -8.960315882148902622e-01 -6.449991665258230089e-01 -7.144513349049033124e-01 2.711740497053420351e-01
-7.239925097755465222e-01 2.302320320167902945e-01 -6.502523027428086522e-01 6.324027923194166512e-01 5.980203244263929685e-01 -4.923803406306517805e-01 2.755023666967489904e-01 -7.677010505440069466e-01 -5.785616155070418820e-01
-7.361719981969557791e-01 2.814954943179610036e-01 -6.154762999087680653e-01 6.364802863375402797e-01 5.971284470888308382e-01 -4.881910105491132912e-01 2.300948373483946985e-01 -7.511310833376344531e-01 -6.187555748998530003e-01
2.625153112194358873e-02 3.220447517531087600e-01 -9.463604149487829797e-01 8.197494155151784367e-01 5.348704027911962422e-01 2.047548484908412181e-01 5.721204006817772747e-01 -7.811535252984924682e-01 -2.499548299942621621e-01
-3.960098539096778940e-03 7.338117417722331837e-01 -6.793413319214152146e-01 5.114114213634387562e-01 -5.822992501015243905e-01 -6.319698896547443212e-01 -8.593268736159648258e-01 -3.499255791856374365e-01 -3.729737434632741655e-01
-4.141333051461486975e-02 9.467732881611301554e-01 -3.192260592123538077e-01 3.876917229104279161e-01 -2.792398716603659015e-01 -8.784760793908089616e-01 -9.208583300608361721e-01 -1.601419211189384351e-01 -3.554919141948301164e-01
1.955331508845102040e-01 9.505283775657998868e-01 -2.413764494463041255e-01 2.056165137085446404e-01 -2.803919356786304107e-01 -9.376045070800028691e-01 -9.588997008006204803e-01 1.337017795263749087e-01 -2.502702498419683841e-01
5.481650715279456909e-01 6.784325450023047654e-01 -4.891260944158046242e-01 7.269307538909779431e-01 -6.756908242240250440e-01 -1.225299518768883655e-01 -4.136263209761406046e-01 -2.883941607265204099e-01 -8.635635903942389113e-01
2.394447936262735777e-01 1.687955045572968327e-01 -9.561246092672853747e-01 9.626949272376801314e-01 -1.691097262272678869e-01 2.112353605961294345e-01 -1.260343916401779896e-01 -9.710355184732359923e-01 -2.029910194745182250e-01
-3.732940892206192962e-01 5.197190713441214305e-01 7.684683531767280140e-01 -8.067979483126480611e-02 8.070217875425903520e-01 -5.849842776840652459e-01 -9.241981895994676455e-01 -2.803710422150735293e-01 -2.593256351159681783e-01
-8.232681599758741031e-01 2.685934704299947628e-01 5.000870768299362501e-01 -2.527922893652463365e-01 6.153203958904026605e-01 -7.466437362214702889e-01 -5.082574103812125266e-01 -7.411061719103746448e-01 -4.386753318217628816e-01
-7.530539542454971480e-01 1.468372218482333347e-01 -6.413646172615964369e-01 2.509688402555785292e-01 9.651855272507321448e-01 -7.369897697049139496e-02 6.082140932401939315e-01 -2.164618402065821290e-01 -7.636883451502903819e-01
-8.100640189090814181e-01 5.718371757329403504e-01 1.296091421105849129e-01 5.842426478493493169e-01 8.058838595436278451e-01 9.597777534954807233e-02 -4.956625568720015446e-02 1.534713307977788321e-01 -9.869091837247793153e-01
-8.135117317174335172e-01 4.477102471257328742e-01 3.711525252193744739e-01 4.507024249875838384e-01 8.887001363450612867e-01 -8.413912152252149557e-02 -3.675132466570616430e-01 9.883118070166699298e-02 -9.247520809669478314e-01
-6.608133542162001328e-01 -1.573975433015260272e-01 -7.338608343904035047e-01 3.561290776745033027e-01 7.949324686179486399e-01 -4.911765979479094102e-01 6.606797945481932555e-01 -5.859252372953556165e-01 -4.692481490385856935e-01
-8.809101121501278220e-01 -3.684306330581002542e-01 2.970795229160984041e-01 -4.659621313112816687e-01 5.651605598670634834e-01 -6.807883913189142211e-01 8.292566849593110967e-02 -7.381411858141742055e-01 -6.695303751954410076e-01
-2.654891545789224150e-01 4.539574109921118983e-01 8.505516902612726415e-01 -6.124515209934267707e-02 8.724879745666523911e-01 -4.847821836463353518e-01 -9.621665864834932913e-01 -1.807965797295941479e-01 -2.038334040651411105e-01
3.749965386143131463e-01 7.885827729922728624e-01 4.873549078106241272e-01 -6.617750709874898885e-01 5.958698088011836758e-01 -4.549647528971270671e-01 -6.491774421887956947e-01 -1.519091211845383649e-01 7.453135363416890646e-01
6.646818128828222427e-01 7.318619939647048600e-01 -1.502534838624768887e-01 7.434700505134992365e-01 -6.677874857214777249e-01 3.622372017396995048e-02 -7.382663213407493485e-02 -1.357862132316595138e-01 -9.879836702516627822e-01
6.217334385872712588e-01 7.375944792611667244e-01 -2.634424330017782201e-01 7.801702108491188614e-01 -6.129188528983963158e-01 1.251595855911799282e-01 -6.915181448154268662e-02 -2.833458380233643270e-01 -9.565213863938160088e-01
7.534825910453856190e-01 6.108890026258620987e-01 -2.430609212981634792e-01 6.466380134187909023e-01 -6.217452037692263733e-01 4.419187495363405827e-01 1.188413421050604074e-01 -4.901505157201641594e-01 -8.634982381834518383e-01
5.947726717508388106e-01 6.327419491341486069e-01 -4.958660048282075850e-01 7.298914446293652825e-01 -1.665414094434306824e-01 6.629648844376708761e-01 3.369034698474148715e-01 -7.562417502006313352e-01 -5.608872143829437551e-01
-1.063532295985452486e-01 8.237576620333514343e-01 5.568772798339917118e-01 9.905060042109075091e-01 3.870996897133174158e-02 1.319067622390167338e-01 8.710250384518816724e-02 5.656189994542135668e-01 -8.200538404765346234e-01
-3.958879959772695911e-01 8.852240438619446428e-01 2.442357197663912460e-01 8.100673673802739616e-01 2.113832838965155614e-01 5.469076408267832257e-01 4.325084449426320754e-01 4.143615564429586895e-01 -8.007752153978513476e-01
-5.984167284317677415e-01 4.134945356009653850e-01 6.862358837609425777e-01 7.939839789892547683e-01 4.206490933530546150e-01 4.389120428623988768e-01 -1.071767709973139859e-01 8.075126062727412402e-01 -5.800314909288926124e-01
-9.122692375039760382e-01 4.094593195402611019e-01 -1.038768239506046923e-02 2.742690996607923259e-01 6.295102832225246692e-01 7.269754220662177913e-01 3.042060145282678429e-01 6.603482936744246024e-01 -6.865849049943524296e-01
-8.647293132541623573e-01 -2.390739085119445440e-01 4.416864057991904402e-01 1.538631031791923287e-01 7.110469474822278535e-01 6.861037705451525914e-01 -4.780892806569226883e-01 6.612532833529285448e-01 -5.780784851349491937e-01
-8.079359122368532375e-01 -2.315468652968611651e-01 5.418723197296585470e-01 2.509692501480914051e-01 6.967861768315077864e-01 6.719400711794439873e-01 -5.331547591441986311e-01 6.788778041354196491e-01 -5.048474322546989690e-01
-3.860858761554620822e-01 8.916676405847719922e-01 -2.363609844438272489e-01 -5.318485954511712466e-01 -5.813982205450376854e-03 8.468195020944732088e-01 7.537073488761312223e-01 4.526533070075826060e-01 4.764768786680140811e-01
-2.538296433272260177e-01 3.716415651257542474e-01 8.930022728074397120e-01 6.097106924974315945e-01 -6.552396185972055864e-01 4.459976610643726080e-01 7.508817374411735912e-01 6.576804613879514427e-01 -6.027459735125633572e-02
4.633637168660508787e-01 6.699380601419276937e-01 5.800664284936247750e-01 -1.481690583775134573e-01 -5.867926401576977202e-01 7.960655297123975238e-01 8.736933077639997824e-01 -4.548157792227857099e-01 -1.726343272306262999e-01
9.237308476164183269e-01 3.477835226733457796e-01 1.605239624441534563e-01 3.446499520820179852e-01 -5.717694474134905613e-01 -7.445106510549962531e-01 -1.671458395884150572e-01 7.430520307228762888e-01 -6.480246507247187093e-01
9.067260343689602653e-01 -1.303561868001621438e-01 -4.010675294267295188e-01 -5.663042410272259991e-02 -9.800504812010404354e-01 1.905099718218307425e-01 -4.179005786828789981e-01 -1.500277269724840101e-01 -8.960194124437176333e-01
8.336655004052103690e-01 -1.708976361969234414e-01 -5.251626713471125862e-01 -2.217772652923504506e-01 -9.744708796124018635e-01 -3.494780947181747727e-02 -5.057832322582249684e-01 1.456039241563770459e-01 -8.502839638830587132e-01
7.335730858234196239e-01 -3.749241528785621225e-01 -5.668354323291713293e-01 -2.439031069428580778e-01 -9.237343526314812925e-01 2.953406849591142525e-01 -6.343357172500431185e-01 -7.840105456427665098e-02 -7.690718252959749535e-01
9.862211744241151656e-01 -7.715154271951191189e-02 -1.463401331607929456e-01 8.841385006042316863e-02 -5.018528259553068915e-01 8.604224149789251319e-01 -1.398241260834919286e-01 -8.615052991924494474e-01 -4.881166184717704581e-01
8.179182097648037830e-01 -3.196292801206538359e-01 4.783794784736191130e-01 -2.562872380350431079e-01 -9.468419550452537026e-01 -1.944406433502300358e-01 5.150986835117212781e-01 3.643398764388836725e-02 -8.563561821980714139e-01
