9.747245245492268673e-01 2.234101636951274505e-01 0.000000000000000000e+00 -2.234101636951274505e-01 9.747245245492268673e-01 0.000000000000000000e+00 0.000000000000000000e+00 0.000000000000000000e+00 1.000000000000000000e+00
9.747245245492408561e-01 2.234101636950665271e-01 0.000000000000000000e+00 -2.234101636950665271e-01 9.747245245492408561e-01 0.000000000000000000e+00 0.000000000000000000e+00 0.000000000000000000e+00 1.000000000000000000e+00
9.747245245492728305e-01 2.234101636949271108e-01 0.000000000000000000e+00 -2.234101636949271108e-01 9.747245245492728305e-01 0.000000000000000000e+00 0.000000000000000000e+00 0.000000000000000000e+00 1.000000000000000000e+00
9.747245245492870414e-01 2.234101636948658820e-01 0.000000000000000000e+00 -2.234101636948658820e-01 9.747245245492870414e-01 0.000000000000000000e+00 0.000000000000000000e+00 0.000000000000000000e+00 1.000000000000000000e+00
9.747245245492952570e-01 2.234101636948297442e-01 0.000000000000000000e+00 -2.234101636948297442e-01 9.747245245492952570e-01 0.000000000000000000e+00 0.000000000000000000e+00 0.000000000000000000e+00 1.000000000000000000e+00
9.747245245493020294e-01 2.234101636947998237e-01 0.000000000000000000e+00 -2.234101636947998237e-01 9.747245245493020294e-01 0.000000000000000000e+00 0.000000000000000000e+00 0.000000000000000000e+00 1.000000000000000000e+00
9.747245245492868193e-01 2.234101636948662983e-01 0.000000000000000000e+00 -2.234101636948662983e-01 9.747245245492868193e-01 0.000000000000000000e+00 0.000000000000000000e+00 0.000000000000000000e+00 1.000000000000000000e+00
9.747245245493324495e-01 2.234101636946671798e-01 0.000000000000000000e+00 -2.234101636946671798e-01 9.747245245493324495e-01 0.000000000000000000e+00 0.000000000000000000e+00 0.000000000000000000e+00 1.000000000000000000e+00
9.747245245493310062e-01 2.234101636946735636e-01 0.000000000000000000e+00 -2.234101636946735636e-01 9.747245245493310062e-01 0.000000000000000000e+00 0.000000000000000000e+00 0.000000000000000000e+00 1.000000000000000000e+00
9.747245245493338928e-01 2.234101636946601577e-01 0.000000000000000000e+00 -2.234101636946601577e-01 9.747245245493338928e-01 0.000000000000000000e+00 0.000000000000000000e+00 0.000000000000000000e+00 1.000000000000000000e+00
9.747245245493442178e-01 2.234101636946160263e-01 0.000000000000000000e+00 -2.234101636946160263e-01 9.747245245493442178e-01 0.000000000000000000e+00 0.000000000000000000e+00 0.000000000000000000e+00 1.000000000000000000e+00
9.747245245493221244e-01 2.234101636947127267e-01 0.000000000000000000e+00 -2.234101636947127267e-01 9.747245245493221244e-01 0.000000000000000000e+00 0.000000000000000000e+00 0.000000000000000000e+00 1.000000000000000000e+00
9.463186281706169600e-01 2.841483073493457079e-01 -1.540804770494421383e-01 -9.152688093736882635e-02 6.927286435897194172e-01 7.153669383024522377e-01 3.100062645224425095e-01 -6.628625542153135930e-01 6.815492279916337548e-01
9.960910196724737098e-01 5.306436989996683035e-02 7.061765483907941898e-02 7.468030857287080715e-02 -7.894036056030258319e-02 -9.940781010494449399e-01 -4.717554492862447574e-02 9.954660175624927554e-01 -8.259464776217904924e-02
9.644780364985949817e-01 8.101117980258751294e-02 2.514344961591559180e-01 -2.641616200556721195e-01 2.989080016467808854e-01 9.169910823127404020e-01 -8.692533453917212528e-04 -9.508371023989972137e-01 3.096902470212785086e-01
9.340792243782417570e-01 -2.211328473787378401e-01 -2.803502566346519620e-01 -3.098931223777811605e-01 -1.120250371787891303e-01 -9.441486343516261037e-01 1.773760279403419349e-01 9.687882404608673115e-01 -1.731678083733934614e-01
8.078197977574086419e-01 -4.268362588669211699e-01 4.064947508488520045e-01 -4.288755657467886451e-01 4.744572469567663597e-02 9.021167620177967805e-01 -4.043425817998292926e-01 -9.030834464901861258e-01 -1.447320462746783942e-01
9.321725807121910012e-01 -7.091532408268211296e-02 3.550004177161230068e-01 -2.440132270101022238e-01 6.012970828125068223e-01 7.608543640180331913e-01 -2.674169493739879111e-01 -7.958723735696683343e-01 5.432083763861639270e-01
5.096154694826000586e-01 -6.607828410534947183e-01 -5.510518217312244671e-01 -5.698540087997672199e-01 2.206338734088422737e-01 -7.915725504080128871e-01 6.446382566361261723e-01 7.174167065756713590e-01 -2.641113159394216647e-01
9.025211862829704001e-01 1.934113475532432680e-01 3.847694880678800833e-01 -2.915233349846692024e-01 9.320179853303665052e-01 2.153058758606954115e-01 -3.169694834992736188e-01 -3.064873988573810770e-01 8.975498988200268924e-01
9.748059350836862924e-01 2.227550144407099975e-01 -1.155822076008802476e-02 -2.228850676909693851e-01 9.747764645342359424e-01 -1.153649819171038635e-02 8.696868747535141386e-03 1.382200172386088832e-02 9.998666494799862692e-01
9.748059350836657533e-01 2.227550144408005639e-01 -1.155822076009128431e-02 -2.228850676910600070e-01 9.747764645342154033e-01 -1.153649819171495040e-02 8.696868747536034769e-03 1.382200172386686098e-02 9.998666494799861582e-01
9.744113917648463685e-01 2.206312310714572678e-01 -4.294530794846397603e-02 -2.214089583947528306e-01 9.750772863883303554e-01 -1.422528425447570737e-02 3.873645236009306408e-02 2.336975492946553185e-02 9.989761467688259566e-01
9.744113917648344891e-01 2.206312310715078384e-01 -4.294530794847312843e-02 -2.214089583948038176e-01 9.750772863883185870e-01 -1.422528425447906406e-02 3.873645236010000298e-02 2.336975492947286626e-02 9.989761467688255125e-01
9.744113917648240530e-01 2.206312310715516922e-01 -4.294530794848532701e-02 -2.214089583948480600e-01 9.750772863883085950e-01 -1.422528425448033214e-02 3.873645236011058479e-02 2.336975492947854227e-02 9.989761467688249574e-01
9.584819741927929071e-01 2.265119553182796674e-01 -1.732184725870088982e-01 -2.168513067358435464e-01 9.734674721548207676e-01 7.305197754654568776e-02 1.851696949137298931e-01 -3.245635152622094316e-02 9.821704380254796529e-01
7.305130867463246469e-01 3.938689560989817040e-01 -5.578690487147101029e-01 -6.023848501973196740e-02 8.508945283762321399e-01 5.218714654988499957e-01 6.802366904356783595e-01 -3.476287488124197855e-01 6.453156576313853199e-01
8.745968997027093739e-01 2.253705385391777671e-01 -4.292882288031783511e-01 -1.248553914142282451e-01 9.602302781640432716e-01 2.497377507142323483e-01 4.684990867282548543e-01 -1.648209126766540245e-01 8.679531510854869847e-01
9.679646932774867985e-01 1.878034335033063051e-02 -2.503830091517085799e-01 -3.061748573587599193e-02 9.985856874992465881e-01 -4.346486269241710276e-02 2.492126042868504643e-01 4.973855069562169162e-02 9.671706956061401073e-01
9.819141026153506147e-01 -6.235111493896455803e-02 -1.787653029839927354e-01 4.040394844395417406e-02 9.914737034547593808e-01 -1.238846895618748584e-01 1.849654455168018297e-01 1.144212996935965593e-01 9.760612430279153040e-01
9.830697038428718448e-01 -1.336641229949469545e-01 -1.253310001965998732e-01 1.118916249663305246e-01 9.795779309143239910e-01 -1.670549057286435934e-01 1.451007293182307034e-01 1.502031274295034802e-01 9.779492823565616444e-01
9.631784541970668245e-01 -2.651129846290307679e-01 -4.474785750889005709e-02 2.508304979453776506e-01 9.459714747017533565e-01 -2.054799998809233030e-01 9.680561280743317509e-02 1.866897812727776051e-01 9.776377646640397323e-01
9.028413753240649431e-01 -4.290928838114870802e-01 2.750905424205603647e-02 4.247260407416330596e-01 8.800301262398602109e-01 -2.124965110918119737e-01 6.697194426688951596e-02 2.035344540184722273e-01 9.767745311526684349e-01
8.244892938546465322e-01 -5.632733307391826205e-01 5.422692317524425293e-02 5.614676025067592002e-01 8.023588432935212511e-01 -2.024213870222092149e-01 7.050911752658930998e-02 1.973409269935419430e-01 9.777960026912319025e-01
8.738047414049742168e-01 -4.827397740542574422e-01 5.854557578699504106e-02 4.839202210915615754e-01 8.514057063174030882e-01 -2.023105110192207901e-01 4.781729307353439068e-02 2.051112717434337984e-01 9.775698812294245643e-01
9.342444640671311307e-01 -3.450603022082765481e-01 9.011475572763791297e-02 3.559983643817382637e-01 9.173892493256334824e-01 -1.779385561908322089e-01 -2.127077613642762433e-02 1.983188167110820910e-01 9.799067307763889012e-01
9.622890285447879277e-01 -2.404965435870715373e-01 1.271268581575133172e-01 2.571332361863812310e-01 9.566813866824590562e-01 -1.365401890420771258e-01 -8.878245542136928292e-02 1.640796663148705037e-01 9.824436567617267357e-01
9.721980755738176549e-01 -1.728587182716289916e-01 1.579581127009781483e-01 1.883357197946602668e-01 9.780800182148787769e-01 -8.882080059428390517e-02 -1.391422240011727096e-01 1.161005662616333839e-01 9.834429825941793935e-01
9.736124777627767068e-01 -1.551528621157879650e-01 1.673509262654569729e-01 1.683355681742852439e-01 9.834081999486671277e-01 -6.761248968321588448e-02 -1.540840018693301061e-01 9.399947686557438842e-02 9.835762394023815913e-01
9.747266629676806238e-01 -1.188035057103951908e-01 1.891921233318390738e-01 1.191970030373421252e-01 9.928267041035322427e-01 9.338634045355681187e-03 -1.889444547130334773e-01 1.344851849972045731e-02 9.818956820270456909e-01
9.747266629676746286e-01 -1.188035057104050579e-01 1.891921233318636375e-01 1.191970030373521311e-01 9.928267041035310214e-01 9.338634045357764590e-03 -1.889444547130579855e-01 1.344851849972331786e-02 9.818956820270409169e-01
9.743623287147449297e-01 -1.178933704492723944e-01 1.916225602211025780e-01 8.678676189210884906e-02 9.827469479547753517e-01 1.633294041067206437e-01 -2.075719401601812120e-01 -1.425117170259509458e-01 9.677831886163622555e-01
9.744300586214675874e-01 -1.120031895768803659e-01 1.947853854363026105e-01 8.706943939257177911e-02 9.873932755036993747e-01 1.321871106195266210e-01 -2.071351577565402891e-01 -1.118472396381828965e-01 9.718977422581515091e-01
9.747594196481654816e-01 -8.741104450889124189e-02 2.054346200255364741e-01 7.415545295887736310e-02 9.946891194440435902e-01 7.137593751466200787e-02 -2.105826265474805281e-01 -5.434027012720719224e-02 9.760645943987860118e-01
9.747594196481654816e-01 -8.741104450888163846e-02 2.054346200255401655e-01 7.415545295887095156e-02 9.946891194440451445e-01 7.137593751464527125e-02 -2.105826265474824155e-01 -5.434027012719189198e-02 9.760645943987863449e-01
9.750623407323443237e-01 -6.398841765902074652e-02 2.125062683570930200e-01 5.522419617395792069e-02 9.973704295987154689e-01 4.693095267533139991e-02 -2.149505055646585561e-01 -3.402511671645970515e-02 9.760320545914100698e-01
9.750040330215967721e-01 -3.650146757273346060e-02 2.191683792353678883e-01 3.127690034656876311e-02 9.991389031716960689e-01 2.726183547692565337e-02 -2.199747510427779995e-01 -1.972549198111020127e-02 9.753061129049541700e-01
9.750040330216129814e-01 -3.650146757271408721e-02 2.191683792352985827e-01 3.127690034655413592e-02 9.991389031716969571e-01 2.726183547690880574e-02 -2.199747510427078057e-01 -1.972549198109957089e-02 9.753061129049701572e-01
9.703686046816693000e-01 5.675067939623512636e-02 2.348704567122393838e-01 -5.954935253696318209e-02 9.982136548181603786e-01 4.834661001453502763e-03 -2.341765267070520240e-01 -1.867778687736398879e-02 9.720146576141662775e-01
-4.099147945161998180e-02 9.326916907239715115e-01 3.583377019890974235e-01 -9.870097278006889630e-01 1.795972413811835686e-02 -1.596535171416301468e-01 -1.553431551088670370e-01 -3.602272315682734094e-01 9.198395761204670729e-01
8.874809058906537595e-01 4.534758030599861933e-01 8.208128726211107173e-02 -4.393608257657548033e-01 8.863271773016380140e-01 -1.462402118397837791e-01 -1.390672731520202210e-01 9.372209352981515640e-02 9.858379495243880797e-01
9.818068579694273490e-01 1.840109621722857691e-01 -4.685359585592498849e-02 -1.893425273482048365e-01 9.673359995032223546e-01 -1.685540607713029437e-01 1.430737507703794785e-02 1.743589110585730129e-01 9.845782189104498316e-01
7.578136659929675112e-01 6.028822527422477151e-01 2.495023786714906378e-01 -5.538823205434421082e-01 7.965323928364699269e-01 -2.423850699849714740e-01 -3.448663837252201603e-01 4.548776198759929557e-02 9.375489538608898776e-01
-5.024439739611910039e-01 7.964630903525774519e-01 3.364470221834461316e-01 -4.432816594838146496e-01 9.679963109538346211e-02 -8.911403939812589936e-01 -7.423283797588247079e-01 -5.968889152311510626e-01 3.044210890835563621e-01
9.534768715276940032e-01 1.501788361250553927e-01 2.613965811595190813e-01 -1.860910764893695390e-01 9.753705859156861502e-01 1.184159253712056131e-01 -2.371749706709982419e-01 -1.615504172406098671e-01 9.579402361194544469e-01
9.885785892126867092e-01 -3.461842824004623953e-02 1.466763013456597320e-01 9.292495627778400019e-03 9.854096562974894447e-01 1.699454583113991502e-01 -1.504194883492885049e-01 -1.666414525316331496e-01 9.744765794121917901e-01
9.889267850485398137e-01 -6.342636196433212858e-02 1.341674715477968460e-01 3.992668921278688665e-02 9.844454175622117109e-01 1.710937734964905754e-01 -1.429324081587687867e-01 -1.638423524267532683e-01 9.760768464876129480e-01
9.818211153344641451e-01 -1.524721728024474587e-01 1.130466010293529333e-01 1.335095883705452458e-01 9.781000362506795387e-01 1.596731314265085189e-01 -1.349165938515966001e-01 -1.416776468160029778e-01 9.806757655291393760e-01
9.818211153344581499e-01 -1.524721728025103251e-01 1.130466010293200291e-01 1.335095883706205744e-01 9.781000362506787615e-01 1.596731314264497603e-01 -1.349165938515655139e-01 -1.416776468159401392e-01 9.806757655291524767e-01
9.634649088964195585e-01 -2.335540248935419894e-01 1.311025811387423190e-01 2.170789965169098168e-01 9.676543204375118723e-01 1.285372530040569672e-01 -1.568823718472703854e-01 -9.538151600097488636e-02 9.830006550399297272e-01
9.165858280930763158e-01 -3.471059061351849939e-01 1.984638749621740750e-01 3.386240427922643792e-01 9.378219250701644860e-01 7.631378971531586897e-02 -2.126127404036551871e-01 -2.743498453223870356e-03 9.771326910068484084e-01
6.531637705960062767e-01 -5.574601505950010916e-01 5.124600172495474837e-01 6.470351072721254315e-01 7.624456669565571332e-01 4.709022883789461093e-03 -3.933480122463522966e-01 3.285038590911374401e-01 8.586981750441033956e-01
8.547031849762667388e-01 -4.483899730776332859e-01 2.615891772127912906e-01 4.688801411893833704e-01 8.830717515122495920e-01 -1.832197804037113270e-02 -2.227866216576967762e-01 1.383138233313185583e-01 9.650053924646344594e-01
9.717152091201262110e-01 -2.282705146346155067e-01 -6.051548986067264296e-02 2.246993376535898479e-01 9.725489085240002218e-01 -6.048824833646503085e-02 7.266195718990364760e-02 4.517956039210262870e-02 9.963327994701915991e-01
-1.710106658922888878e-01 4.190949639419485062e-01 -8.916920787747152355e-01 -7.431327137016876527e-01 5.393695113603353963e-01 3.960231054386584293e-01 6.469228099065927884e-01 7.303697292559503396e-01 2.192052385531619019e-01
6.137299521725834150e-01 4.587426089166727894e-01 -6.425657667278605878e-01 -4.779462077057869962e-01 8.636755043548415278e-01 1.601001115460799762e-01 6.284130555183393696e-01 2.088536376071412903e-01 7.493178162251112884e-01
9.743650865636787062e-01 2.199639443881668543e-01 -4.720742796376571626e-02 -2.124819713639595764e-01 9.687254045884042819e-01 1.281503115498275336e-01 7.391948275684935565e-02 -1.148344620496470209e-01 9.906305852308053828e-01
9.803506048634240688e-01 1.969541759218376709e-01 1.103377228641811217e-02 -1.968075659755748330e-01 9.727572743556592849e-01 1.225155792661411502e-01 1.339677269675227864e-02 -1.222797521059729720e-01 9.924052542717685110e-01
9.777851848668218659e-01 1.657984869363488267e-01 1.282458341801890889e-01 -1.778721934550286099e-01 9.800038057277353776e-01 8.918533262062931788e-02 -1.108946123598981148e-01 -1.100154647709710720e-01 9.877241428965757297e-01
8.930837295600544401e-01 1.469140121291610812e-01 4.252266748867202795e-01 -1.349380997333112508e-01 9.891351819280501667e-01 -5.833781888728808290e-02 -4.291773074563318691e-01 -5.278722598870303623e-03 9.032048349362716833e-01
9.871945592708558648e-01 1.008548665621587792e-01 1.235928721114208234e-01 -1.194376604607541581e-01 9.808925790631725095e-01 1.535721120596436062e-01 -1.057428362097522362e-01 -1.663671969756275737e-01 9.803776865885873715e-01
9.956516873661118705e-01 7.826111875154133368e-02 5.052637664400307094e-02 -8.722688747215222305e-02 9.736343193688420383e-01 2.107787518918640968e-01 -3.269843340184681174e-02 -2.142694785519595468e-01 9.762271267559289312e-01
9.985620004977404651e-01 5.303657556789091038e-02 7.813630013118586307e-03 -5.330653152049248666e-02 9.668611128984899716e-01 2.496757939047120067e-01 5.687254100639410094e-03 -2.497332777519345182e-01 9.682979629866367288e-01
9.994703408803129463e-01 1.888805949578702126e-02 -2.650054544863048381e-02 -1.045005577934091968e-02 9.574796500228957008e-01 2.883114914918278315e-01 3.081937758618718409e-02 -2.878818525029273601e-01 9.571698934696405425e-01
9.994703408803127243e-01 1.888805949587812547e-02 -2.650054544857100708e-02 -1.045005577944512452e-02 9.574796500228924812e-01 2.883114914918342153e-01 3.081937758615656969e-02 -2.878818525029315789e-01 9.571698934696400984e-01
9.977966673715333856e-01 6.386178790673913142e-02 -1.798562280312149611e-02 -5.744253083013609734e-02 9.671935376850389066e-01 2.474611410143584267e-01 3.319888904903835897e-02 -2.458827621157164134e-01 9.687308713261157944e-01
9.910005560732306762e-01 1.304331559749939695e-01 -3.008470849037438513e-02 -1.227376250666321195e-01 9.751153545048146798e-01 1.846226443369093084e-01 5.341697535007721570e-02 -1.792686175306569540e-01 9.823489143441328508e-01
9.796971937644255446e-01 1.891164420028647042e-01 -6.654607347009056095e-02 -1.799237452034408991e-01 9.758004442732677308e-01 1.242615743826741143e-01 8.843559488168138694e-02 -1.097654969481332704e-01 9.900154954533048057e-01
9.872957745425208209e-01 1.561331045422369446e-01 -2.948740810052227768e-02 -1.494820693439953829e-01 9.756042355808456357e-01 1.607839745165879630e-01 5.387174134108521639e-02 -1.543334998719227136e-01 9.865490389748309275e-01
9.850628235543803513e-01 1.796648915525690324e-02 1.712554785065447671e-01 -7.069880854132544468e-02 9.490492057484121169e-01 3.070949096601000017e-01 -1.570124584926577971e-01 -3.146153370955427353e-01 9.361432996835202802e-01
8.551074568660743669e-01 -1.836001961991569342e-01 4.848527664844924923e-01 -8.912404753692168557e-02 8.692172997893976572e-01 4.863313581268074448e-01 -5.107329452489541843e-01 -4.590776118506101899e-01 7.269110020730662480e-01
9.815900179419783100e-01 -3.675812422596497903e-02 -1.874296587524378332e-01 6.455534334649769279e-02 9.874060467230787452e-01 1.444365138741487420e-01 1.797599630676490756e-01 -1.538770262192829807e-01 9.716008524491049902e-01
9.937365261912752823e-01 6.230622829838968271e-03 1.115746201089176382e-01 -4.092469034750279705e-02 9.493712715774695887e-01 3.114793065732288091e-01 -1.039850288900186215e-01 -3.140945208731453220e-01 9.436798957931716858e-01
9.378392153849600676e-01 6.410653035759622531e-02 3.410981660045000474e-01 -2.096736336160980874e-01 8.878282293282908633e-01 4.096315448961596051e-01 -2.765765236825878381e-01 -4.556878185482938770e-01 8.460815791484603832e-01
9.722624871105890465e-01 1.037425707644094169e-02 2.336622154898905790e-01 -9.466471376318251474e-02 9.309876167993045293e-01 3.525629721546017503e-01 -2.138790502262125914e-01 -3.649033189167559810e-01 9.061464118550984770e-01
9.864191853981151281e-01 -1.298452680495253975e-01 1.005852724988412078e-01 1.096888125846759154e-01 9.765990847769688843e-01 1.849934917951191471e-01 -1.222520145939652303e-01 -1.714480503765904162e-01 9.775786469383336286e-01
9.668856813071610157e-01 -2.476986627449861145e-01 6.146097751852526436e-02 2.472528423329996006e-01 9.688367833375953753e-01 1.487680107798887257e-02 -6.323061949277335170e-02 8.122354380576316370e-04 9.979986117385901689e-01
8.661184003027069256e-01 3.625241332350702672e-01 3.441150526775034746e-01 -4.406826932515367501e-01 2.289507879414063030e-01 8.679748271520213443e-01 2.358764094301333269e-01 -9.034145169982439327e-01 3.580566016025647502e-01
7.652236179013455208e-01 -1.832050734542980119e-01 6.171456194988188537e-01 5.771820155795995833e-01 -2.293354000030429496e-01 -7.837513605710137998e-01 2.851205630912059807e-01 9.559504042397021228e-01 -6.975019094242047857e-02
9.221600374140686007e-01 -3.510306992668370540e-01 1.624755783763184025e-01 3.858276766340019703e-01 8.048480424050085125e-01 -4.509508094903855180e-01 2.752942679555489200e-02 4.785363902662591595e-01 8.776360600221750907e-01
9.365488464980554761e-01 -3.337317168760749464e-01 1.072352520121498259e-01 3.483550423718774214e-01 8.520179385434949459e-01 -3.907866385307725565e-01 3.905153745052077074e-02 4.033467163012990908e-01 9.142135439117657913e-01
9.783239127102686394e-01 -1.292275718287567154e-01 -1.618102484347467562e-01 1.113567350261826516e-01 9.870976374292355082e-01 -1.150562112444616647e-01 1.745909487447144248e-01 9.454358180683217205e-02 9.800915833510435160e-01
9.456443011338120375e-01 1.079994828452894989e-01 -3.067457700414048527e-01 -8.689702398308436770e-02 9.928631649944216209e-01 8.168012500078139504e-02 3.133779873507832603e-01 -5.058505018688853189e-02 9.482802274336222803e-01
9.749677395964004845e-01 -1.070363571983448392e-01 -1.948874674882755398e-01 1.026848323507274785e-01 9.941885428002875669e-01 -3.232594267370429014e-02 1.972149384590029253e-01 1.150476433261279213e-02 9.802927667009803114e-01
9.743898862703820329e-01 -7.951855797233355061e-02 -2.103357993114656210e-01 7.574911234134266980e-02 9.967896878705710950e-01 -2.593048658217494279e-02 2.117225106442183202e-01 9.333653780290785892e-03 9.772852507807628930e-01
9.743898862704056807e-01 -7.951855797237496193e-02 -2.103357993113392221e-01 7.574911234138799465e-02 9.967896878705677643e-01 -2.593048658216705327e-02 2.117225106440921711e-01 9.333653780283701282e-03 9.772852507807902045e-01
9.731334198821690595e-01 -5.412960856184748787e-02 -2.237885890419246404e-01 4.792400888829369959e-02 9.983033006880570603e-01 -3.307278650802701614e-02 2.251991040846056114e-01 2.145938750924532290e-02 9.740764129200641941e-01
9.731334198821443016e-01 -5.412960856192136627e-02 -2.237885890420141244e-01 4.792400888836320649e-02 9.983033006880530635e-01 -3.307278650804548054e-02 2.251991040846974823e-01 2.145938750924256122e-02 9.740764129200428778e-01
9.748552931239244934e-01 -8.946028977699131690e-02 -2.040931503536663749e-01 9.276989516130519642e-02 9.956651209415068315e-01 6.686814809388402780e-03 2.026102268396834383e-01 -2.545237697252175635e-02 9.789286350324117869e-01
9.748235201225787794e-01 -1.271588656050444133e-01 -1.831658470181128373e-01 1.440917056663242324e-01 9.861391862675227271e-01 8.226229796083643631e-02 1.701666388396791962e-01 -1.065839021882117460e-01 9.796342107237476782e-01
9.727285232162251605e-01 -1.618971261517509197e-01 -1.660979851334322965e-01 1.972889416302066878e-01 9.540687608689789601e-01 2.254548137529197582e-01 1.219684124354118993e-01 -2.520756237277513301e-01 9.599904094782668595e-01
9.742779737681248609e-01 -1.552534121662959288e-01 -1.633364865576565350e-01 1.640790592016762306e-01 9.855559104489652889e-01 4.192385610369982890e-02 1.544684180075981683e-01 -6.764558662494653263e-02 9.856792492735132472e-01
9.752405107737153189e-01 -1.698771057521278327e-01 -1.415899540472540241e-01 1.594140949905988591e-01 9.837747894722058684e-01 -8.230619610482185766e-02 1.532745656139708479e-01 5.769690234490471026e-02 9.864978332442759790e-01
9.751222028388480956e-01 -1.990446155088253510e-01 -9.755988195798839802e-02 1.768305653587116666e-01 9.638899845818245105e-01 -1.991156668315388345e-01 1.336698944625570595e-01 1.769105385775360806e-01 9.751076969517649129e-01
9.717293341740083079e-01 -2.307551205031725117e-01 -4.994172070829035193e-02 2.087060875856531772e-01 9.384482770281130648e-01 -2.752391693557728614e-01 1.103805694423987682e-01 2.570348336403697753e-01 9.600777177838466514e-01
9.780396306855134725e-01 -9.683011598040704160e-02 -1.845600429339076809e-01 8.027896437426659815e-02 9.922206523865668704e-01 -9.514969709132511944e-02 1.923376424092282100e-01 7.824388549143386495e-02 9.782045418498442890e-01
8.865754859885878192e-01 2.937431100456998623e-01 -3.573498187277827087e-01 -2.131990593026438785e-01 9.450392220980984304e-01 2.478851141329154739e-01 4.105241390668361579e-01 -1.435822203369925554e-01 9.004743623482748260e-01
8.182995231552138149e-01 4.257696609459403758e-01 -3.861425724029002859e-01 -3.052718984655701795e-01 8.911416386674611001e-01 3.356719348415938553e-01 4.870266506169624865e-01 -1.568017080616518344e-01 8.591962906913483966e-01
9.550186783862998352e-01 1.356120298876838104e-01 -2.637208776017312406e-01 -7.992189936427637753e-02 9.741074602768435842e-01 2.114879330718528183e-01 2.855727822032274599e-01 -1.808978528969867883e-01 9.411291903250947888e-01
8.411895558527406891e-01 3.455499927360777268e-01 -4.159270773156822365e-01 -2.476870514538696555e-01 9.299684911443127922e-01 2.716794619047571691e-01 4.806779126050592654e-01 -1.255141744938272630e-01 8.678680408534330537e-01
8.885558148636233389e-01 2.928023518400694192e-01 -3.531789158896189718e-01 -2.091642945731927716e-01 9.437314185646451525e-01 2.561665620053906189e-01 4.083122111175968016e-01 -1.537458694433355977e-01 8.998018370071112493e-01
9.913122173652907376e-01 1.275164888293673082e-01 -3.224333696968428864e-02 -1.182357575343366274e-01 9.713231678220936027e-01 2.062804142237817107e-01 5.762285434263291622e-02 -2.006759794511621120e-01 9.779615319268567530e-01
9.139310155452211593e-01 9.559616630323411468e-03 4.057569624225344507e-01 -6.569485125092741629e-02 9.900239179140810641e-01 1.246468149499685568e-01 -4.005175218933615389e-01 -1.405747334620785494e-01 9.054415823058198365e-01
9.477019478941822728e-01 6.101080498877098357e-02 -3.132709683839134396e-01 3.374813093567973626e-02 9.568987547218421597e-01 2.884542197128276420e-01 3.173674236841596552e-01 -2.839409355595106654e-01 9.047958131521549596e-01
6.740271829566403250e-01 6.026866528363371972e-02 -7.362438757779010690e-01 2.692738357413914096e-01 9.080452937271501490e-01 3.208509715196332102e-01 6.878800462440045616e-01 -4.145134889541034484e-01 5.958184366520078434e-01
6.537417440439209360e-01 6.060955323917059656e-02 -7.542865597043082460e-01 2.878545330373116773e-01 9.019329695616241649e-01 3.219575845163795136e-01 6.998296220540283219e-01 -4.276019182299101162e-01 5.721844978866671427e-01
-1.176175881386610778e-01 9.784623892644745968e-01 1.696391928632664525e-01 5.994964590949749539e-01 2.061458178361197935e-01 -7.733743578120911843e-01 -7.916881320905545527e-01 1.073566875111375829e-02 -6.108311116204178104e-01
6.034453106649785292e-01 4.644767172071335160e-01 6.481628932675276289e-01 -5.780920708176519318e-02 8.361844998494596393e-01 -5.453930488996785453e-01 -7.953061376683981942e-01 2.916450949081676458e-01 5.314426460145825759e-01
6.973789139225756717e-01 3.619599616578634271e-01 6.185851894224490000e-01 -5.777764308572751889e-02 8.886826347253538039e-01 -4.548680233837746889e-01 -7.143699282414032181e-01 2.814749738329178075e-01 6.406617241026115739e-01
9.742940453446441440e-01 -2.247211705795167935e-01 -1.585902580047992075e-02 2.223861401592040210e-01 9.706396078897765456e-01 -9.166873109557015231e-02 3.599330314182706825e-02 8.578547131625938182e-02 9.956632638799061130e-01
9.662965098973604894e-01 -9.959602924119083378e-02 2.373851004582391289e-01 1.311235723165982969e-01 9.839634956345243433e-01 -1.209233147148280757e-01 -2.215347912701620958e-01 1.479745593609773369e-01 9.638598788407007900e-01
8.270744944181126490e-01 2.582354619102518803e-02 5.614988202526728367e-01 4.648479745058729795e-02 9.923798954455461674e-01 -1.141109404109218461e-01 -5.601668896757477922e-01 1.204794072761277701e-01 8.195716979821787707e-01
9.933257909793219431e-01 -4.879770107371084187e-02 1.045115177634758641e-01 6.891389984592007079e-02 9.776748544799190865e-01 -1.985012678188624313e-01 -9.249187739110434348e-02 2.043787251344669764e-01 9.745124880313638105e-01
9.988484038163398804e-01 -4.635311851575263375e-02 1.237960408957617699e-02 4.794207474435972782e-02 9.742580541453467191e-01 -2.202789172892597458e-01 -1.850314231769516595e-03 2.206187488333367086e-01 9.753583669608093532e-01
9.988484038163435441e-01 -4.635311851569279273e-02 1.237960408951497768e-02 4.794207474428725801e-02 9.742580541454158860e-01 -2.202789172889705882e-01 -1.850314231737404478e-03 2.206187488330447755e-01 9.753583669608756335e-01
9.988484038163446543e-01 -4.635311851568118396e-02 1.237960408946107808e-02 4.794207474426429028e-02 9.742580541453864651e-01 -2.202789172891060077e-01 -1.850314231680883067e-03 2.206187488331774194e-01 9.753583669608457685e-01
9.972118597501493653e-01 -6.598182471851085640e-02 3.485549569958909522e-02 7.185128083272093735e-02 9.751075236325189577e-01 -2.097682311456005588e-01 -2.014696543764922174e-02 2.116877799072784394e-01 9.771296657156520737e-01
9.972118597501454795e-01 -6.598182471855337794e-02 3.485549569962033412e-02 7.185128083276925981e-02 9.751075236325144058e-01 -2.097682311456046389e-01 -2.014696543767023271e-02 2.116877799072855726e-01 9.771296657156499643e-01
9.945554908499212310e-01 -9.376467594040639730e-02 4.547044277399019119e-02 1.009867503775590952e-01 9.748740273554966640e-01 -1.985505150732563562e-01 -2.571092896907287498e-02 2.020614172311611945e-01 9.790353067168121592e-01
9.911293514457470977e-01 -1.235302987534635105e-01 4.901911864377742761e-02 1.306244907505396957e-01 9.734413780152674223e-01 -1.880136324416386007e-01 -2.449185821645308292e-02 1.927489269947240402e-01 9.809424040296595981e-01
9.762056663528573264e-01 -2.135826150876665719e-01 3.748284291362750237e-02 2.168419204134041378e-01 9.626392469669950991e-01 -1.621889692619197243e-01 -1.441711483222715782e-03 1.664576424533603660e-01 9.860475519653547627e-01
8.994196883606589976e-01 -4.341298491662685111e-01 -5.074936701169806275e-02 4.250425299013866898e-01 8.957896030519190145e-01 -1.299993647642724570e-01 1.018973599473694397e-01 9.535334879781943995e-02 9.902144550090135056e-01
5.150923620941469938e-01 -7.984181043838443070e-01 -3.117825991045375389e-01 7.681460430992570476e-01 5.913859575837592253e-01 -2.453860339214403996e-01 3.803045029752162853e-01 -1.130980979718433782e-01 9.179200974223873377e-01
-6.672801247845908668e-01 -7.205067080056788420e-01 -1.886990163892773298e-01 4.847731769002491808e-01 -2.278007271129887101e-01 -8.444535485654812712e-01 5.654486732016453798e-01 -6.549632909145469695e-01 5.012892234318289120e-01
9.762066764144058384e-01 4.265239033060757440e-02 -2.126059701020301673e-01 -2.475232158215710451e-02 9.959741229929930384e-01 8.615607294109890735e-02 2.154248070678799754e-01 -7.884364227649537371e-02 9.733323340834532100e-01
9.395892415001003695e-01 -1.496934957065139959e-01 -3.078374808245911698e-01 1.784993043572290217e-01 9.816232539850018313e-01 6.748174256702405005e-02 2.920788516843558225e-01 -1.183538954959266060e-01 9.490428335010425709e-01
8.719391430793237419e-01 4.859338226520128479e-01 -5.992037023330817197e-02 -4.895877855388616751e-01 8.666107919178793750e-01 -9.638223686250248223e-02 5.092250705552144041e-03 1.133757263891528172e-01 9.935391354388029006e-01
8.589714130704905193e-01 5.088736277406478159e-01 -5.670751729495480259e-02 -5.119510409466324630e-01 8.517024636957484240e-01 -1.118438420667504235e-01 -8.616449462777139509e-03 1.251021355719605654e-01 9.921064521884688236e-01
7.637270814540616515e-01 -5.359294096369269234e-01 -3.598619359419333308e-01 6.347403192324512222e-01 5.219034967292817129e-01 5.698433707980067320e-01 -1.175826185894282561e-01 -6.636236945648968932e-01 7.387678389167260384e-01
8.684662657005468578e-01 -4.064559742035553369e-01 -2.838307354293868046e-01 4.951462272812744980e-01 7.393841549107941225e-01 4.562250377565565951e-01 2.442455627577140923e-02 -5.367537726938579334e-01 8.433853381163572971e-01
7.847193563770500369e-01 -4.955679366236819261e-01 -3.723277479825199410e-01 6.075785464319559681e-01 4.960200887588352425e-01 6.203324765505258132e-01 -1.227348428231358757e-01 -7.130052536540132380e-01 6.903330113930207235e-01
9.061389330057237901e-01 -3.974150323868916312e-01 -1.448223951057796555e-01 4.229635884445144822e-01 8.543707279386255626e-01 3.019146602796272116e-01 3.746590635234726095e-03 -3.348312280456368639e-01 9.422706680057821860e-01
9.672762605649961598e-01 -2.487023120043331537e-01 5.023739395208553365e-02 2.471367728132997377e-01 9.683344262441140327e-01 3.538155556091036880e-02 -5.744607271890048855e-02 -2.180823134006122307e-02 9.981103895737148957e-01
9.549335363567315049e-01 -2.966950709409344467e-01 -8.600931378705189631e-03 2.962111505309009685e-01 9.507208878186642620e-01 9.159010736128023189e-02 -1.899724828461289358e-02 -9.001015689712377199e-02 9.957596478131497397e-01
9.667563705735083834e-01 -6.292806870899493588e-02 2.478349816391813287e-01 8.583081835953941530e-02 9.928707776393527196e-01 -8.270846105180880425e-02 -2.408634272264452980e-01 1.012308109143792711e-01 9.652653170741960498e-01
9.758647093220688129e-01 -1.494717742075649392e-01 1.592050809961698399e-01 1.583728594776290521e-01 9.863670493802301209e-01 -4.469990243633471111e-02 -1.503532722644685959e-01 6.883482121848956414e-02 9.862330662207515752e-01
9.514826613877176431e-01 -3.054917899433282624e-01 -3.681726980327817977e-02 3.037812463514488748e-01 9.516501328180935193e-01 -4.559582297168428278e-02 4.896630927184819626e-02 3.219923888116398708e-02 9.982812777828539152e-01
8.950065490283548586e-01 -4.101663580713239554e-01 -1.752907182450390289e-01 3.969808386200863182e-01 9.116533203954101383e-01 -1.062752896044840273e-01 2.033949138126325551e-01 2.553002386466540763e-02 9.787638769982377474e-01
8.115548797869930331e-01 -5.134275372739937060e-01 -2.788742387935488343e-01 4.684776300062875598e-01 8.570316922395464498e-01 -2.145352853977902929e-01 3.491523840354113783e-01 4.346081529126267357e-02 9.360575678111937581e-01
9.597941123555958631e-01 -2.599600287908024332e-01 -1.059058323163517973e-01 2.671406255885652170e-01 9.617744412104588525e-01 6.021470247755243699e-02 8.620410690729385372e-02 -8.608546721366661103e-02 9.925513308070876839e-01
9.522643954201663874e-01 -2.824342238182627751e-01 -1.158595288754468849e-01 2.885256629206398582e-01 9.566635335311467481e-01 3.934241283787783677e-02 9.972694245423545378e-02 -7.089282634989367560e-02 9.924861430371981763e-01
9.597876679660438670e-01 -2.572531159942621493e-01 -1.123764509652533244e-01 2.649161274212197270e-01 9.624418746895441190e-01 5.937241174333298538e-02 9.288206421288937309e-02 -8.675524281170876595e-02 9.918903417173867698e-01
7.084633507776356698e-01 -7.056190529274647405e-01 1.346969749743792688e-02 6.876758043539172860e-01 6.859048462175498795e-01 -2.379843062923942265e-01 1.586873300270617293e-01 1.778659441293553578e-01 9.711755954552478975e-01
-6.414044280611065352e-01 5.745885275193510777e-01 5.083781896450210169e-01 -3.347505309142798646e-01 -8.058338238193082370e-01 4.884403038666648711e-01 6.903205354878360067e-01 1.431079048546800847e-01 7.092091975234751100e-01
8.071696516478853445e-01 5.715413038803616175e-01 1.477081291512694627e-01 -5.895248383098773415e-01 7.674622415483585147e-01 2.519169958801548703e-01 3.062055640161962661e-02 -2.904173647637228184e-01 9.564100249209803728e-01
9.765343535612686088e-01 9.083052336890287681e-02 1.952702546196070366e-01 -7.885190345365331033e-02 9.945450896597605173e-01 -6.828207638461637752e-02 -2.004071696232715138e-01 5.128236205743684495e-02 9.783696058777576754e-01
9.703158599157937214e-01 1.508974801960086543e-01 1.889896358702480850e-01 -1.520180991796288295e-01 9.883399655383656723e-01 -8.637710427804989183e-03 -1.880894189413277739e-01 -2.034853778818597816e-02 9.819410916608983797e-01
9.034975857240216124e-01 3.434856590675254284e-01 2.563390618025511158e-01 -4.139794755540453508e-01 8.542461190058699971e-01 3.144591578940048593e-01 -1.109644375953938444e-01 -3.902322003350782720e-01 9.140053191370286489e-01
9.630619003496139197e-01 2.353382144502609019e-01 1.308728425394420913e-01 -2.398252550667352989e-01 9.706217197178278466e-01 1.942483575688798425e-02 -1.224566173269779762e-01 -5.009393208133788161e-02 9.912088452195452204e-01
9.704912012662857412e-01 2.188541242212079796e-01 1.012408048964943269e-01 -2.168088397350336760e-01 9.757243299891470434e-01 -3.091858470206332657e-02 -1.055497763023230950e-01 8.056312965509012519e-03 9.943813858595358379e-01
9.585910027154345148e-01 2.338654436093793032e-01 1.625122881458696267e-01 -2.425836766073423689e-01 9.694708797726542260e-01 3.576832560381219828e-02 -1.491859556281430188e-01 -7.371002345830741931e-02 9.860580018868532193e-01
8.549609413230034871e-01 2.059341260911398130e-01 4.760597909119844706e-01 -3.523443381416491160e-01 9.041287273497092825e-01 2.416706679771428168e-01 -3.806510950878863042e-01 -3.743559537286321182e-01 8.455544711704382488e-01
9.290460354689126232e-01 2.314380709568760464e-01 2.886345150727058773e-01 -2.900391987248296388e-01 9.399590960019374997e-01 1.798726245048960504e-01 -2.296752646293345745e-01 -2.508252721616795466e-01 9.403913842982956073e-01
-1.838036040179217845e-01 -4.791710400095139377e-01 -8.582606536281527365e-01 -1.375908474464576092e-01 8.770820159908386815e-01 -4.602128810935346426e-01 9.732856691891589307e-01 3.350002450218517863e-02 -2.271403850251300649e-01
3.293165305205026372e-01 -3.693323887635844849e-01 -8.689903390349765777e-01 -6.602342173851888374e-02 9.090668278159967919e-01 -4.113859627484860448e-01 9.419084512349789051e-01 1.928499135979729051e-01 2.749861456826104278e-01
9.051629990137202153e-01 -1.587066109587675911e-01 3.943249381594707836e-01 1.709452121789894197e-01 9.852718021725693776e-01 4.148527051599636833e-03 -3.891756411307989438e-01 6.365286703362214860e-02 9.189617145827304601e-01
9.846283664219394050e-01 -1.160172004189073264e-01 -1.305641192832935060e-01 7.820527996179089947e-02 9.612442209353582179e-01 -2.643737541899233157e-01 1.561759079479319301e-01 2.500990942113449078e-01 9.555414846312555444e-01
9.900108121898648639e-01 -1.381505673106872001e-01 -2.816047760425843122e-02 1.298359929618876918e-01 9.711752202554377877e-01 -1.999032428286322272e-01 5.496550444383534184e-02 1.942501282201319623e-01 9.794108846687875625e-01
9.422182592894853270e-01 -2.963831831786251439e-02 -3.336859630682438294e-01 -1.254337291264061294e-01 8.924066083068352695e-01 -4.334476035782577341e-01 3.106302165902982138e-01 4.502577212414909380e-01 8.371241562656547286e-01
1.551136547969790558e-01 -9.376719871077325852e-01 -3.109839203061150470e-01 -2.980054270477991984e-01 -3.445420232999542587e-01 8.902154568588621641e-01 -9.418771255028877132e-01 -4.540967709431820154e-02 -3.328745134139999284e-01
9.248515325093528139e-01 -1.512554051096866303e-01 3.489576553683937377e-01 3.868954797786061661e-02 9.501732814544773253e-01 3.093119042120747730e-01 -3.783553378668932377e-01 -2.725665746843058956e-01 8.846212187555156925e-01
1.366196827243324197e-01 3.369437690440107991e-01 -9.315599598494553879e-01 -9.887867523488874655e-01 1.036220540324785805e-01 -1.075324522989705156e-01 6.029776672185341996e-02 9.358051968334578641e-01 3.473223472623819807e-01
9.070399887514375425e-01 2.869652367417984129e-01 -3.081061695382225629e-01 -3.958274378932291615e-01 8.306146939788888739e-01 -3.916629540271060472e-01 1.435238593986177535e-01 4.772108371025124973e-01 8.669894571073197831e-01
8.557894884711506611e-01 3.543610673733868510e-01 -3.768986406877585238e-01 -4.971601378230754431e-01 7.647807480210170317e-01 -4.098075216685929667e-01 1.430249935571636100e-01 5.380879494900510096e-01 8.306655222359753399e-01
9.666257396762163445e-01 1.044438677015929046e-01 -2.339362261278487287e-01 -1.667345616574957001e-01 9.497451793819143839e-01 -2.649220266223596965e-01 1.945103219479381584e-01 2.950857040595964986e-01 9.354625390230022486e-01
9.728121889394626409e-01 -1.203485972055794578e-01 -1.978703115716470562e-01 1.182405223408260764e-01 9.927305166379865042e-01 -2.247888369659181013e-02 1.991371987534726884e-01 -1.528556942176424478e-03 9.799704279141766561e-01
8.806371558247985121e-01 -3.526539312249979963e-01 -3.164070235825431343e-01 4.653154435948801404e-01 7.695065111012736603e-01 4.374257277811233746e-01 8.921736228397209034e-02 -5.324424233326078282e-01 8.417513457683275524e-01
9.988300893205980246e-01 -4.830869191025758541e-02 -2.173235773239845774e-03 4.342641214253606385e-02 9.158419674905768915e-01 -3.991837137351869069e-01 2.127438356881046488e-02 3.986223286130732291e-01 9.168683873571268350e-01
9.824471170569921696e-01 1.397766567188529763e-01 1.235319732818394023e-01 -3.204854648336508648e-03 6.747728135161447094e-01 -7.380185492561750493e-01 -1.865137825821143180e-01 7.246682940325223088e-01 6.633765691753861216e-01
5.913875510959308857e-01 6.973184597200929868e-01 -4.049786786268575467e-01 7.691002169867858784e-01 -3.368018882863396124e-01 5.431844477501497348e-01 2.423749587718113385e-01 -6.327017099552942891e-01 -7.354882225977582566e-01
9.179321728530941416e-01 8.443855632105088868e-03 -3.966474849829024207e-01 3.109709943054614345e-01 6.055332287979378059e-01 7.325479844503138827e-01 2.463687617005664021e-01 -7.957752258795250944e-01 5.532126382635533801e-01
9.624549950336611648e-01 4.942478501166063659e-02 2.669036776841163250e-01 -5.055230714905000616e-02 9.987179009448875489e-01 -2.649259169279384075e-03 -2.666924197960332532e-01 -1.094280397288683454e-02 9.637195693066253899e-01
9.672486232366418468e-01 3.356440212629642483e-02 2.516019311466536901e-01 -4.061815717670452797e-02 9.989124433859875030e-01 2.289313775358575026e-02 -2.505599053208427685e-01 -3.236296275899985114e-02 9.675600097601544380e-01
9.750782152866892538e-01 -8.407238474331574923e-03 2.217020352061771227e-01 -6.805765246376135717e-03 9.976780264418417810e-01 6.776604691527501889e-02 -2.217569742595178750e-01 -6.758604808943749487e-02 9.727568917622306799e-01
9.806904742157406263e-01 -1.312664292959503376e-01 1.449666110606054881e-01 1.089431923124178636e-01 9.822866744579865639e-01 1.524607163535876830e-01 -1.624117441298046915e-01 -1.337236468324164429e-01 9.776197684409588806e-01
9.786721970302284523e-01 -1.585189737512353869e-01 1.306616459443283307e-01 1.364962934041000497e-01 9.771257866281978233e-01 1.630765433566944422e-01 -1.535235898712888902e-01 -1.417636486095117665e-01 9.779230927255738726e-01
9.214827643964851323e-01 -3.863412313529120401e-01 4.012440500403256782e-02 3.721243062028895543e-01 9.077087866804162131e-01 1.938769179561741496e-01 -1.113239221965798553e-01 -1.637229719369965308e-01 9.802049646920217851e-01
9.763623940867709461e-01 1.600338823532697630e-01 1.452777750108007471e-01 -1.854818811347707652e-01 9.654474859725147295e-01 1.830508770808215169e-01 -1.109637201244431520e-01 -2.056703875823914507e-01 9.723100043133636738e-01
7.984834973249718137e-01 5.816249501532014810e-01 1.553593314190303831e-01 -6.019830237783977411e-01 7.686643089266291806e-01 2.162674715831415240e-01 6.367384258791425160e-03 -2.662096871671539300e-01 9.638941118588012502e-01
8.858053635610766419e-01 4.347423927373247898e-01 1.623203925680783977e-01 -4.586887876138834308e-01 8.732991631285903500e-01 1.641741995449025049e-01 -7.038077865252122256e-02 -2.198809305872824194e-01 9.729845437417472542e-01
8.964825967923742978e-01 4.121925324451259365e-01 1.625308273678413573e-01 -4.352831957584078482e-01 8.878240991929138293e-01 1.493214933713118697e-01 -8.274958089772363468e-02 -2.046110580803610079e-01 9.753393367297795713e-01
5.342459852528352870e-01 7.499326109278880992e-01 3.901055066364846891e-01 -7.948525578906490141e-01 2.885746158846742571e-01 5.337921901655223733e-01 2.877336241316262311e-01 -5.952526943524856229e-01 7.502556840239109626e-01
9.878464850809509645e-01 8.876401306788028744e-02 -1.275941687433082283e-01 -1.095655887234069648e-01 9.799253522245288117e-01 -1.665583556454809933e-01 1.102483726905022915e-01 1.785140164012855857e-01 9.777412961859479612e-01
9.886822741811763793e-01 6.299101809797444385e-02 -1.361598044905967808e-01 -8.788778889170592579e-02 9.787277369052279630e-01 -1.853854189953941523e-01 1.215857610235007991e-01 1.952540618050020160e-01 9.731869060283254713e-01
9.859449392353781816e-01 1.391147189449342125e-01 -9.251849419990845758e-02 -1.514118720116162109e-01 9.780938290218715858e-01 -1.428527446123168954e-01 7.061884883007144009e-02 1.548533390089017470e-01 9.854102808412898984e-01
9.676537052424054597e-01 2.520741522104140708e-01 1.024346220986498135e-02 -2.496873594486223591e-01 9.627197232649132852e-01 -1.040526643979063359e-01 -3.609057026729276668e-02 9.812928321418568078e-02 9.945190367779049856e-01
8.949998251392151660e-01 3.974333577642725768e-01 2.025389817713874330e-01 -3.824068708584605902e-01 9.173840817833330830e-01 -1.103242113535898850e-01 -2.296525595786278462e-01 2.128785162402962311e-02 9.730398394989889788e-01
8.949998251392650150e-01 3.974333577642096826e-01 2.025389817712907325e-01 -3.824068708584067999e-01 9.173840817833598393e-01 -1.103242113535544827e-01 -2.296525595785237073e-01 2.128785162405126552e-02 9.730398394990130706e-01
9.733360320202283367e-01 2.235605311947393703e-01 -5.135813142086850108e-02 -2.216693326438832767e-01 9.742996410737354562e-01 4.003643801346197517e-02 5.898877635900474925e-02 -2.758438499434607075e-02 9.978774603968920687e-01
9.273994628953803332e-01 2.250646535746360366e-02 -3.733948248683603977e-01 7.758228853308328510e-02 9.649117489249281476e-01 2.508511616329613392e-01 3.659388264824185444e-01 -2.616080576047879469e-01 8.931125346051976832e-01
9.124230730176854376e-01 6.445133519010973547e-03 -4.091975025325612636e-01 1.197595840473169720e-01 9.519012239562727462e-01 2.820313845290334243e-01 3.913333334304361366e-01 -3.063372652559137599e-01 8.677647734621122266e-01
9.124230730176484672e-01 6.445133519088757680e-03 -4.091975025326429760e-01 1.197595840472470835e-01 9.519012239562940625e-01 2.820313845289913468e-01 3.913333334305443834e-01 -3.063372652558459808e-01 8.677647734620874687e-01
9.587280716135171410e-01 -1.699672543229712243e-02 -2.838161306635090253e-01 3.352585078683954084e-02 9.980058035673270433e-01 5.348301950107537533e-02 2.823411093504548663e-01 -6.079084939785706077e-02 9.573860091939100370e-01
9.543196221892686903e-01 -9.111157223609432990e-03 -2.986486991744285446e-01 3.473413572950826561e-02 9.961410403528950797e-01 8.060128745731041933e-02 2.967618548932050571e-01 -8.729269464679473289e-02 9.509534094484577427e-01
9.199728308729544501e-01 8.287297066065610340e-02 -3.831214705409769494e-01 1.013381611755800188e-02 9.720401794174222676e-01 2.345958127696256834e-01 3.918511148720877357e-01 -2.197042565177646234e-01 8.934107361351095733e-01
9.612236923687629275e-01 -5.469541398844931374e-02 -2.702913704090351144e-01 7.934483836768686793e-02 9.935411247608284535e-01 8.111984981121179994e-02 2.641087084012334052e-01 -9.942054665721784812e-02 9.593550672451843786e-01
9.730895186737097413e-01 -2.101185596955270629e-01 -9.458847455607365118e-02 2.075903984206990960e-01 9.775557576278269822e-01 -3.593003217672480903e-02 1.000150745183103068e-01 1.532747859767843654e-02 9.948678571895538392e-01
9.636887617839953180e-01 -2.662650704615711073e-01 -2.017133271067611880e-02 2.649136291916790453e-01 9.628137076269441819e-01 -5.301446476341204611e-02 3.353713583065510984e-02 4.574578295047584259e-02 9.983899958746202952e-01
9.680520640688123901e-01 -2.467688390368289464e-01 -4.450102619634362794e-02 2.442807512008009774e-01 9.681594149507057878e-01 -5.471984863903965601e-02 5.658724100788486283e-02 4.210091831210614755e-02 9.975095973635507152e-01
9.713409107228119233e-01 -8.362523197469144687e-02 -2.224941701109441339e-01 6.205512326555433222e-02 9.928220841647550365e-01 -1.022422166780876940e-01 2.294471547713667903e-01 8.550514471031100960e-02 9.695580814966132666e-01
9.713409107227962691e-01 -8.362523197466237290e-02 -2.224941701110226266e-01 6.205512326550743224e-02 9.928220841647535932e-01 -1.022422166781303543e-01 2.294471547714450888e-01 8.550514471035630670e-02 9.695580814965907290e-01
9.574462148456107657e-01 -1.793980189170725839e-02 -2.880536567827230443e-01 -3.095499268344036395e-02 9.859258407810254088e-01 -1.642924980277442881e-01 2.869469186204665623e-01 1.662179292023412691e-01 9.434156379379690094e-01
9.744900065109556309e-01 -1.639491225895875759e-01 -1.532641915529592558e-01 1.773611582223673100e-01 9.810273528574625646e-01 7.828379461612716694e-02 1.375218046867411892e-01 -1.034698900530195836e-01 9.850795577455244700e-01
9.568751465192291139e-01 -2.768504301319599792e-01 -8.799882561462381292e-02 2.892774378271399938e-01 8.803240749265743847e-01 3.759628799081586314e-01 -2.661800026240546124e-02 -3.852056106035061100e-01 9.224468112696855293e-01
9.497080453847730475e-01 -2.998507884944849322e-01 -9.024485121418225619e-02 3.048612310106407763e-01 8.195612495646369400e-01 4.851587245827162498e-01 -7.151404308323619508e-02 -4.882713004583484895e-01 8.697567928970731943e-01
9.501687451726946732e-01 1.696234815477810076e-01 -2.615477589362154021e-01 5.999034172730094427e-03 -8.487978967433668087e-01 -5.286834043858681387e-01 -3.116783073714649577e-01 5.007694129952893203e-01 -8.075188095161697222e-01
9.629919400542472641e-01 2.183260141106203589e-01 -1.580514946247778829e-01 -2.691750321553493808e-01 7.489257244380661538e-01 -6.055204879598082846e-01 -1.383204448820195623e-02 6.256548655908359402e-01 7.799773482017213766e-01
9.729405489102275206e-01 2.306910714262630502e-01 -1.297373695078702684e-02 -2.307074326221825455e-01 9.668605491988977452e-01 -1.093378202438987506e-01 -1.267946446607717131e-02 1.093723363881782401e-01 9.939199782748330270e-01
9.744790512290775197e-01 2.223852958672858093e-01 3.058363774466152027e-02 -2.216461469627681036e-01 9.747861991878148391e-01 -2.578471270991537431e-02 -3.554664895930308155e-02 1.834791691156336529e-02 9.991995745058994682e-01
9.642149797476980977e-01 2.402096477403991015e-01 -1.121998126673114660e-01 -2.580979215438948815e-01 9.472359808798819225e-01 -1.900775089831769349e-01 6.062124813023830883e-02 2.122341199217543106e-01 9.753367329369740935e-01
8.962402354159301199e-01 2.268476024419172898e-01 -3.811739834877930777e-01 -3.697825635357535057e-01 8.567055935861191962e-01 -3.596058698397204823e-01 2.449781543863145949e-01 4.632447422093525780e-01 8.516983108406790404e-01
8.048529308044534147e-01 2.112153546571758911e-01 -5.546168350604994135e-01 -4.784678003486634301e-01 7.838222154630070104e-01 -3.958425173931862107e-01 3.511129786906106998e-01 5.839613073686533706e-01 7.319213534877226923e-01
9.708319067319430840e-01 1.221806884362595658e-01 -2.062941788913623398e-01 -1.882813438986180032e-01 9.212151775187634728e-01 -3.404595897442219687e-01 1.484437415688181217e-01 3.693703779166856438e-01 9.173494315181839331e-01
9.555829632937183904e-01 -2.353708786462874458e-01 1.773746028834753130e-01 2.518888712619963277e-01 9.646963791131594190e-01 -7.689533575137806609e-02 -1.530137144087201362e-01 1.181585613116306749e-01 9.811347295818310110e-01
9.967273197972036369e-01 -3.741681891194354598e-02 7.165634397870067340e-02 5.169916040955973430e-02 9.764994286756480957e-01 -2.092272989097740676e-01 -6.214375900144488568e-02 2.122471376924648656e-01 9.752380764503233435e-01
9.947095947181827658e-01 1.003018516913886521e-01 2.218920284433681736e-02 -9.047637352063860050e-02 9.577009841015440283e-01 -2.731718339900506831e-01 -4.865026217958490912e-02 2.697190456719966156e-01 9.617093055552936587e-01
9.537527106248692155e-01 3.002443000864835065e-01 -1.446123235731192752e-02 -2.865150543133755390e-01 8.934838653640168049e-01 -3.458261210290209386e-01 -9.091144387544369820e-02 3.339759611106062898e-01 9.381871704370770004e-01
9.990079701631622289e-01 -1.536625985263861960e-02 -4.179657412539353190e-02 5.446350920780065885e-03 9.736937032453740759e-01 -2.277957627392507844e-01 4.419742992670552123e-02 2.273421437359349484e-01 9.728114600833110970e-01
9.724341189045606626e-01 -1.967939316515760484e-01 -1.250761082518389300e-01 1.770452176223974161e-01 9.722083508624524972e-01 -1.531858786910492154e-01 1.517460882769267883e-01 1.268190481687420101e-01 9.802499955186052549e-01
9.993474414168169728e-01 7.790449551382969302e-03 3.527038742981344205e-02 1.381242788528445420e-03 9.675078755191809377e-01 -2.528371075944362278e-01 -3.609409234238931952e-02 2.527208335380143334e-01 9.668657594484512119e-01
9.720589568197967045e-01 1.483695801822273730e-01 1.819006655923998128e-01 -7.932005437127832848e-02 9.369460267884615057e-01 -3.403534513705612219e-01 -2.209292045903979429e-01 3.164152502043243165e-01 9.225354605635432970e-01
3.551267359357563325e-01 6.627091229156097940e-01 6.593190576860634700e-01 3.918598149084194515e-02 6.941181475050461902e-01 -7.187937507788744185e-01 -9.339964990717122273e-01 2.810989429161665498e-01 2.205310046528577150e-01
9.653403189596673206e-01 1.933225500133591013e-01 -1.753409827940410615e-01 -1.793060396557158431e-01 9.794172678073038707e-01 9.268850880157089578e-02 1.896507651812425754e-01 -5.803625743626387307e-02 9.801348785187480317e-01
9.749899805457240554e-01 2.217635929314620835e-01 -1.467810224714463825e-02 -2.221390935353814433e-01 9.703059721482780731e-01 -9.571072843032973898e-02 -6.982904748589851412e-03 9.657758157830460821e-02 9.953009644211935347e-01
9.078181206243607360e-01 2.501885538197481385e-01 -3.365589805719593763e-01 -5.217364760398117418e-02 8.636913889383084353e-01 5.013133702281550308e-01 4.161059604977428439e-01 -4.375418519540716367e-01 7.971279429469600997e-01
9.916725198271605368e-01 1.172985542979824158e-01 -5.316636699318208481e-02 -1.285524233400672789e-01 9.263982439282004711e-01 -3.539216976961749861e-01 7.738725544077377887e-03 3.578090870930330514e-01 9.337626943290270320e-01
9.916725198271748587e-01 1.172985542979030904e-01 -5.316636699308468356e-02 -1.285524233399590877e-01 9.263982439281847059e-01 -3.539216976962553662e-01 7.738725544004743280e-03 3.578090870930998868e-01 9.337626943290018300e-01
9.783834571199724328e-01 2.009172253349053860e-01 -4.897018886725247599e-02 -2.045556554617101730e-01 9.750296921150881646e-01 -8.645278082622441518e-02 3.037753532796320932e-02 9.460109966422122763e-02 9.950516756881115921e-01
9.800277937863546285e-01 1.904054702476705996e-01 -5.736968106947973323e-02 -1.959473797890186886e-01 9.738125357450609920e-01 -1.152986104842224080e-01 3.391382844900418803e-02 1.242372815443809481e-01 9.916728039602545897e-01
9.800277937863237643e-01 1.904054702478272243e-01 -5.736968106948752560e-02 -1.959473797891747582e-01 9.738125357450314601e-01 -1.152986104842061155e-01 3.391382844899507032e-02 1.242372815443719136e-01 9.916728039602560330e-01
9.066153379562011949e-01 -1.316093953638206027e-01 -4.009084634109545409e-01 -1.284068930988649382e-01 8.190010555634260614e-01 -5.592396094615355029e-01 4.019456415826148099e-01 5.584946177341046925e-01 7.256193652148326123e-01
8.002234988601378829e-01 -2.858676844080387247e-01 -5.271830980629261809e-01 -1.921371341751092754e-01 7.105232859661972933e-01 -6.769342521772506727e-01 5.680894943079083381e-01 6.429901454229166591e-01 5.136516322820378067e-01
8.526905941547384682e-01 -2.395501648526353611e-01 -4.642568999585408585e-01 -1.337613578448660356e-01 7.589368879844642368e-01 -6.372775684142311103e-01 5.050016334503651949e-01 6.055002217799201336e-01 6.150957906187708435e-01
8.225059892687939245e-01 -4.134319350564669149e-01 3.905866519639764056e-01 1.677230643339722715e-01 8.325111878273497856e-01 5.280095603610956978e-01 -5.434637718444398358e-01 -3.687806356328390267e-01 7.540875091624672510e-01
9.932207181161596399e-01 -5.238640253730160283e-03 -1.161256291828466070e-01 -5.521544067828764585e-02 8.578321753975083341e-01 -5.109551976088323455e-01 1.022930115673719720e-01 5.139032160836031204e-01 8.517274354412960324e-01
9.946135984881429026e-01 -1.393471817948715823e-02 -1.027113106319156172e-01 -3.830676406632941428e-02 8.713513570884219295e-01 -4.891619407997031543e-01 9.631397369662485219e-02 4.904616561255568663e-01 8.661241148596093842e-01
9.909106651563163171e-01 -1.232117789963409621e-01 -5.398991754044086405e-02 1.050622027367528882e-01 9.594927345289659959e-01 -2.614108374613196561e-01 8.401182795040350315e-02 2.533624871654915345e-01 9.637164846892201098e-01
9.784673133253650734e-01 -1.908388741748341666e-01 -7.862722720231017648e-02 1.832836172256837870e-01 9.785373170269300314e-01 -9.419041799677127513e-02 9.491486928037633219e-02 7.775116262422879232e-02 9.924444187459919853e-01
9.831417853731376777e-01 -1.740522609460813386e-01 -5.601821411716776528e-02 1.641430205130937625e-01 9.751203360961478994e-01 -1.489879154447560639e-01 8.055618331424184431e-02 1.372812463204385047e-01 9.872510120220436836e-01
9.904178510678370850e-01 -1.050734720127758370e-01 8.962168133520061197e-02 1.312470432105524165e-01 9.180645207747412107e-01 -3.740745237825375269e-01 -4.297317692067072203e-02 3.822526666667288575e-01 9.230580723288863698e-01
9.899335810713395523e-01 -1.303933496360550059e-01 -5.503707330484825661e-02 1.155857425457186977e-01 9.692363109594575032e-01 -2.173037267003414819e-01 8.167889070885174518e-02 2.087547553671326162e-01 9.745511843531771135e-01
9.720979524320086940e-01 -8.918391770468959978e-02 -2.169603643533524751e-01 7.591959815090461305e-02 9.947417444802558739e-01 -6.873919118656218741e-02 2.219499616897949723e-01 5.034968332790920598e-02 9.737572202015645217e-01
5.613752137224343741e-01 4.716844935278044493e-01 -6.799791231968157490e-01 -1.621503144194698723e-02 8.277776757651844619e-01 5.608218899616225217e-01 8.274025272945618736e-01 -3.038056254749214036e-01 4.723422485405723847e-01
-6.142225727761276843e-01 4.655557846958626178e-01 6.371722235224117625e-01 7.853332840456441755e-01 2.814824296039284968e-01 5.513794290634652651e-01 7.734509720957236101e-02 8.390622462967148865e-01 -5.385093154042488450e-01
9.102363471107013382e-01 1.140261134787455609e-04 4.140890959643983571e-01 1.429947046488765083e-01 9.383971201710030741e-01 -3.145844231635587795e-01 -3.886158859863397264e-01 3.455587241740742388e-01 8.541468616732361685e-01
4.008426175134268687e-01 8.588557361714159732e-01 -3.188918632239458595e-01 -3.826676103531351236e-01 4.732196871283561035e-01 7.934914162741535382e-01 8.324005622124517334e-01 -1.960355890128017975e-01 5.183428902462136056e-01
6.592255930849351131e-01 -3.176173332023703999e-01 6.815723344379747139e-01 7.438133378247523408e-01 4.083849032648015909e-01 -5.291157616811278386e-01 -1.102875146869162909e-01 8.557692448521467821e-01 5.054657888219241668e-01
4.858684343491555951e-02 9.043109951045369410e-01 4.241001565409676100e-01 -2.905519833039541533e-01 -3.934432831717293300e-01 8.722281398379606587e-01 9.556248550781681894e-01 -1.656019536723300767e-01 2.436331859512117226e-01
7.736351689394648234e-01 5.853329375708063997e-01 -2.426396042997440716e-01 -3.918384921042784019e-01 7.428840937786931331e-01 5.427576064101315989e-01 4.979470067039780123e-01 -3.248208358546911256e-01 8.040772370296329630e-01
9.833347201255737691e-01 -6.232942883779182819e-02 -1.707860371819505119e-01 8.654327782321338813e-02 9.866132027199256971e-01 1.382195691005630167e-01 1.598846123276847220e-01 -1.506964847615426262e-01 9.755652106452650241e-01
9.414719897559098438e-01 1.894394157105608323e-01 -2.788246765985560316e-01 -1.206879319099386505e-01 9.617472788480906365e-01 2.459198949243347476e-01 3.147457952004287796e-01 -1.978759192108403564e-01 9.283211755637782447e-01
9.590628770181184315e-01 1.377953642604038687e-01 -2.474082365526098226e-01 -8.006956270332138415e-02 9.699327467738089181e-01 2.298245675821308787e-01 2.716381104599067120e-01 -2.006063416847960190e-01 9.412597051938506043e-01
8.760668172092502815e-01 2.856600765289628585e-01 -3.884652525803576895e-01 -1.896284209012489008e-01 9.448193562478044427e-01 2.671281453646983661e-01 4.433373363155339031e-01 -1.603580516748432383e-01 8.818941554924240034e-01
9.865528560643097578e-01 -5.836438996288067366e-02 1.526664998472619938e-01 2.351756530821985311e-02 9.750392570512500523e-01 2.207835395379826871e-01 -1.617417271866690154e-01 -2.142242871226489320e-01 9.633003521713601192e-01
9.996740586438391807e-01 4.857374113414081318e-03 -2.506356701023157094e-02 8.842731055500172759e-04 9.745563548719466951e-01 2.241408691867221581e-01 2.551459456132576867e-02 -2.240899754460846938e-01 9.742344114066925354e-01
9.996740586438389586e-01 4.857374113415588793e-03 -2.506356701024334971e-02 8.842731055529468986e-04 9.745563548719312630e-01 2.241408691867892988e-01 2.551459456133751622e-02 -2.240899754461518067e-01 9.742344114066767702e-01
8.558108442812275563e-01 6.663539838128115789e-02 5.129790663304112375e-01 -1.709682501139767052e-01 9.723758472960931654e-01 1.589184352055161009e-01 -4.882188610281428809e-01 -2.237072535206962587e-01 8.435623322900389631e-01
5.623408806735769733e-02 2.528162240986643328e-01 9.658787109009736582e-01 -4.695304599822979763e-01 8.604548241523469754e-01 -1.978854283209487697e-01 -8.811236431330420338e-01 -4.423815688129961177e-01 1.670918103513994724e-01
-6.959570751256004550e-01 -6.040238917659916940e-01 -3.883283246925014476e-01 2.623082731161780271e-02 5.190390365761352598e-01 -8.543479514861994639e-01 7.176041341026173637e-01 -6.047756746811028261e-01 -3.453848433745315694e-01
2.925786154643729708e-01 -4.927109169525737964e-01 -8.195326144142798253e-01 3.763201934710803109e-01 8.472061884684375377e-01 -3.749997149421199771e-01 8.790795559895813183e-01 -1.986897746149420274e-01 4.332914812278499950e-01
6.173358090498107797e-01 -3.364794865530250645e-01 -7.111104372696467335e-01 2.644123455238248099e-01 9.400757251103462053e-01 -2.152759684517681626e-01 7.409336072816544716e-01 -5.512881449178615167e-02 6.693117385892206617e-01
2.872951051144063683e-01 -4.240347206380846723e-01 -8.588690693410048205e-01 3.818944380895793467e-01 8.730280059422398375e-01 -3.032799680110134233e-01 8.784179874829217693e-01 -2.408664703396850848e-01 4.127531741035496138e-01
3.169963326680803606e-01 -4.244092830185571263e-01 -8.481686657514894145e-01 3.794234090772864443e-01 8.763573883627387984e-01 -2.967079447979272810e-01 8.692244829266821959e-01 -2.277597162575374090e-01 4.388328952245127423e-01
9.771958740760549045e-01 -1.861966124453568738e-01 1.020737243496523811e-01 1.756980148152779420e-01 9.789636472654681398e-01 1.037322752216625482e-01 -1.192410637268286194e-01 -8.343260062209470473e-02 9.893536121502404246e-01
9.713696579035523415e-01 -2.351776955834029015e-01 -3.365173404768310311e-02 2.364905641839812056e-01 9.707007235432549841e-01 4.257133266111708808e-02 2.265393467541522085e-02 -4.931081841423350098e-02 9.985265356669499326e-01
7.924103394727635141e-01 -4.767183921383018053e-01 -3.805593626410105346e-01 3.698938084504589385e-01 8.716175992767349889e-01 -3.216540550048708202e-01 4.850406419741289388e-01 1.141154469304379721e-01 8.670139793597284594e-01
4.722126918264012430e-01 -7.694009496156446470e-01 -4.301596824536312313e-01 3.413330242029465889e-01 6.095260395823557387e-01 -7.155206311906870953e-01 8.127157807416655055e-01 1.910502180098028746e-01 5.504478848463968399e-01
9.551440865857704354e-01 2.937256123031161126e-01 3.774968261315241741e-02 -2.925008896900392341e-01 9.157797458241628830e-01 2.753010836679857243e-01 4.629258461967501043e-02 -2.739940178459947528e-01 9.606166117623821110e-01
7.425266484532386801e-01 5.606672487844297503e-01 3.664783929200993717e-01 -6.675647843097812784e-01 6.642648789164476986e-01 3.363174532901205271e-01 -5.487654404420623522e-02 -4.943727407317433653e-01 8.675160852313626991e-01
7.655482031278110222e-01 -6.098506297492437556e-01 -2.049833117164199525e-01 6.082213803625069470e-01 7.898790419145198527e-01 -7.847197980252156035e-02 2.097682081672688492e-01 -6.460114966973663775e-02 9.756146730670065548e-01
-7.325033435093092349e-01 4.250083422469910777e-01 5.317957885957237396e-01 -5.229028646035542849e-01 -8.514640649193017108e-01 -3.976858484402148730e-02 4.359030235466142544e-01 -3.072081626056895054e-01 8.459383540727757333e-01
9.769907108301090215e-01 1.151934854510002285e-02 2.129705509237723171e-01 2.919781419261376250e-03 9.977244513303936690e-01 -6.736018181335788613e-02 -2.132618714823217854e-01 6.643209936891499023e-02 9.747338869380178794e-01
9.693972667313703884e-01 -1.436161127447740382e-01 1.991063821524287902e-01 1.732358893471145633e-01 9.748379288712553103e-01 -1.402866318510627708e-01 -1.739490324660155907e-01 1.704858486622326808e-01 9.698846887697815111e-01
8.946522705111985552e-01 2.917548992731681112e-01 3.383436028939532658e-01 -3.795102289632632520e-01 8.958921466695117797e-01 2.309745606081886060e-01 -2.357314170436542733e-01 -3.350467732809818133e-01 9.122359117753442437e-01
8.946522705111860096e-01 2.917548992731568425e-01 3.383436028939958984e-01 -3.795102289632602544e-01 8.958921466695204394e-01 2.309745606081603231e-01 -2.357314170437061762e-01 -3.350467732809687127e-01 9.122359117753353619e-01
9.999189334111194816e-01 1.242771608013802133e-02 -2.771006856849079440e-03 -1.255415601859298513e-02 9.259167830487994300e-01 -3.775188790447746578e-01 -2.125975688960533589e-03 3.775230625294219711e-01 9.259977416202354039e-01
9.793171233808136700e-01 1.066597362636568652e-01 1.719350822644859778e-01 -8.870523792109813455e-02 9.900820849329109441e-01 -1.089442327994537413e-01 -1.818498078593699663e-01 9.143941029483601546e-02 9.790656166092460699e-01
9.882686929161480505e-01 1.042543049320546200e-01 1.116065880893341994e-01 -8.298865672648389480e-02 9.800448615384907969e-01 -1.806237864367106483e-01 -1.282102704799500392e-01 1.692427525040136327e-01 9.771995790360959999e-01
8.891356426356616938e-01 -4.550426163886645003e-02 4.553758570319366705e-01 -5.568191007502179546e-02 9.768950150302039281e-01 2.063386888092852145e-01 -4.542436943814039396e-01 -2.088192801966316237e-01 8.660584127718491398e-01
9.639979087174915806e-01 2.455716588915550780e-01 -1.019930994604654750e-01 -2.629013224735204934e-01 9.377282420762529380e-01 -2.270432528269763772e-01 3.988642162411538961e-02 2.456833416449516194e-01 9.685291781914436848e-01
5.871801463910686358e-01 3.233003762411146287e-01 -7.420891741607048564e-01 -7.019610350563690870e-01 6.598940437076614707e-01 -2.679375978502127054e-01 4.030758997344724426e-01 6.782453227273337326e-01 6.144209479271852681e-01
3.205632107006451403e-01 -7.548885400503785315e-01 5.721735051939248473e-01 5.346834355849331422e-01 6.428216911672176570e-01 5.485379632040167097e-01 -7.818905624551216738e-01 1.300906048318893893e-01 6.096913833064124821e-01
-1.840468097654966995e-01 5.630114044094567394e-01 -8.056953086124023500e-01 -9.635781189186923834e-01 5.845512359935244734e-02 2.609601641364044933e-01 1.940205673537157560e-01 8.243792555795395050e-01 5.317469909777271520e-01
7.847551730954784865e-01 -5.798200689391143081e-01 2.190159947477041680e-01 5.863855187520342627e-01 8.090096665802435361e-01 4.068639548585028382e-02 -2.007768455220703685e-01 9.649894836299591216e-02 9.748726128407971814e-01
-6.757596731206221286e-01 -7.070565506947443790e-01 -2.083744185440249419e-01 4.427898674140198221e-01 -6.153729849230068494e-01 6.521144245777911186e-01 -5.893097636212936141e-01 3.484065492303483058e-01 7.289217234751727004e-01
9.045897780908647157e-01 -3.870142160275544807e-01 1.787101842819751041e-01 3.210196768992768512e-01 8.942923737987872324e-01 3.117491254339204709e-01 -2.804704983006307550e-01 -2.246355865794813778e-01 9.332069185475901918e-01
9.976321737126429001e-01 6.857875621557664447e-02 5.196168714722983195e-03 -6.809028401906690176e-02 9.742349616868956064e-01 2.150115174801948137e-01 9.682933212108672111e-03 -2.148562161606171472e-01 9.765976895229437904e-01
9.650591536411594618e-01 -1.878480157126438399e-01 1.826853934123671697e-01 1.373771052648356250e-01 9.564038595163235623e-01 2.577192046614581455e-01 -2.231330565435415969e-01 -2.236174870065008591e-01 9.487923158323079420e-01
9.563517226597239018e-01 -2.084972031338578613e-01 2.047444720893279169e-01 1.513342159045880930e-01 9.527576013461374060e-01 2.633456059509983183e-01 -2.499786744150833406e-01 -2.208661797616687794e-01 9.427241340790869506e-01
3.961465417918080267e-01 -5.567874061001831798e-01 7.301066373034975632e-01 2.427593129714766262e-01 8.303782376578404678e-01 5.015375343779122641e-01 -8.855144456145298548e-01 -2.144217415488783654e-02 4.641167954033805776e-01
9.747391342017923677e-01 -2.133965249848501777e-01 -6.592073558396302491e-02 2.137519717679936537e-01 9.768864927533046361e-01 -1.695535739142216801e-03 6.475889761905617714e-02 -1.243798217308887677e-02 9.978234221437310980e-01
9.384169654132735738e-01 -2.994603834060924341e-01 1.723284010104504660e-01 2.680103048063430804e-01 9.456985038546481537e-01 1.839152422304663748e-01 -2.180460399598066479e-01 -1.264033962255609322e-01 9.677179888172433575e-01
9.703631721581159608e-01 -2.380948906980234758e-01 4.130541299557623225e-02 2.376058223828940441e-01 9.712224830876120540e-01 1.644267359287109390e-02 -4.403166234640085164e-02 -6.140958282659863578e-03 9.990112618696462832e-01
9.675372288530151854e-01 -2.467225911070007605e-01 5.476927807517471825e-02 2.445218067644232551e-01 9.686499273487521045e-01 4.389082209208915175e-02 -6.388111458083822747e-02 -2.907372154893579294e-02 9.975339201827699842e-01
9.304222213118765739e-01 -3.512185144577805729e-01 1.046902344593010625e-01 2.993552155760945688e-01 8.931127596154840864e-01 3.357619000413903931e-01 -2.114259799467974599e-01 -2.810607651631307213e-01 9.361110517932431652e-01
8.839603172953710564e-01 -4.649240364386261759e-01 4.959634854182453506e-02 3.472592249623382421e-01 7.238449748081106083e-01 5.962042293741313115e-01 -3.130897445232330156e-01 -5.097980902148033788e-01 8.012993941640765838e-01
9.762087584029005560e-01 6.152875301153604842e-02 2.079198705518857382e-01 -1.960150854368884407e-02 9.800103664944880277e-01 -1.979784392961793094e-01 -2.159449950341040259e-01 1.891927432968416867e-01 9.579007594753937704e-01
9.774090108595382409e-01 3.751804797015666215e-02 2.080000518439553969e-01 -9.005372370925930365e-04 9.848491927221260100e-01 -1.734106589205553217e-01 -2.113547125645976743e-01 1.693058288160380620e-01 9.626342617036082183e-01
8.721534148297326317e-01 -4.889422210188654194e-01 1.685008919784976647e-02 4.745676336563161568e-01 8.538780789226277923e-01 2.137236239194141574e-01 -1.188864251572939595e-01 -1.784032814735812267e-01 9.767488352042081878e-01
8.095592695599246325e-01 5.039160076053963433e-01 3.011352625459854937e-01 -4.192258501383147595e-01 8.553594194447896593e-01 -3.043188297540587173e-01 -4.109300130745000001e-01 1.201204430815613899e-01 9.037187635036028066e-01
9.535585651971377752e-01 -2.827310822301665749e-01 1.038710637287161009e-01 2.898367939534481352e-01 9.551337081013689945e-01 -6.094450360217421730e-02 -8.197984880421922693e-02 8.821980950720638426e-02 9.927217986931432536e-01
8.828820334943884296e-01 -4.693830023322643763e-01 1.410361848474356652e-02 4.689938620532407287e-01 8.798353920803976269e-01 -7.703531786861668451e-02 2.375020608751491832e-02 7.462760859281612758e-02 9.969286071462279963e-01
6.951230615925881873e-01 -7.133145641243229251e-01 -8.936588750901711120e-02 6.877189005993794568e-01 6.960325475940570827e-01 -2.063526264628288143e-01 2.093959001521470686e-01 8.198185956572419386e-02 9.743881832727744330e-01
9.536341193972823760e-01 -3.007423517026605597e-01 1.166208445017057060e-02 2.989390161582973771e-01 9.509847885091874398e-01 7.914162395633315972e-02 -3.489170302061689322e-02 -7.198590081737976654e-02 9.967951640852957818e-01
-9.190879717994426823e-02 5.760536755150080790e-01 8.122283767060749504e-01 -8.062769610907610796e-01 -5.217243180586724760e-01 2.787852183320710386e-01 5.843545456443230979e-01 -6.292582131938073697e-01 5.124098614517033079e-01
-4.497618054014538430e-02 -6.432279321110687675e-01 7.643526480206234153e-01 5.206055811928285149e-01 -6.681087018163415214e-01 -5.316019106325339250e-01 8.526118530813996399e-01 3.740168310509586758e-01 3.649170290294782570e-01
8.539356603311263338e-01 4.539253140684496035e-01 2.544517582228564834e-01 -5.022816873039569474e-01 5.911515182467508289e-01 6.310728872908828446e-01 1.360404153696006535e-01 -6.667021011834455280e-01 7.328037347500664378e-01
9.115268568899109747e-01 -3.221519097911137441e-01 2.556109077999967338e-01 3.662789062995054357e-01 9.185847606732220338e-01 -1.484648115176053496e-01 -1.869720619997505551e-01 2.289545467486021058e-01 9.553121288640190611e-01
9.516445705915526077e-01 -2.468793495224120005e-01 1.828201248304201221e-01 2.546541938002027106e-01 9.668259621217720756e-01 -1.996999116872448174e-02 -1.718250646546903015e-01 6.556024516962077886e-02 9.829435392786866066e-01
9.673675393277453294e-01 -2.156831889683458181e-01 1.329691913618647747e-01 2.113034106584813776e-01 9.763193227549886721e-01 4.638371114231880366e-02 -1.398245775930560819e-01 -1.677325286537168295e-02 9.900342143023330710e-01
9.240216725704294420e-01 -2.540178536566826684e-01 2.857601767983047880e-01 2.891863151825873612e-01 9.532430484853560149e-01 -8.774374978004001457e-02 -2.501104230760156089e-01 1.637150589835802694e-01 9.542757231171393739e-01
-5.008579700482482938e-02 9.083460298772919606e-01 -4.152094687558965380e-01 6.792750224626847855e-01 3.357510736343584656e-01 6.525769383081928554e-01 7.321726960196692779e-01 -2.493565851537468681e-01 -6.338331299669902608e-01
8.524655649177984573e-01 1.834471871114598529e-01 4.895401823857489232e-01 -4.750406300215302691e-02 9.597188038848941671e-01 -2.769172827182079244e-01 -5.206206148700479597e-01 2.128073001817407384e-01 8.268417190500803038e-01
9.883551594661202921e-01 8.704940302745196867e-02 1.248057698556615941e-01 -1.067746676898737035e-01 9.811199901027560788e-01 1.612536367356875722e-01 -1.084124028717064203e-01 -1.727019584525093798e-01 9.789896753542658425e-01
9.980640913453902030e-01 5.503261191420748960e-02 2.897380183547001997e-02 -6.098951206911670808e-02 9.572762901670264224e-01 2.826700969356795712e-01 -1.217985978868069488e-02 -2.838899714853548861e-01 9.587795028605756720e-01
9.724449579579477199e-01 1.708084048724992365e-01 1.586672384806575575e-01 -1.808993424755788726e-01 9.821581196528941238e-01 5.138925852544373035e-02 -1.470585993203685493e-01 -7.867602445983198911e-02 9.859938395046529136e-01
9.807753744700908882e-01 1.331928634026484926e-01 1.426160088196853359e-01 -1.486791870130632909e-01 9.833959311655181557e-01 1.040525920688108868e-01 -1.263889401102315790e-01 -1.232562521972302011e-01 9.842935192878724537e-01
9.726800716095531651e-01 1.787873699729453092e-01 1.480829316018265618e-01 -1.886400941306647649e-01 9.804886291707297641e-01 5.528980876506116304e-02 -1.353085111144454733e-01 -8.171367330539157370e-02 9.874282163352086084e-01
9.866074442538642630e-01 4.820648496440441133e-02 1.558264603661223546e-01 -7.346619339339754973e-02 9.842730369031476023e-01 1.606527536450569338e-01 -1.456312788213505460e-01 -1.699491795591613896e-01 9.746326523342146997e-01
9.434797223295579016e-01 3.215747148246437259e-01 8.022291654128363425e-02 -3.226128030324235674e-01 9.465310236926482990e-01 -2.251465950036748929e-05 -7.594071946263937500e-02 -2.585969784812585520e-02 9.967769475437825433e-01
9.791570341678453859e-01 4.082090148284690800e-02 1.989601880823311519e-01 -6.314907683554302209e-02 9.922296529162846213e-01 1.072031248072931042e-01 -1.930380701686782441e-01 -1.175328459442597367e-01 9.741264464071363038e-01
9.359965467018098728e-01 -1.864445528631196169e-01 2.985781192082876401e-01 1.415268488729138907e-01 9.759573200382510860e-01 1.657632664731794880e-01 -3.223051591433039320e-01 -1.128970246349576823e-01 9.398795913403926727e-01
9.540945179133089038e-01 -1.354942797482145689e-01 2.671047566841208698e-01 9.458713059988357874e-02 9.824894051514903026e-01 1.605236539889106084e-01 -2.841776303874946064e-01 -1.278900657619013170e-01 9.502037704970262011e-01
9.623407104299337433e-01 -1.141025516986998167e-01 2.467406831980808180e-01 7.486608158571493588e-02 9.837898894686049056e-01 1.629494498528651358e-01 -2.613339374769592105e-01 -1.383403812167505464e-01 9.552834720896163923e-01
9.623407104299196435e-01 -1.141025516986874516e-01 2.467406831981418525e-01 7.486608158565451199e-02 9.837898894685860318e-01 1.629494498530071889e-01 -2.613339374770287660e-01 -1.383403812168953473e-01 9.552834720895766463e-01
5.903729719232144735e-01 -2.271022748917522482e-01 7.745219885591000386e-01 2.730830077712769755e-01 9.592090635566223877e-01 7.310022747858629932e-02 -7.595297393052783397e-01 1.683523956759134799e-01 6.283088778467456059e-01
9.812097968298314488e-01 -1.924021462348735334e-01 -1.444813930495890061e-02 1.927930822220723373e-01 9.747304160116672112e-01 1.128336986411221377e-01 -7.626404950853631765e-03 -1.134990318281907662e-01 9.935088362574280296e-01
8.713212455808337920e-01 -1.542350466770340545e-01 -4.658442200736181427e-01 2.027695566994917598e-01 9.776480960366349393e-01 5.557613869129768291e-02 4.468599264594622644e-01 -1.428836963844227204e-01 8.831197288205989704e-01
9.931326085993148478e-01 -1.169357243436261601e-01 3.695687886149002718e-03 1.140016576368048373e-01 9.743462836002511063e-01 1.940436592379152225e-01 -2.629151560448898459e-02 -1.922897709359780161e-01 9.809859327230988635e-01
9.913109776353800084e-01 -9.574251591787596993e-02 9.019931410660798898e-02 7.352472205815226147e-02 9.719077927111524629e-01 2.235829996077678683e-01 -1.090718151763263311e-01 -2.150084024243028302e-01 9.705023060359466713e-01
9.627177409571084921e-01 -2.098248283139028669e-02 2.696929488523427398e-01 -6.243886790328554565e-02 9.528282068575227859e-01 2.970181745140088592e-01 -2.632032276044461994e-01 -3.027839883991697567e-01 9.159944963522945738e-01
9.065097274912488068e-01 5.648389746385406446e-02 4.183893919437184916e-01 -2.259516684386814467e-01 9.020429870787438631e-01 3.677829427690105235e-01 -3.566314028426518790e-01 -4.279345963921939444e-01 8.304733732740215979e-01
9.613985737516189678e-01 -2.673682326738401338e-01 6.501546389298776263e-02 2.722942378349305637e-01 9.584581668634146734e-01 -8.493403566720003628e-02 -3.960593933045138126e-02 9.935879694164066744e-02 9.942631437602735822e-01
3.568890794445040426e-01 -6.994128449166120420e-01 6.192348967386334113e-01 -2.337822326694028174e-01 -7.086663421346192093e-01 -6.656860244992739428e-01 9.044202854101426325e-01 9.280995577625267279e-02 -4.164255749199923806e-01
5.186772674334569899e-01 -8.230694685710867597e-01 2.313666833272928491e-01 3.764888329675291495e-02 -2.483633561721127203e-01 -9.679350210098983665e-01 8.541407693315373750e-01 5.107565890099053929e-01 -9.783278054260031997e-02
6.219431868256559692e-01 -7.722474578469911144e-01 1.296940099233858945e-01 1.425044375807321129e-01 -5.123822974810811337e-02 -9.884670601907175058e-01 7.699864658751780500e-01 6.332523254289239567e-01 7.818142175679221317e-02
9.037389711746245391e-01 -4.267993759350018346e-01 -3.313856788885422011e-02 3.664417757574505718e-01 8.113024268802820904e-01 -4.555313349462267736e-01 2.213058900254523120e-01 3.995380643188556347e-01 8.896027417900557177e-01
8.986600040610213114e-01 -4.377260139340372058e-01 -2.839249595340839066e-02 3.714954331477977045e-01 7.939095099100671460e-01 -4.813510498842680785e-01 2.332409489162985960e-01 4.220232538614147599e-01 8.760679385463485680e-01
6.861553189108544615e-01 -5.865461796480624379e-01 4.302957790527425774e-01 5.002022190421697712e-01 -4.906973740607165763e-02 -8.645171490122034452e-01 5.281937318784016844e-01 8.084279436110320960e-01 2.597222393119331674e-01
9.901204886696900465e-01 4.374585907978522617e-04 -1.402184957360319284e-01 -3.626663842079937833e-02 9.667673598193164963e-01 -2.530723274592531213e-01 1.354479562568194628e-01 2.556573500174985636e-01 9.572320358867441037e-01
9.675703780588017500e-01 2.354406913049229833e-01 -9.151636127495213491e-02 -2.387466968841035764e-01 9.707098827372039329e-01 -2.687635174747126515e-02 8.250804948656559334e-02 4.785399078638911952e-02 9.954408155866116825e-01
9.754872372733154329e-01 1.869724003568430382e-01 -1.160429723062754992e-01 -1.950782593810510834e-01 9.787720261218192386e-01 -6.284738338426110182e-02 1.018288889939094888e-01 8.394428143828130962e-02 9.912538700958888338e-01
9.685208756209143788e-01 -4.937524980389056822e-02 -2.439864713325328172e-01 2.272202368416440226e-03 9.818443023631848732e-01 -1.896749931154551594e-01 2.489219768981727754e-01 1.831498037775481369e-01 9.510488940077430620e-01
9.848719324169318279e-01 1.042803435221956038e-01 -1.383939546809452303e-01 -1.233727885372721961e-01 9.827976827507829416e-01 -1.374331467595395484e-01 1.216816822117288560e-01 1.524280969328964952e-01 9.807952097556041915e-01
9.761382165079659501e-01 2.154679815918676133e-01 -2.697649312594273263e-02 -2.171329169312133933e-01 9.669352338639073396e-01 -1.337518220342959474e-01 -2.734713438402766941e-03 1.364177496562591074e-01 9.906476260109504661e-01
8.372467341136716756e-01 -1.557133662987473244e-01 -5.241862777409411756e-01 1.268401803909589010e-01 9.877560507191903705e-01 -9.082704941820637923e-02 5.319111531584763686e-01 9.556768467448052695e-03 8.467462390362769931e-01
9.643648164445587367e-01 2.087042670048555038e-01 1.626131290450397726e-01 -1.554818492275499564e-01 9.443352379002001307e-01 -2.899247368210482456e-01 -2.140698375872560066e-01 2.543098255945661634e-01 9.431334037353503730e-01
9.897920675032220172e-01 1.407667917418987669e-01 -2.227944008251430894e-02 -1.423973899597476556e-01 9.703325575602529396e-01 -1.953911744967773145e-01 -5.886122692316252646e-03 1.965691686945625904e-01 9.804722920503056161e-01
3.965367116235978817e-01 3.272846156873480683e-01 -8.576965761090157292e-01 1.863516266002382959e-01 8.861418276696662044e-01 4.242943936911127145e-01 8.989058391167502604e-01 -3.280814557219722261e-01 2.903977458816832669e-01
8.138212575075910449e-01 2.315441137346749972e-02 -5.806537988015852969e-01 6.931192845795307311e-02 9.882052885989958124e-01 1.365509581014185958e-01 5.769669118781449724e-01 -1.513743069973369215e-01 8.026175937386825776e-01
9.275758982550259546e-01 -9.780883356850189614e-02 -3.606055810055512345e-01 1.187906824184136595e-01 9.922508283464926970e-01 3.642893652396106408e-02 3.542481146695768413e-01 -7.662718657022642155e-02 9.320067314839427519e-01
9.674891085825695347e-01 -1.676155292092424698e-01 -1.893933978311041766e-01 1.742777686988630503e-01 9.845138653742635526e-01 1.896597540787242284e-02 1.832814341701060612e-01 -5.135643342106236547e-02 9.817181024279918455e-01
9.674891085825255699e-01 -1.676155292094485272e-01 -1.893933978311459487e-01 1.742777686990778507e-01 9.845138653742253609e-01 1.896597540788797290e-02 1.832814341701334282e-01 -5.135643342112448939e-02 9.817181024279835189e-01
9.507226310688141613e-01 -1.488795589211878712e-01 -2.719583712795478059e-01 1.504150733122215089e-01 9.885043011452409045e-01 -1.531510162676832584e-02 2.711121253173137680e-01 -2.634622464019801061e-02 9.621871397774641732e-01
5.406696838267833760e-01 -2.385375174193312131e-01 -8.067069764010154076e-01 -1.497326468174358660e-01 9.163550756695283406e-01 -3.713132232653963416e-01 8.278021668657865595e-01 3.215481738062204720e-01 4.597285551868553477e-01
9.259407407444920635e-01 1.600622482753605649e-02 -3.773294918189034064e-01 -1.334118874037392224e-02 9.998641882045158358e-01 9.675630683226759191e-03 3.774331163431943192e-01 -3.925036674331764709e-03 9.260285291364245275e-01
8.811911858316086033e-01 -3.447841657479595173e-02 -4.715011482522373787e-01 9.006351091427238290e-03 9.983803540599185400e-01 -5.617432035378681909e-02 4.726742849496907151e-01 4.525381108466725727e-02 8.800744928297898895e-01
9.434057577333294642e-01 6.185927686561294020e-02 -3.258205121554902384e-01 -6.024528020140883233e-02 9.980701141006201871e-01 1.505169600505977361e-02 3.261228027738267143e-01 5.429291375348849376e-03 9.453118217319115280e-01
6.870531398371838572e-01 4.932272976553055410e-01 5.335586339733542349e-01 -5.444124308484531438e-01 8.357600286788294808e-01 -7.155612902079465376e-02 -4.812204153790085592e-01 -2.413130898032822269e-01 8.427306239315429659e-01
9.027007702738419903e-01 -9.323631260314088620e-02 -4.200456039041260414e-01 1.825574301802221355e-01 9.670066410675486335e-01 1.776821342095215028e-01 3.896204615173667340e-01 -2.370762454220719240e-01 8.899386213799060918e-01
9.800822297167750552e-01 1.650097410122235431e-01 -1.105016215468064555e-01 -1.526363463435690404e-01 9.818684831491816256e-01 1.124118658025540368e-01 1.270471123964679871e-01 -9.330630830444579249e-02 9.874983362326820169e-01
9.811261079417545883e-01 1.447853293122927376e-01 -1.281747585564161351e-01 -1.286822817467655200e-01 9.836362272094480996e-01 1.260977513106753822e-01 1.443344403789708075e-01 -1.072239755702698305e-01 9.837024897718800176e-01
7.208209417368334204e-01 -2.960175657763398638e-01 -6.267302216308666685e-01 6.457087516186696963e-01 6.154680921545372385e-01 4.519504791707974478e-01 2.519471731071499243e-01 -7.304605590252665204e-01 6.347834226504435184e-01
9.599256696054031535e-01 -6.354787877886161618e-02 -2.729548972547033991e-01 8.422139511788837019e-02 9.943449152105159339e-01 6.469116013327202985e-02 2.673003281648099749e-01 -8.508734745953250300e-02 9.598492995597204258e-01
9.886441130503529351e-01 8.780809911481303465e-02 -1.219530871307659692e-01 -1.225518195760591927e-01 9.407667069926350933e-01 -3.161313880854456637e-01 8.697050792928638641e-02 3.274870085119053753e-01 9.408445089420702789e-01
9.373061720147555231e-01 4.207119569015441846e-02 -3.459583130902429970e-01 7.782982811144821544e-02 9.423467911307981115e-01 3.254612774227226835e-01 3.397052512976334593e-01 -3.319827401216647322e-01 8.799930695761888355e-01
9.338255527180281401e-01 5.059443279761434431e-02 -3.541328005999401229e-01 8.320710841801080837e-02 9.320764903752900565e-01 3.525762232459744849e-01 3.479172519430197008e-01 -3.587110528817999411e-01 8.661870273450462676e-01
8.775435535280455834e-01 2.258166611289184333e-01 -4.229942638121202969e-01 9.704985828380495450e-02 7.802580230103857151e-01 6.178824666026847545e-01 4.695728236050972226e-01 -5.832703087630224381e-01 6.627949232206179486e-01
9.786359220057194719e-01 -1.724639312129158386e-01 -1.119282117725551168e-01 1.855111164912247035e-01 9.754028000864124470e-01 1.190588226120407878e-01 8.864173857836152304e-02 -1.372791681726428514e-01 9.865581950233004438e-01
3.713322325433565663e-01 -5.966071935150975281e-02 9.265813356855550076e-01 7.982910919320745924e-01 5.301498421742326661e-01 -2.857839697823034708e-01 -4.741768716589443988e-01 8.458024257526677303e-01 2.444883452736357488e-01
-3.500039474440098664e-01 8.832545727045035822e-01 -3.120233910625870855e-01 3.095271486858038323e-01 4.234292846687341960e-01 8.514109378621823598e-01 8.841324453949461759e-01 2.014174785898926179e-01 -4.215931905503730315e-01
2.258681303377091665e-01 7.570801743325213939e-01 -6.130360489648117861e-01 3.841387585983447456e-02 6.218870806489259495e-01 7.821641982751331712e-01 9.734002064100729656e-01 -2.002150557640351436e-01 1.113820883545978829e-01
9.197017142050659677e-01 1.092055725846531045e-01 3.771245149877177072e-01 -7.466007555833556464e-02 9.916568910548271276e-01 -1.050832219771477144e-01 -3.854537974983341941e-01 6.848907460269046399e-02 9.201818389069523763e-01
