9.215942784419118849e-01 3.881545902641523882e-01 0.000000000000000000e+00 -3.881545902641523882e-01 9.215942784419118849e-01 0.000000000000000000e+00 0.000000000000000000e+00 0.000000000000000000e+00 1.000000000000000000e+00
9.215942784419144385e-01 3.881545902641463375e-01 0.000000000000000000e+00 -3.881545902641463375e-01 9.215942784419144385e-01 0.000000000000000000e+00 0.000000000000000000e+00 0.000000000000000000e+00 1.000000000000000000e+00
6.777051704114112063e-01 1.503152767818463353e-01 -7.198062375137054270e-01 -4.839339231756549786e-01 8.281908010606416903e-01 -2.826799516031373027e-01 5.536457892890177535e-01 5.399123212194084642e-01 6.340118495722386616e-01
2.165382933902949836e-02 -1.073270603894937447e-01 9.939879344253159665e-01 -6.730159233245178174e-02 9.918092875103685646e-01 1.085579701251449258e-01 -9.974976728516576907e-01 -6.924766650454980410e-02 1.425318698403974654e-02
4.415572619413724725e-02 4.864045493952596222e-01 -8.726172621326391265e-01 -1.652355928973508192e-01 8.649947616759007252e-01 4.737945347016082054e-01 9.852651778501710922e-01 1.232666889343868172e-01 1.185658159632184128e-01
8.713920021262380744e-02 3.936018956771526467e-01 9.151416871204460790e-01 5.103613399863752287e-01 7.712867476660685284e-01 -3.803262487943872006e-01 -8.555337880140188034e-01 5.001942628559932214e-01 -1.336698805727521699e-01
2.793537525763973850e-01 8.250579898946616142e-01 -4.911626962957040821e-01 3.517624449206979698e-01 3.880273489058366776e-01 8.518790752474917349e-01 8.934341963820829902e-01 -4.107482073145168333e-01 -1.818275197075862881e-01
5.544261081091510501e-01 5.900618810492034294e-01 5.868889734691015159e-01 6.722108409215008518e-01 9.825170477788182366e-02 -7.338114116418801292e-01 -4.906569840474592770e-01 8.013573354259108106e-01 -3.421726829607172338e-01
7.846230051785566539e-01 6.098929179456600291e-01 -1.113434703262815018e-01 3.238281968678197731e-01 -2.500175790570769996e-01 9.124837034576426253e-01 5.286795235848533725e-01 -7.520118608121595383e-01 -3.936700681280275171e-01
9.531238960958600126e-01 2.613514164101749526e-01 1.524804113040238995e-01 2.577442244298314700e-01 -4.372873323887186969e-01 -8.615960211754828402e-01 -1.585015882069121806e-01 8.605087019157643402e-01 -4.841508240859793699e-01
9.893328568119403865e-01 8.805237402726217438e-03 1.454062111005136881e-01 -1.154987242649098411e-01 -5.608688448080931810e-01 8.198086262151755843e-01 8.877242322649418760e-02 -8.278578420948350391e-01 -5.538689828439389284e-01
9.312118944903736706e-01 -2.745151161492640490e-01 -2.397620874225225573e-01 -3.538163409372222512e-01 -5.229015993678076679e-01 -7.754920465513390759e-01 8.751231025087015392e-02 8.069791622985967861e-01 -5.840601229072316380e-01
7.608407071234870589e-01 -5.745259970349050338e-01 3.017305041173009017e-01 -5.908607968619897788e-01 -4.210499206120089100e-01 6.881863723470812433e-01 -2.683373569137301740e-01 -7.018809322696188957e-01 -6.598168077587021063e-01
5.428838595319602778e-01 -6.705004147047944896e-01 -5.056741133777583608e-01 -7.941918381743482414e-01 -2.141469831874282803e-01 -5.686830345359122907e-01 2.730136246360855279e-01 7.103310942598685118e-01 -6.487628975909802698e-01
2.653443675640093646e-01 -8.718218710852603248e-01 4.117268411209693002e-01 -8.339645543849242282e-01 6.759916121869051671e-03 5.517766083874707794e-01 -4.838341540565437304e-01 -4.897764067729489246e-01 -7.252748325545067543e-01
6.874903958584726270e-03 -7.824436032939920960e-01 -6.226835017566098029e-01 -9.113886864812840161e-01 2.513368781267847352e-01 -3.258840834520790319e-01 4.114892439049653849e-01 5.697471205348874079e-01 -7.113823309534221817e-01
-2.561011055132614289e-01 -8.276177697472629768e-01 4.994607601738619285e-01 -7.734467107392053453e-01 4.853669748171203779e-01 4.076752204924669054e-01 -5.798210149706458649e-01 -2.819002074412929604e-01 -7.644212605906289815e-01
-4.627093448192665659e-01 -6.056373784616634337e-01 -6.473819799986781920e-01 -7.231316899708214452e-01 6.802826943014198546e-01 -1.195659432863103305e-01 5.128163620409056378e-01 4.128181459723943014e-01 -7.527287407685759879e-01
-6.489763465276328080e-01 -5.329231902041920987e-01 5.429756670332772650e-01 -4.826947973533771141e-01 8.400641743320382826e-01 2.475841586447198039e-01 -5.880777450776624171e-01 -1.014152668310742550e-01 -8.024210300072861513e-01
3.387086974624660130e-01 1.558448507552312179e-01 -9.278948220333809171e-01 -9.361837766544406358e-02 9.868753519186619361e-01 1.315775024033663809e-01 9.362222052624954438e-01 4.230156342852228746e-02 3.488532071014006086e-01
9.182833124274166758e-01 3.693778659546005372e-01 -1.425333303482276548e-01 -3.625003148222202820e-01 9.291597732757588268e-01 7.249577560059460024e-02 1.592145717926692627e-01 -1.490328383161670413e-02 9.871315070748735154e-01
9.078197610639443527e-01 3.580073840950920294e-01 -2.183895472663297532e-01 -3.382634594694622909e-01 9.329441844541325191e-01 1.232598096743835470e-01 2.478731800932782170e-01 -3.802448719710783270e-02 9.680459828767650210e-01
7.324560094775023344e-01 4.244260786510867800e-01 -5.323257442028846986e-01 -3.440737945328600084e-02 8.039733273509612754e-01 5.936691175624533301e-01 6.799443553846530319e-01 -4.165205789262832470e-01 6.034784842158527063e-01
8.401307257080545821e-01 2.585928957406281037e-01 -4.767704667801212493e-01 -1.429313583054538650e-01 9.535110171864693562e-01 2.653061757987980607e-01 5.232121850016645537e-01 -1.547464195918648588e-01 8.380349366758421681e-01
9.514662692841213687e-01 -2.157350657816068107e-01 -2.194773788041982365e-01 1.198818956205994629e-01 9.166423142362860599e-01 -3.813072237106945872e-01 2.834435914198228379e-01 3.364895973782127125e-01 8.980169716320961504e-01
1.167501887482311346e-01 -5.919640577493345823e-01 7.974634460338575481e-01 8.100964252665607823e-01 -4.077570815854120179e-01 -4.212813124116561725e-01 5.745547625749807263e-01 6.952069596529441009e-01 4.319422508304991415e-01
-2.442239334403063233e-01 5.362865739935378517e-01 8.079303069505554546e-01 -6.281749351558004735e-01 -7.222091614458838738e-01 2.894998755882964292e-01 7.387495659402792958e-01 -4.368187698324180190e-01 5.132625460182560495e-01
6.954258909291610724e-01 7.143231255637381150e-01 -7.826431185562726656e-02 -6.139314806975074701e-01 6.472025915110779515e-01 4.519036872497403379e-01 3.734581197858055646e-01 -2.662165994565268701e-01 8.886268929870704270e-01
3.826269933055313488e-01 9.204041078891351813e-01 8.032970916649684323e-02 -8.266640045180559948e-01 3.022328665258572356e-01 4.746387236896446593e-01 4.125811527786263366e-01 -2.480152668130907179e-01 8.765073985994022987e-01
8.626912080547192163e-01 4.979849976471810713e-01 8.817494918301052587e-02 -4.869603877854938867e-01 7.708885874525429616e-01 4.106097495959203925e-01 1.365044331620432483e-01 -3.971671283650753947e-01 9.075377743506599648e-01
9.563091408458234133e-01 1.791454308047319421e-01 2.310405630111531106e-01 -2.411079976466274366e-01 9.302160361697192625e-01 2.767039203255522994e-01 -1.653473937065758625e-01 -3.203202158379684916e-01 9.327674944593429274e-01
9.533695529371986055e-01 1.476188262950183516e-01 2.632397721766368548e-01 -2.130556715598967699e-01 9.469554846332284281e-01 2.405880107968994541e-01 -2.137610262617762602e-01 -2.854540107378573666e-01 9.342495552073779574e-01
9.494208739538362307e-01 1.437991973061371886e-01 2.791447562732372045e-01 -2.078420209105850125e-01 9.541552431155219116e-01 2.153821403435378923e-01 -2.353756538908352569e-01 -2.625063101894316575e-01 9.357824205798010997e-01
9.108854972652281612e-01 2.088270479851477568e-01 3.559197590773611752e-01 -2.266774476663439841e-01 9.739310883003214903e-01 8.693098505327994524e-03 -3.448259642070909403e-01 -8.859739991647751223e-02 9.344760859094736194e-01
9.108854972651652115e-01 2.088270479852346040e-01 3.559197590774716424e-01 -2.266774476664374371e-01 9.739310883003000630e-01 8.693098505299446180e-03 -3.448259642071960229e-01 -8.859739991650927848e-02 9.344760859094319860e-01
6.113453353560949211e-01 7.810095057205890257e-01 1.275971508789472686e-01 -6.358083202463002959e-01 5.807482813808465538e-01 -5.084085105294474660e-01 -4.711737055947858854e-01 2.296858411989606552e-01 8.516100947668502341e-01
-6.812889472630894172e-01 -5.819810427819090970e-01 -4.440083739971949495e-01 5.609229453224432449e-01 -8.047752764643550938e-01 1.941705533867487954e-01 -4.703305430736418047e-01 -1.167682329839858091e-01 8.747310215248176313e-01
7.536511348170011892e-01 -5.980119051248562467e-01 -2.727484707894552995e-01 6.544540363484021572e-01 6.443533108937751219e-01 3.955991974808775735e-01 -6.082664955700420317e-02 -4.766451217301715948e-01 8.769889090715453639e-01
-3.391349649859845550e-01 4.067845541179407887e-01 -8.482415941552401417e-01 -9.057490805620457275e-01 -3.848147286963098934e-01 1.775844239774264921e-01 -2.541772581978253842e-01 8.285191314082334113e-01 4.989488654216808206e-01
2.198830884714718381e-01 7.969227255034828650e-01 -5.626416239315641388e-01 -9.754684365581028915e-01 1.733372576576652224e-01 -1.357038112457080448e-01 -1.061869498278707712e-02 5.786781183730906886e-01 8.154868966654474916e-01
9.775997350402952923e-01 9.456960311441041378e-02 1.880301790030732001e-01 -2.652622558678465609e-02 9.416073792586139302e-01 -3.356663561959169484e-01 -2.087944381569199204e-01 3.231596099337107897e-01 9.230236991010731806e-01
7.619348105115650860e-01 6.471647488876869359e-01 2.516212089317435355e-02 -6.070588493079760450e-01 7.271760701614728983e-01 -3.204598515592758101e-01 -2.256876115509705294e-01 2.288946281188223852e-01 9.469278489994705783e-01
5.521153722016717280e-01 8.308891798978310650e-01 6.922273114605785593e-02 -7.793448422015181176e-01 5.437992288617972125e-01 -3.112940982787911759e-01 -2.962941658428333014e-01 1.179218784535959463e-01 9.477891104404371214e-01
-8.303559979194482521e-01 -3.603903966053307317e-01 -4.250031514634330931e-01 5.198346559239849229e-01 -2.262840651253637814e-01 -8.237520575820934665e-01 2.007008899322313689e-01 -9.049388288193807028e-01 3.752397485280817846e-01
6.377653235210679616e-01 -7.464872131215525286e-01 -1.897688930253996487e-01 7.511028499082580412e-01 6.573221099532089440e-01 -6.141785266805194904e-02 1.705869308410246366e-01 -1.033657796985037042e-01 9.799059213075305141e-01
9.157134874599471841e-01 -3.971249113890303328e-01 6.132384233066416612e-02 3.782078885028344883e-01 9.033379559999689112e-01 2.023346987642653250e-01 -1.357483037027313877e-01 -1.620874517168221507e-01 9.773945242519921361e-01
8.949970945476936057e-01 -4.432128399683500919e-01 5.042399466897207888e-02 4.296523826137761404e-01 8.869148204727457241e-01 1.696494366041417234e-01 -1.199125967757021793e-01 -1.301709634019319328e-01 9.842136401318165584e-01
9.061311680415218284e-01 -4.207870282946538087e-01 4.318081892069329519e-02 4.065164409585261263e-01 8.944951583045114285e-01 1.860720156288964422e-01 -1.169217239614636084e-01 -1.510519400363374287e-01 9.815867877458100965e-01
9.339785968243886627e-01 -3.571985928529367027e-01 -9.651214318840342990e-03 3.503618719910506218e-01 9.101265701058158797e-01 2.211700364930798413e-01 -7.021779923119832179e-02 -2.099494978591412153e-01 9.751875045445473900e-01
9.557725566797216077e-01 -2.624886036863841032e-01 -1.326595372850395416e-01 2.880804247424648135e-01 9.263849037945353082e-01 2.425297484882851518e-01 5.923249765212912354e-02 -2.700198936307511843e-01 9.610310964092309005e-01
7.228079061688145179e-01 2.275208721940285769e-02 -6.906743612636963014e-01 1.392280697461512895e-01 9.741683297099547056e-01 1.777965409811962105e-01 6.768783312934573138e-01 -2.246740036525766981e-01 7.009688414673701518e-01
9.233814624075251665e-01 1.021261150722083295e-02 -3.837478044866744487e-01 1.115798153854337393e-01 9.493475017355571532e-01 2.937503459521519367e-01 3.673099776492504964e-01 -3.140621332072031646e-01 8.754703631789305662e-01
6.365552707881529937e-01 -1.493717761931699362e-01 -7.566276889651336601e-01 3.155761562860098235e-01 9.456215511161740750e-01 7.881352452713380474e-02 7.037109327099936307e-01 -2.889428222703217530e-01 6.490785535225240821e-01
9.283561363975532110e-01 2.227797073457678245e-01 -2.975299749738534172e-01 -1.681944532859406261e-01 9.656189875419902702e-01 1.982185581176129086e-01 3.314596655655877577e-01 -1.339745232994543345e-01 9.339086235868221397e-01
-4.458842302592518902e-01 1.334527465076587593e-01 -8.850862204642423459e-01 8.845587073019288704e-01 -8.554563070607497377e-02 -4.585169990343226920e-01 -1.369056118004495781e-01 -9.873562221998011257e-01 -7.990334123728562443e-02
8.163996387151276624e-01 -5.291956313351002805e-01 -2.311787483348202443e-01 5.207420952790522417e-01 8.476673118422667352e-01 -1.014287860446341089e-01 2.496383386224797218e-01 -3.757808150970976674e-02 9.676097290126106643e-01
6.590284891235761444e-01 -5.978211252934210185e-01 -4.563894747651446315e-01 6.105931104685509148e-01 7.795696671054846982e-01 -1.394531734217050734e-01 4.391554439738131754e-01 -1.867646547983635719e-01 8.787840802758157821e-01
7.525882560846685054e-01 -8.578641722579093132e-02 6.528794738870261627e-01 -9.916600012946052978e-02 9.654050593888764409e-01 2.411621357607443283e-01 -6.509815828591168918e-01 -2.462392371778356626e-01 7.180454141990715300e-01
8.924951250942227965e-01 -1.926669795338202262e-01 4.078380642857681315e-01 1.702978695952042376e-01 9.811952423124489231e-01 9.085445544798279038e-02 -4.176734218194672610e-01 -1.163320509271670300e-02 9.085227466854576273e-01
8.650288038159678061e-01 -1.908140515423482897e-01 4.640206528838025646e-01 1.155556287796956211e-01 9.757627934598938069e-01 1.858329022446615075e-01 -4.882336174681599639e-01 -1.071306148275965181e-01 8.661125597407162147e-01
9.998102281247145395e-01 2.302776903327751444e-03 -1.934437788454143603e-02 -1.606948527385229641e-02 6.588300156741595526e-01 -7.521201912525818933e-01 1.101269177993641907e-02 7.522883141889951109e-01 6.587419927061276548e-01
7.298599264859600977e-01 -3.379003585471490601e-02 -6.827611011084672166e-01 -5.061022188039067116e-01 -6.981071973688945942e-01 -5.064650877439723642e-01 -4.595269652933025029e-01 7.151954798925146406e-01 -5.266216798705156688e-01
9.615539953636166315e-01 -4.910815823688857717e-02 -2.701893832015735963e-01 2.585070218007617937e-01 4.938827826315511649e-01 8.302131754554468168e-01 9.267164442247982636e-02 -8.681406486363236752e-01 4.875897666126072227e-01
9.151212106944989211e-01 -3.555097844712185595e-01 -1.901735073091475603e-01 -2.086006855137522570e-02 4.293040711560493494e-01 -9.029190838767745531e-01 4.026388298178240066e-01 8.302474375956058195e-01 3.854493028776471153e-01
9.254170061672665204e-01 1.540511143736589816e-01 -3.462248097069987041e-01 -1.908769812924350218e-01 9.787680870011015166e-01 -7.469276993720240510e-02 3.273672902247581895e-01 1.352083060630458189e-01 9.351734444810015923e-01
8.571204170412710655e-01 5.032035222513757677e-01 -1.101399377374399219e-01 -4.483566492404691961e-01 8.340555642989810892e-01 3.214461552791805787e-01 2.536156654721014592e-01 -2.261360892376920728e-01 9.405006982301640228e-01
8.919645765092328871e-01 4.126771717807166118e-01 -1.846530426063268115e-01 -3.561887008009939626e-01 8.929854177269689330e-01 2.751484202184175665e-01 2.784399462620352761e-01 -1.796513167724071991e-01 9.435023056185583012e-01
8.453303363068200849e-01 5.174129929279842610e-01 -1.330429151390788156e-01 -4.675058204469717538e-01 8.369519143037369435e-01 2.845167850786914920e-01 2.585632038160154411e-01 -1.783123324187537162e-01 9.493944289597353592e-01
2.826349189064458201e-01 9.515130767292966363e-01 -1.214099148665154781e-01 -9.391542354702386852e-01 3.002528605229621839e-01 1.668458622384457468e-01 1.952096939525763963e-01 6.686616903132998335e-02 9.784794790009727627e-01
9.055367277809101001e-01 -2.685272338396385017e-01 3.284758123915278993e-01 1.467299570793192953e-01 9.246562472672152921e-01 3.513988390493226754e-01 -3.980873702283749815e-01 -2.700073130049308601e-01 8.767111819684486607e-01
-8.977271123150000198e-01 -2.803697245590683895e-01 3.398217905980184805e-01 3.827151751657879575e-01 -1.142562777111687244e-01 9.167740167028125553e-01 -2.182089056670044047e-01 9.530678467739118753e-01 2.098727064993160252e-01
9.506190602638234788e-01 -2.847326160845150556e-01 -1.234938848720587845e-01 2.429924481291588223e-01 9.303547238097316097e-01 -2.745810591375818510e-01 1.930753024478356616e-01 2.310139069895713049e-01 9.536008087046122794e-01
8.558498888960803797e-01 -5.168131633933820135e-01 2.061848248277296097e-02 5.125572956818262860e-01 8.421102059590989120e-01 -1.677361608683633765e-01 6.932522138370796061e-02 1.541251282654771959e-01 9.856162836100317293e-01
4.290121461701330574e-01 -9.017116210380886621e-01 -5.352318117749603477e-02 8.981184894120822770e-01 4.194657306019153875e-01 1.320290870481229673e-01 -9.660102180958489437e-02 -1.047122406190605093e-01 9.897997723023986838e-01
-7.056100630156654230e-01 5.613222384786860086e-01 -4.324717141736622028e-01 -2.245759542467302416e-01 -7.560044345855504444e-01 -6.148356981024710732e-01 -6.720714841035879683e-01 -3.367115077870959650e-01 6.595038140742943700e-01
8.244997736498078655e-01 5.142594516830274465e-01 -2.360875676652371413e-01 -5.418326067672319946e-01 8.377827110402001898e-01 -6.736137859306730313e-02 1.631488568615854229e-01 1.834593836161134695e-01 9.693941948804696285e-01
4.951486907207409138e-01 7.989687674397157879e-01 -3.412868042180918216e-01 -8.399780233444389399e-01 3.398808178259900004e-01 -4.229869382998797112e-01 -2.219565146056906302e-01 4.961148438918130399e-01 8.394077479355884774e-01
1.321312057200668688e-01 -5.930412804244314939e-01 -7.942564977307473573e-01 8.440460563850586684e-02 -7.916403230189853479e-01 6.051292932236919109e-01 -9.876321212992061893e-01 -1.469953695969629104e-01 -5.454497497554296193e-02
6.926145800920492368e-01 -6.664499854892187436e-01 -2.759156760413131737e-01 6.981777715822654606e-01 5.233256147564835370e-01 4.885469273346942365e-01 -1.811983518477384425e-01 -5.310129167743181666e-01 8.277635166558710011e-01
9.947086589048633742e-01 -3.096859707551341198e-02 9.795728607338601013e-02 8.290650722474350587e-02 8.050701187285671523e-01 -5.873573145796046058e-01 -6.067285191485782131e-02 5.923707031289998648e-01 8.033777163420531275e-01
4.475635464705561284e-01 8.605027248582152177e-01 -2.433555678062150895e-01 3.755121733733090550e-01 -4.278245679292081438e-01 -8.221658875948578693e-01 -8.115894772107093980e-01 2.765885022696596418e-01 -5.146079292947925987e-01
8.848896993209969253e-01 4.649721720118984436e-01 2.776867461966976008e-02 -4.489944667194548655e-01 8.673147657981635783e-01 -2.148698812858353957e-01 -1.239926969256980316e-01 1.776681633917965575e-01 9.762478347356667863e-01
9.058480872101543069e-01 4.199536508653711753e-01 5.548129434819170508e-02 -4.162654198506146042e-01 9.067614937345068737e-01 -6.713191280574092035e-02 -7.850059320983687750e-02 3.771637052013373376e-02 9.962003474504973477e-01
9.015207074511022434e-01 4.309517816990542372e-01 3.925526572671335368e-02 -4.261903327671417441e-01 8.999416994551375781e-01 -9.201487834927504772e-02 -7.498142631810328362e-02 6.622310346253505731e-02 9.949835608064554471e-01
9.113943802902111369e-01 1.536580345102331879e-01 3.817715180652878071e-01 -2.413708655323753560e-01 9.509511071185234865e-01 1.934737634466413003e-01 -3.333172495499960863e-01 -2.684794224898938153e-01 9.037800677443150743e-01
9.223205585168030574e-01 1.933489746546369348e-01 3.345757931130897145e-01 -2.629504765409618194e-01 9.484808327589367982e-01 1.767516811116517927e-01 -2.831639705614638625e-01 -2.509985734798397261e-01 9.256445764368481655e-01
4.320023894550450438e-01 -1.326436501889741437e-01 8.920647944906674454e-01 -3.807492493403812767e-02 9.855609648671544987e-01 1.649844981244940612e-01 -9.010683856380707901e-01 -1.052389974993531152e-01 4.207142947523084819e-01
8.086605875915402475e-01 -1.444997633500939294e-01 5.702524637981599698e-01 -2.537109057699135292e-02 9.598943609218758555e-01 2.792116108497600391e-01 -5.877281359940487171e-01 -2.402553522029230448e-01 7.725626213445809798e-01
7.156957072746574777e-01 -1.078392355849707995e-01 6.900364873375007813e-01 -9.590558987117452083e-02 9.634729734724490902e-01 2.500438905864716954e-01 -6.917960482830830538e-01 -2.451336954737281526e-01 6.792110856893487369e-01
8.241157141073436332e-01 -5.415256362200805418e-01 -1.660821335297091028e-01 5.142863354638851359e-01 8.382482090506317984e-01 -1.812443245415878423e-01 2.373664991452486828e-01 6.395252410847600266e-02 9.693127564123374951e-01
9.415648140618452233e-01 -3.323143382249365008e-01 5.498073781612729249e-02 3.140886775297200284e-01 9.251763398839851771e-01 2.130658179213751613e-01 -1.216717040577420805e-01 -1.833464500037989275e-01 9.754896594545171551e-01
8.917735144707911177e-01 -4.517024707605531431e-01 2.654951595087102698e-02 4.523808071432844913e-01 8.912790344154239985e-01 -3.119756624962751607e-02 -9.571009184216364499e-03 3.983165475248418713e-02 9.991605652060505660e-01
6.081189594722706815e-01 4.173181874233972688e-01 6.753050137352851756e-01 6.888442868250389817e-02 -8.752063976754597130e-01 4.788201091777894436e-01 7.908516084673841151e-01 -2.446615865100107423e-01 -5.609763287973534851e-01
6.636579756996168200e-01 6.115419239568348209e-01 4.307836655833873207e-01 -4.529520306326009216e-01 -1.297749103604858290e-01 8.820390754307493308e-01 5.953087847798738119e-01 -7.804966033776834511e-01 1.908730019667766453e-01
8.016465048249555858e-01 -5.957112946779440366e-01 -4.990926462151910187e-02 1.663598991678252592e-01 3.024999412542204169e-01 -9.385191364538415515e-01 5.741839994729948105e-01 7.440576852195811552e-01 3.416004915319574842e-01
8.313974039107183689e-01 5.282766471907841543e-01 1.723430903847959772e-01 -5.388422089061939424e-01 8.422186550813915984e-01 1.779918352020081612e-02 -1.357476728036683122e-01 -1.076639264830887149e-01 9.848761588456856897e-01
1.072693867410199758e-01 -9.331906583140169298e-01 -3.429992330948531398e-01 -1.658878591416064474e-01 3.233546849126884282e-01 -9.316238328501641464e-01 9.802930668211523590e-01 1.568341256884737134e-01 -1.201189417282385874e-01
-4.182346251546766869e-01 -4.603140677411931558e-01 7.830649764619049824e-01 -8.595994707335535834e-01 4.791707704229723475e-01 -1.774376585926724370e-01 -2.935447976652313384e-01 -7.473328119464657249e-01 -5.960915365544682265e-01
8.426333409823925091e-01 4.074498292967358437e-01 3.520705742758293288e-01 -4.932209218212054713e-01 8.463758567184134218e-01 2.009503208308272837e-01 -2.161068600084040947e-01 -3.429760134036095032e-01 9.141472962751000519e-01
8.195794930136939271e-01 1.009934347902161356e-01 -5.639944864630249688e-01 1.264274020958310041e-02 9.809155585525896059e-01 1.940227515253153678e-01 5.728259908134493150e-01 -1.661475041002291597e-01 8.026614424088494015e-01
9.189916193101328734e-02 -1.192908959270370384e-01 -9.885971000287742116e-01 6.115894195033746428e-01 7.902378920994468370e-01 -3.850267317665956313e-02 7.858199068411939603e-01 -6.010771631322787689e-01 1.455792498021237502e-01
-4.065147309844643342e-01 9.136192156181425217e-01 -6.760351020381587424e-03 6.039462483905301271e-01 2.631589246470470433e-01 -7.523272621895434886e-01 -6.855615964649950378e-01 -3.099150032378233943e-01 -6.587548771891312827e-01
7.197125517870954781e-01 3.907272327958880576e-01 5.738868114461033176e-01 -3.539607858659760686e-01 9.176092003670439645e-01 -1.808455624860482447e-01 -5.972651043458407916e-01 -7.297660552137552603e-02 7.987169775191520493e-01
9.618459892660902177e-01 -6.138422262251255063e-02 2.666163351067713516e-01 -1.672647993525085836e-02 9.594888283202789303e-01 2.812497345733043774e-01 -2.730796913022131567e-01 -2.749784819610587849e-01 9.218537392974439637e-01
8.688458307971984595e-01 2.668456057130703107e-01 4.170136029171599978e-01 -3.378319209281364643e-01 9.352881515671896961e-01 1.053834272551188861e-01 -3.619067773727531745e-01 -2.324424579323971785e-01 9.027701746524496862e-01
5.764680871327038103e-01 -8.078872595434234416e-01 1.224855925608347301e-01 7.854960741988463724e-01 5.891952210932196454e-01 1.893275174376735925e-01 -2.251232150084968020e-01 -1.292931971642423059e-02 9.742445128179623159e-01
3.092096791556490087e-01 -9.348500954134740804e-01 1.744840205344875550e-01 9.319180328446745598e-01 3.344278184584411062e-01 1.403097085024419266e-01 -1.895208547241509500e-01 1.192196852308666649e-01 9.746119803686391636e-01
-8.603759795317555970e-01 5.076305133107221756e-01 4.543606277688916339e-02 -2.531257591871037826e-01 -5.029869704921827722e-01 8.263966708252451498e-01 4.423579137765311642e-01 6.995108072581789349e-01 5.612522664972382502e-01
5.050897866689563198e-01 8.591665508650168093e-01 -8.195819225323865143e-02 -8.378512931519465079e-01 5.109037288962960943e-01 1.923085810968169496e-01 2.070978463584766949e-01 -2.846432283702890129e-02 9.779060611117564861e-01
-4.004779047303809181e-01 -1.883635218226557273e-01 8.967366566999087629e-01 7.398152180455188631e-01 -6.438877485443381676e-01 1.951461258205360594e-01 5.406393353900782461e-01 7.415711367907122931e-01 3.972170163876491689e-01
6.029140159602602855e-01 -7.074965383213190906e-01 3.687049465657076808e-01 7.563442898848256046e-01 6.539258526272754279e-01 1.800817659591600825e-02 -2.538464191539639425e-01 2.680104989156974482e-01 9.293720288203584090e-01
6.439869700008293840e-01 -6.920242426478958597e-01 3.261644218132282447e-01 7.274664949064254538e-01 6.858825253288595158e-01 1.891190728260935122e-02 -2.367979756199592167e-01 2.250946668317858057e-01 9.451238594523876380e-01
9.118294942017931559e-01 -1.804749004239635524e-01 -3.687760618866993134e-01 1.551533588752473658e-01 9.830698270845262821e-01 -9.747384421334996663e-02 3.801242017202152712e-01 3.166268139245578817e-02 9.243933501889814996e-01
4.958752789657752125e-01 -8.439275609296620351e-01 2.046801886209959620e-01 7.133651685201800596e-01 5.302791831032839243e-01 4.581638618545656461e-01 -4.951947536604059952e-01 -8.118041556081045940e-02 8.649808645724970102e-01
7.712413334444284674e-01 -6.037697660363972041e-01 2.016156621079186195e-01 5.953903961901283459e-01 7.962763117447855254e-01 1.070248171158609957e-01 -2.251601246034080350e-01 3.749806627648590018e-02 9.735999246682911501e-01
6.182976737261154376e-01 7.072357954233542410e-01 -3.428199474020872106e-01 -6.376572531844417746e-01 1.964115662816487140e-01 -7.448595331282686915e-01 -4.594575215688028735e-01 6.791465425831786362e-01 5.724148491882158352e-01
1.771333532438006120e-01 8.009156762004100427e-01 -5.719771453345376955e-01 -5.081776215812000563e-01 -4.232712874663075997e-01 -7.500646119706549930e-01 -8.428400085975282785e-01 4.235274451827821252e-01 3.320319609378949988e-01
8.834772189654869212e-01 4.675185038361393541e-01 -2.990739272866807866e-02 -4.664255769599532919e-01 8.837833192432122953e-01 3.707055145294330112e-02 4.376282356731314022e-02 -1.880141479432643342e-02 9.988650169443056281e-01
9.575632156305569076e-01 2.804404929394189172e-01 6.652682159222149394e-02 -2.879830044721916615e-01 9.215056186352865719e-01 2.605632053049077301e-01 1.176763385040397770e-02 -2.686643347068858878e-01 9.631619791343869474e-01
6.689804594290429396e-01 5.707805620827722803e-01 -4.761036597744039423e-01 -6.787890536285359211e-01 7.301303564725450945e-01 -7.845433851197031183e-02 3.028375233952742551e-01 3.756583720692895367e-01 8.758825388818228808e-01
9.211269930947471041e-01 3.486167526480255519e-01 1.731803174883774221e-01 -3.494631436085657294e-01 9.365727099134126821e-01 -2.659079360729482353e-02 -1.714659553714638074e-01 -3.602664040112734528e-02 9.845311103921293716e-01
8.293888574912079426e-01 1.075979581939635887e-01 5.482123698548935220e-01 -9.789627492083850802e-02 9.940860378604551295e-01 -4.700285829101797513e-02 -5.500276742365353133e-01 -1.468430193751048274e-02 8.350173224853217890e-01
1.137615803807828091e-02 7.939003235330857611e-02 9.967787145556596951e-01 5.810747441916001010e-01 8.107294178798465367e-01 -7.120359995724653834e-02 -8.137706831110096406e-01 5.800129599820557091e-01 -3.690855675714121292e-02
8.311257762903804247e-01 -3.239453203654856783e-01 4.519838198420550457e-01 2.943327402641220392e-01 9.458764384916473755e-01 1.366967487359138644e-01 -4.718031178302293793e-01 1.942144483964985610e-02 8.814900030550629761e-01
-8.596707291981988686e-01 2.647044576206489253e-01 -4.369185135418225951e-01 3.660712145303157139e-01 9.157579438453907761e-01 -1.654667766542964324e-01 3.563118062205311576e-01 -3.021902354475095587e-01 -8.841509816473890337e-01
8.939306763478157558e-01 3.464950927673840497e-01 -2.843045841566028131e-01 -3.235211057085332076e-01 9.378294487711298366e-01 1.257378987368844292e-01 3.101967763299048331e-01 -2.042243143606745776e-02 9.504529889735600090e-01
-3.285064515443383293e-01 9.178983913067362277e-01 2.225894304100120291e-01 7.440117342354513053e-01 3.966623446482198667e-01 -5.376853388908178211e-01 -5.818333529574459817e-01 -1.102395458460325370e-02 -8.132333132696993871e-01
6.875130195402633371e-01 6.016409271277005540e-03 7.261471275038619000e-01 1.823596145468628360e-01 9.664911311228709945e-01 -1.806650614899101004e-01 -7.029017135737748445e-01 2.566294922262712941e-01 6.633780858415033732e-01
9.240020391387905319e-01 -3.599134399222210789e-01 1.291609361638075826e-01 3.681451975932665266e-01 9.286300518101477941e-01 -4.599282948566275897e-02 -1.033892893697028609e-01 9.004744659587120281e-02 9.905564659347753098e-01
8.808685702031944231e-01 -4.492323507556817974e-01 -1.492007274201570810e-01 4.281300273844121929e-01 8.905464874175068601e-01 -1.537258384272557343e-01 2.019288034927220199e-01 7.153494798253799691e-02 9.767842697019303300e-01
1.198583547999753501e-01 -4.804900354078382452e-01 8.687711440065314372e-01 -6.214295477061372308e-01 6.461377838430347742e-01 4.430928588097053922e-01 -7.742475650735938242e-01 -5.929884401606712041e-01 -2.211456936352705349e-01
9.365730083009835005e-02 -9.134950954758244146e-01 -3.959229982494512079e-01 -8.915400658241438014e-01 1.000559996583412631e-01 -4.417523151752028032e-01 4.431530447052147714e-01 3.943545453953643531e-01 -8.050465026906915567e-01
7.813610926619724006e-01 -3.414209850277401537e-01 -5.224045882807465402e-01 1.601141110323122951e-01 9.187330673210160059e-01 -3.609612478636035626e-01 6.031901145761766614e-01 1.983967287875615104e-01 7.725285908521274392e-01
5.136340473094850312e-01 -7.284300897605195946e-01 -4.533979154958252544e-01 -6.826527915180156947e-02 4.920606009293744809e-01 -8.678803008914015571e-01 8.552893762387117071e-01 4.767242067951916740e-01 2.030125945568182488e-01
7.584870793039423242e-01 5.802012284143218679e-01 2.967555982209727494e-01 -6.510337342097526347e-01 6.950077309002269388e-01 3.051546016527085237e-01 -2.919636021631310391e-02 -4.246537278011699446e-01 9.048849562318347362e-01
-7.019533701962810124e-01 -7.078863244745490224e-01 7.847558659861381125e-02 -9.604110024214508601e-02 -1.509771077801486984e-02 -9.952628628626419838e-01 7.057177715874537460e-01 -7.061650024967093264e-01 -5.738829248602696914e-02
-6.115681472343577341e-02 -9.651089573462966476e-01 -2.546066465409495549e-01 3.550212651452656631e-01 2.173698405221258234e-01 -9.092360825033511951e-01 9.328556937209196986e-01 -1.459967564068814783e-01 3.293405559768359803e-01
8.287732586987150984e-01 -2.231592210012580887e-02 5.591394148928638952e-01 -3.245769518007317056e-01 7.947750346533309918e-01 5.128181418900294997e-01 -4.558340575534680639e-01 -6.064937294915901944e-01 6.514450614301436904e-01
9.161598833502841988e-01 -1.600341640302170854e-01 3.674780734720689002e-01 5.875170806500353005e-02 9.605479205100249107e-01 2.718380569444080463e-01 -3.964836755013229075e-01 -2.274571580474359367e-01 8.894177512923528983e-01
8.642614932728480692e-01 -3.650050098895696316e-01 3.461551877428712398e-01 3.425184747798873386e-01 -7.697874911458345293e-02 -9.363521595100927630e-01 3.684198225940711890e-01 9.278176625502821961e-01 5.849119061434719657e-02
9.318640685051305939e-01 2.818312006847067952e-01 2.284743577508907830e-01 1.312067337822105939e-01 -8.489020340959384514e-01 5.120059858224144111e-01 3.382516087755824130e-01 -4.471426068139725540e-01 -8.280394545746813106e-01
9.286401218186670636e-01 1.894361037806592263e-01 3.189694134756721478e-01 -2.701871261490449982e-01 9.345391996224108322e-01 2.315931804531899396e-01 -2.542173106063610466e-01 -3.012481484648611985e-01 9.190337926510439015e-01
9.333438457854246195e-01 1.195522731293837404e-01 3.384915353802385174e-01 -2.594788074822326762e-01 8.762678684816354036e-01 4.059869100528366581e-01 -2.480725982491264747e-01 -4.667567639105497657e-01 8.488805035702486901e-01
9.341738849847192050e-01 2.767011441244484060e-01 2.252901006541969398e-01 -3.201007311572940384e-01 9.288443825506141893e-01 1.865037128765382191e-01 -1.576536537005176208e-01 -2.463424239638589974e-01 9.562744039398354268e-01
-2.470322142678088306e-01 -5.515895242343429317e-01 -7.966957272816737046e-01 -9.623632040800981224e-01 4.354005125198244508e-02 2.682560854289471886e-01 -1.132790737366406036e-01 8.329785475580425702e-01 -5.415852571492900669e-01
9.244652345796900983e-01 -1.122545750974618950e-01 -3.643664919050692563e-01 -1.148023262570229963e-01 8.293641766967497775e-01 -5.467865107133664804e-01 3.635718030038835313e-01 5.473152407724553026e-01 7.538312618077701588e-01
9.044316592090335671e-01 -4.184735587671789547e-01 -8.296538093160828187e-02 4.178405915780397106e-01 9.081570459447105836e-01 -2.569085305493797738e-02 8.609653796819158322e-02 -1.143068299398765711e-02 9.962212232411948865e-01
9.666275773883015177e-01 -2.505394984230001620e-01 -5.348912377647077609e-02 2.135091106899463242e-01 9.032345245469426409e-01 -3.722650310180192212e-01 1.415803174343502613e-01 3.484212298302301059e-01 9.265838657772854647e-01
9.763546230288132621e-01 -2.153372297427205151e-01 -1.901387853633913078e-02 1.846313413752363464e-01 8.764048124439424159e-01 -4.447762049695094255e-01 1.124407304860868401e-01 4.307487460362815490e-01 8.954398918497692428e-01
9.516625569576295796e-01 -2.426565902076598669e-01 -1.882980533984837668e-01 1.868903070438237835e-01 9.439878884154347949e-01 -2.719538189804185380e-01 2.437424682281109090e-01 2.236171857299006083e-01 9.437080922765830326e-01
7.995380313550947138e-01 -2.175126333319556682e-01 5.598456847719893714e-01 5.631258092285058581e-01 5.956387411562799050e-01 -5.728034680538367507e-01 -2.088737882012964286e-01 7.732417114814490455e-01 5.987228041653995803e-01
-1.151256564909727692e-01 1.501017872697466282e-01 9.819447727219442479e-01 9.842562583767493489e-01 -1.162212593557340468e-01 1.331624448557810203e-01 1.341107790735863170e-01 9.818157018158731875e-01 -1.343585747322471047e-01
6.410541728593965871e-02 -5.992646691498848543e-02 9.961422157692558788e-01 9.829450201548399768e-01 1.761999209520655196e-01 -5.265619820388670741e-02 -1.723646797560238753e-01 9.825285779149494081e-01 7.019979168794354685e-02
4.766206306713807739e-01 -4.431477624927102621e-01 7.592449110900381104e-01 8.241570978783497869e-01 5.257988797647480395e-01 -2.104771152759181418e-01 -3.059376610277844133e-01 7.260548179275725378e-01 6.158299675470559897e-01
-2.005485209380119538e-01 -1.747646673153942509e-01 9.639697100053071788e-01 9.462542480348135054e-01 2.202911304696399397e-01 2.368010048806353240e-01 -2.537384259934750697e-01 9.596505243548552055e-01 1.211927484621339729e-01
8.160801366640736410e-01 5.766348194156794005e-01 -3.880071622784640739e-02 -5.755859085605163905e-01 8.169758792642582979e-01 3.537335956559951172e-02 5.209676006156324646e-02 -6.534350605758081250e-03 9.986206636422305660e-01
-4.818486308001838220e-02 9.361829822770338927e-01 3.481948343454271400e-01 -5.272665601904803490e-01 -3.199127098203640718e-01 7.871758587509467553e-01 8.483325960228446094e-01 -1.456615316075969280e-01 5.090329308943288833e-01
8.854587027134804833e-01 -3.560622585274750840e-01 -2.986344820031234248e-01 3.055530806752878026e-01 9.302482743744883154e-01 -2.031636358040676271e-01 3.501431145671744516e-01 8.864432342570056911e-02 9.324923502343589465e-01
-5.376028924852422897e-01 -7.872932205887340773e-01 3.019147475803724001e-01 8.040684423360008326e-01 -5.864754870504281792e-01 -9.757275812602857201e-02 2.538839696216725339e-01 1.903047238089010385e-01 9.483285517504783657e-01
-3.189836817845843608e-01 -8.924811444984590558e-01 3.189464178664996874e-01 9.228728713670967254e-01 -3.691042874256953432e-01 -1.098530304480501568e-01 2.157662486344921748e-01 2.593056723611933401e-01 9.413848810298095504e-01
4.715164912929606933e-01 -8.755884443849851761e-01 1.049622527304803349e-01 8.758950980800526143e-01 4.788165345827585240e-01 5.951893286587964238e-02 -1.023717519538981657e-01 6.387176425964641302e-02 9.926935187318640663e-01
9.112582116396618082e-01 -3.646858179644432152e-01 -1.913445214655767612e-01 3.960832634754045678e-01 9.033363168908946639e-01 1.646254748836472326e-01 1.128118793122372260e-01 -2.258046783430276150e-01 9.676185855617094322e-01
-4.669096043764500714e-02 7.266357551352370381e-01 -6.854344852518394759e-01 -7.127462189047835128e-01 4.565261474859322322e-01 5.325192053800384961e-01 6.998662598313657446e-01 5.134046708208805931e-01 4.965912427026463738e-01
7.979962924975091410e-01 5.479481660949206967e-01 -2.509078006628003843e-01 -4.697094757264201337e-01 8.263336458137863216e-01 3.107180622508257661e-01 3.775909500677177011e-01 -1.300980901831761127e-01 9.167876315470496751e-01
7.912023665076322043e-01 3.775309466966196570e-02 6.103880069886581383e-01 -1.001531434482354627e-01 9.926162817922020709e-01 6.842707781617593521e-02 -6.032977400008721069e-01 -1.152719435243779317e-01 7.891414422940624673e-01
-6.481189757257290740e-01 5.563576434770224344e-01 5.200076594137112984e-01 6.850701217497533468e-01 7.241754548818493120e-01 7.904959729464429430e-02 -3.325969356293140833e-01 4.074752545754915523e-01 -8.504958526169474897e-01
-7.252434924750712497e-01 5.771868590399937826e-01 -3.753361245258812207e-01 5.218249678776020195e-01 8.164440767826292022e-01 2.472200889614366848e-01 4.491331423109425902e-01 -1.656500039563150312e-02 -8.933112678343376745e-01
7.082612722047336717e-01 7.978753821554450398e-02 7.014270589594012728e-01 -1.820841932777690630e-01 9.806203435436673388e-01 7.231243590616939776e-02 -6.820640122842697162e-01 -1.789348780249476190e-01 7.090634615976774136e-01
3.427195970457757451e-02 8.914614790475672290e-02 -9.954287503843511908e-01 7.813059912997798451e-01 6.186973440003727953e-01 8.230762106848271698e-02 6.232065313658675665e-01 -7.805552900599853627e-01 -4.844644901637275292e-02
-5.836193451225408779e-01 8.087713423589293349e-01 -7.264554891851650320e-02 3.060780339720119980e-01 1.362385917776094968e-01 -9.422076645996264599e-01 -7.521334303955413692e-01 -5.721258269728698442e-01 -3.270586201157912321e-01
8.349844711087925919e-01 1.518755171992712712e-02 5.500638792721486148e-01 4.633181675084503681e-02 9.941290742855150020e-01 -9.777906942076826369e-02 -5.483195197726744574e-01 1.071294634215060465e-01 8.293786724429823565e-01
6.812005719138091164e-01 -6.783185447006855329e-01 -2.754083018709558295e-01 6.576585330499046256e-01 7.322607641470635365e-01 -1.768599083947697270e-01 3.216380492587079809e-01 -6.064754905107717919e-02 9.449184303754214476e-01
1.567134850061271123e-01 1.417294628917446786e-01 9.774219370188352851e-01 -7.967483475800680726e-01 6.029650843031318930e-01 4.031349327146100531e-02 -5.836376909056382178e-01 -7.850769812316082952e-01 2.074154750605652908e-01
9.520218692874332644e-01 4.723689044675088988e-02 3.023624258723021097e-01 3.152089482204998433e-02 9.676252336798480957e-01 -2.504153356638467720e-01 -3.044023547676315555e-01 2.479316101809961592e-01 9.197114346820856046e-01
9.188572601014252106e-01 5.607256301553076999e-02 3.905857181666674838e-01 1.231063699631412996e-02 9.852962992996523450e-01 -1.704102426591637132e-01 -3.943980017389123183e-01 1.613910476553126472e-01 9.046563689938150743e-01
9.750905088024697243e-01 1.669320264030171030e-01 -1.460554627678238571e-01 -2.195444927943071001e-01 8.201837619494383169e-01 -5.282980336118594522e-01 3.160245761062290687e-02 5.472040708871319659e-01 8.364024088185778583e-01
-4.844395611734898521e-01 -8.145848736666955192e-01 -3.190137852247931782e-01 -3.051012061105172757e-01 -1.844466162076255633e-01 9.342872683492294827e-01 -8.198972896649583397e-01 5.499372049270452312e-01 -1.591775896195346818e-01
7.189952266576870032e-01 5.612756925018085319e-01 -4.098968907543415474e-01 -5.411113102448101841e-01 8.221842944758519511e-01 1.766678687322350561e-01 4.361701662982075400e-01 9.477648929909174291e-02 8.948592085392724771e-01
-7.163561891237597568e-01 -6.370863947053024834e-01 2.845254575349695503e-01 -2.038428842518549833e-01 5.810858425301091978e-01 7.879005788492345896e-01 -6.672944543782520777e-01 5.064189661658353714e-01 -5.461299679229821846e-01
4.821180590031434732e-01 -6.680786030335763570e-01 5.667743442956348909e-01 4.593262131557691030e-01 7.436325643032523081e-01 4.858292284494115099e-01 -7.460439712852204863e-01 2.610726865213305187e-02 6.653847033352231488e-01
9.660485035594100767e-01 -2.382376253084869111e-01 9.996560737572379729e-02 2.571857739966766920e-01 9.236133910107302558e-01 -2.842424697320761751e-01 -2.461232261195023252e-02 3.003017446386764822e-01 9.535266623134417419e-01
8.422657337743537642e-01 -4.899452551636899744e-01 2.248156592680687904e-01 4.969294600656139482e-01 8.673246124525101353e-01 2.844518154276198807e-02 -2.089247362770793037e-01 8.775912246991732224e-02 9.739860322380722302e-01
9.994476207289670899e-02 -9.434008937837645714e-01 -3.162369335517058455e-01 7.961518709257354720e-01 -1.148049299751179031e-01 5.941060734202766591e-01 -5.967857596790016039e-01 -3.111504164570604858e-01 7.396162352077965130e-01
-6.464970388858733985e-01 5.366185117486770295e-01 -5.422934183266773234e-01 -4.866603464731347195e-01 -8.374872605002092740e-01 -2.485493827602544559e-01 -5.875400291745629389e-01 1.032262628815450306e-01 8.025839848695366374e-01
6.400287448890954467e-01 7.121051825055397799e-01 -2.885644031484843608e-01 -7.410013572175973007e-01 4.727520145097708348e-01 -4.768883741281935151e-01 -2.031752797890717110e-01 5.190488819231818818e-01 8.302457852087699042e-01
7.095927878011815126e-01 6.457185980323584262e-01 -2.820027795176371366e-01 -6.947020842950151209e-01 5.742496016169220674e-01 -4.331586419765491303e-01 -1.177586072298297815e-01 5.032741670282034896e-01 8.560654316262039654e-01
9.044159194588364814e-01 3.588772747897479576e-01 -2.307356631925615020e-01 -3.599799580774428742e-01 9.321521441108212569e-01 3.881765078107274336e-02 2.290115158938299533e-01 4.795291304063319798e-02 9.722418648252747486e-01
5.628508875174537129e-01 -3.167813198230096799e-02 -8.259511937002855797e-01 -5.021149467236230013e-01 -8.068581118718133327e-01 -3.112243042941627014e-01 -6.565664160597525223e-01 5.898953155101032131e-01 -4.700468679203040345e-01
9.638116670546419407e-01 1.020611624448465871e-01 2.462734041055968381e-01 1.635743536654990157e-02 8.994294724388556261e-01 -4.367597261843071954e-01 -2.660817632938815014e-01 4.249825210861836178e-01 8.652111603612441249e-01
9.627060880225282169e-01 -2.504250046816742375e-02 2.693879382130207611e-01 1.150231327341602328e-01 9.391234809762013525e-01 -3.237541759038207179e-01 -2.448809241659714864e-01 3.426659607393826579e-01 9.069803593960432675e-01
4.965711091708256419e-01 -8.327061939486246622e-01 -2.449847507426774762e-01 8.676887736851517374e-01 4.837228346406008961e-01 1.145792794008567567e-01 2.309384241770542565e-02 -2.694672778035538396e-01 9.627326007960511633e-01
9.165972715243656532e-01 -3.165252289399986818e-01 2.442564661960250350e-01 2.848634411098704411e-01 9.457015101535121149e-01 1.565294656363784287e-01 -2.805392338927514273e-01 -7.389474364153504615e-02 9.569938897971187464e-01
-8.113192917743303756e-01 1.550551659764071999e-01 5.636655943898190024e-01 -5.165728913698317548e-01 -6.415640372455566620e-01 -5.670520558246783249e-01 2.737032237599901774e-01 -7.512346381904997372e-01 6.006105757362070197e-01
8.395227967336281738e-01 5.377817924215377854e-01 -7.740941483066077211e-02 -5.433123908411934266e-01 8.299902085602133273e-01 -1.262057829602117598e-01 -3.622115814482043845e-03 1.480101261199782969e-01 9.889792125434055947e-01
8.198607750593670529e-01 -1.812231298729311268e-01 -5.431265844332359150e-01 1.294095851232600625e-01 9.826926976878409548e-01 -1.325451666007463336e-01 5.577467783835958759e-01 3.838279705874241693e-02 8.291232068231281227e-01
7.315569379324227128e-01 6.665607944922479211e-01 1.432520638901959020e-01 -4.588013158266747160e-01 6.367286511736974797e-01 -6.197402499194609726e-01 -5.043072467837929063e-01 3.876510441368464233e-01 7.716222319379888450e-01
8.429655513204977746e-01 2.026866248412799720e-01 -4.983244037746692445e-01 -1.847435592334598781e-02 9.366697240697301474e-01 3.497263590070862627e-01 5.376502371060083441e-01 -2.856010506310964203e-01 7.933248152038779866e-01
7.151746617506004045e-01 6.984618197183597443e-01 2.600556835818986293e-02 3.850286228284988121e-01 -3.626433568907612148e-01 -8.486711703043705590e-01 -5.833336633460343146e-01 6.169610053307403863e-01 -5.282811326448996203e-01
8.734287124673658642e-01 3.352384570762254046e-01 -3.531819094103652579e-01 4.810676030667407899e-01 -7.064531171433974244e-01 5.191319240405062319e-01 -7.547347558725815697e-02 -6.233291026219849318e-01 -7.783087975265671199e-01
9.583866283373323469e-01 5.790578963580574751e-02 -2.795388884410430208e-01 -2.368645925019597920e-01 7.078670201144635632e-01 -6.654468022713388997e-01 1.593431374207268381e-01 7.039681820657262001e-01 6.921261179842845834e-01
9.764412622511504658e-01 -2.127031998527025292e-01 3.632919137279826821e-02 -6.340770136327042450e-02 -4.437572880675886844e-01 -8.939009635830613698e-01 2.062569387468126680e-01 8.705382346912285962e-01 -4.467899474691358064e-01
9.824867432739636808e-01 5.511245502149369341e-02 1.779955521703413535e-01 9.903413117698826873e-02 6.547154123536240711e-01 -7.493597064752302028e-01 -1.578354844543517488e-01 7.538636124181402609e-01 6.377911991544975567e-01
9.824867432739617934e-01 5.511245502147227304e-02 1.779955521703581178e-01 9.903413117701873047e-02 6.547154123536059744e-01 -7.493597064752421932e-01 -1.578354844543443103e-01 7.538636124181574694e-01 6.377911991544790160e-01
9.733593255216438367e-01 -1.698363131749144328e-01 1.540365221212269264e-01 2.227939206614962253e-01 8.592993234840633487e-01 -4.603993283836431694e-01 -5.417095472972356662e-02 4.824523804345701716e-01 8.742455080105856480e-01
7.778875656359071078e-01 4.884088877284876729e-01 3.954082619481590899e-01 2.652717750069302216e-01 3.151947179150774159e-01 -9.111987572330789709e-01 -5.696681671058292373e-01 8.137008345738970805e-01 1.156249592433595957e-01
9.545574889146488662e-01 1.271304647178286285e-01 -2.695511923505243823e-01 -1.926912200333424918e-01 9.532471726733263706e-01 -2.327872881245271752e-01 2.273545558791872090e-01 2.741489973188641072e-01 9.344261518119231225e-01
5.070730285618646471e-01 4.614423056709194837e-01 7.279752346352206249e-01 8.449458682906282325e-01 -4.328487325130656593e-01 -3.141790165183365180e-01 1.701276678371139162e-01 7.744113721394711991e-01 -6.093796873357089083e-01
5.078565065666966749e-01 5.734899071764331113e-01 6.427994205851759180e-01 7.689722977545510041e-01 -6.381391859417110402e-01 -3.820974550735557751e-02 3.882825955717792432e-01 5.137000153128445934e-01 -7.650809893361785186e-01
8.187405111139913760e-01 -2.051148060231861303e-01 5.362759474476469501e-01 5.677833534749349154e-01 1.503820680287459854e-01 -8.093252109826774010e-01 8.535829764913396844e-02 9.671158927271686911e-01 2.395846636514399330e-01
9.942258632050039457e-01 -6.062235962641739778e-02 8.854299773324868228e-02 1.043656578565239912e-01 7.381661337096248054e-01 -6.664972381820943870e-01 -2.495480704072337505e-02 6.718896401623630776e-01 7.402307539193778707e-01
8.896438147945062713e-01 -3.635166011763532601e-01 2.763866195514372848e-01 3.795354353646413492e-01 2.520242435342735510e-01 -8.901891001206145848e-01 2.539423873646364238e-01 8.968497429002083576e-01 3.621792409282727498e-01
5.878676541556133728e-01 -2.742997739519401068e-01 7.610330184738971493e-01 -7.194406635630440361e-01 -6.074277993585357471e-01 3.368035038095855693e-01 3.698874866895925928e-01 -7.455139855001788884e-01 -5.544295668649856790e-01
7.501853396587102596e-01 2.523699975440714671e-01 6.111721038306240361e-01 -6.377375975695155352e-01 3.197539569736271986e-02 7.695897158332224430e-01 1.746788848355992352e-01 -9.671023515686447691e-01 1.849333090143286673e-01
9.341476009439306782e-01 -2.451783931131457650e-01 -2.593372614977542678e-01 2.891188042901820521e-01 9.459160754258484349e-01 1.471499074304024324e-01 2.092333067571085226e-01 -2.124390119573529301e-01 9.545109164080153308e-01
5.364617887157090426e-01 7.393808766897128626e-01 4.068472298461600078e-01 -5.729121850145200145e-01 -3.490856263463620879e-02 8.188730185545695095e-01 6.196615023622419338e-01 -6.723818196830844141e-01 4.048732036697832992e-01
4.937599458944292863e-01 -5.589142904949431223e-01 6.661951153459960695e-01 8.365392838750403959e-01 5.145143171281587602e-01 -1.883535080745228629e-01 -2.374934575186543328e-01 6.502998026684916333e-01 7.216003217052749941e-01
8.785276493100934170e-01 2.892027711292708414e-01 -3.801985357268393151e-01 5.555356810222820962e-02 7.286525553462228633e-01 6.826267315733623997e-01 4.744501770141870689e-01 -6.208278430922462565e-01 6.240751707708266371e-01
-2.874876211559770356e-01 3.087685183397707589e-01 9.066492539920496530e-01 8.470093677180593472e-01 5.238752784431384146e-01 9.016553462369812644e-02 -4.471308518542760901e-01 7.938618864250802654e-01 -4.121374850722543948e-01
6.215397196325840312e-01 -1.898566963753105241e-01 7.600281651100188052e-01 6.214449061325846291e-01 7.101954495524657185e-01 -3.308000182539817535e-01 -4.769639457662520621e-01 6.779209823249495726e-01 5.594001574567740720e-01
9.842753703379204522e-01 1.304230823779011783e-01 -1.191294041334752252e-01 -1.642143717463164787e-01 9.240984644512021395e-01 -3.450734242315587896e-01 6.508175979575418768e-02 3.592100326855835468e-01 9.309847028603156494e-01
9.534975361081531320e-01 -2.224173547239578497e-01 2.034034634741463676e-01 2.934039279696786795e-01 8.393850137488638730e-01 -4.575444609497347770e-01 -6.896799031177359984e-02 4.959468913214568064e-01 8.656096679802846028e-01
9.262013394005522704e-01 3.762657073577072020e-01 2.398325163998937803e-02 -3.561395411620985052e-01 8.939920469862686625e-01 -2.719243408489777636e-01 -1.237566406843397943e-01 2.433153044752946192e-01 9.620197277055300145e-01
-7.165506617331155459e-01 2.881611973739480262e-02 6.969395816088467255e-01 -4.333116956854086710e-01 -8.013684496218117514e-01 -4.123706855887913636e-01 5.466224689418374139e-01 -5.974765595351955172e-01 5.867074545750345926e-01
1.356768427261900167e-01 6.889195539944417135e-01 7.120264338294979289e-01 -9.660948975590785137e-01 -6.734525041399440359e-02 2.492494055298630773e-01 2.196643877786439991e-01 -7.217024770435362946e-01 6.564244749939306400e-01
-1.093797488240757371e-01 6.154623459920895989e-01 7.805396666493610303e-01 -8.964908629230984305e-01 -4.002632925146928922e-01 1.899827080570638815e-01 4.293485801101247779e-01 -6.789664184119938994e-01 5.955370680538776273e-01
5.595932244630373864e-01 7.964366243046950844e-01 2.292250566609219664e-01 -8.283390456899500931e-01 5.285935593855445314e-01 1.855889931046115493e-01 2.664298257559443578e-02 -2.937304077589908968e-01 9.555169276560273595e-01
5.595932244630088537e-01 7.964366243046889782e-01 2.292250566610128382e-01 -8.283390456899711873e-01 5.285935593855163317e-01 1.855889931045982544e-01 2.664298257554092650e-02 -2.937304077590581208e-01 9.555169276560079306e-01
5.845314387856145322e-01 7.817523272104888177e-01 2.172240685840410024e-01 -8.106782281669310253e-01 5.516509496598833717e-01 1.961683973413508308e-01 3.352323742338304130e-02 -2.907654185771302302e-01 9.562069148005163388e-01
9.230769516689832921e-01 -3.842901160132113914e-01 1.581290713468217271e-02 3.454388427642627324e-01 8.464303482096555697e-01 4.052501345334363347e-01 -1.691181457064397375e-01 -3.686146665072264073e-01 9.140690785868329504e-01
9.953463559601168908e-01 7.090963637959291077e-02 -6.524917735443364064e-02 -4.060548229389839697e-02 9.227134207580891534e-01 3.833420639071400404e-01 8.738893799901867321e-02 -3.789086520804451630e-01 9.212987609315362869e-01
9.994036137316882895e-01 -3.436793141535293694e-02 3.355912733045848806e-03 3.031389548592556410e-02 9.197308064303143516e-01 3.913774539284449738e-01 -1.653736981840227618e-02 -3.910423110013458436e-01 9.202241174878085239e-01
-5.626822956237444995e-01 3.188464300992705502e-01 -7.627093733556341570e-01 -3.084525340475642863e-01 7.750162686220934960e-01 5.515494697764868892e-01 7.669717520425567425e-01 5.456067607572678835e-01 -3.377389438378886055e-01
-7.518365731096146032e-01 1.414306118931083454e-02 6.591978012364624329e-01 3.089910889332381227e-01 8.907487475918004494e-01 3.333034287604783041e-01 -5.824656850790809193e-01 4.542759541114134714e-01 -6.740675657688346423e-01
6.129343160805846846e-01 -3.519320580424397660e-01 7.074286894753697430e-01 1.873735824889388168e-01 9.345295687443447852e-01 3.025650768475605101e-01 -7.675953782795247315e-01 -5.289907054497406530e-02 6.387480125835157674e-01
3.978623425719140377e-02 -3.041964410374673466e-01 9.517781153313887854e-01 -7.795988556149723719e-03 9.524088210850282232e-01 3.047239079590886024e-01 -9.991778010574815516e-01 -1.954386808094443068e-02 3.552124849115478183e-02
6.164521188950973229e-01 -1.555018536560544284e-01 7.718846796117124764e-01 1.901984212013065334e-01 9.806829605051490262e-01 4.566718238939820873e-02 -7.640754842829833304e-01 1.186596160637105601e-01 6.341202960269743949e-01
-9.137969697382229695e-02 3.557439099766979140e-02 -9.951804930192902354e-01 -8.764131404649487811e-01 4.716209034707565806e-01 9.733309113448258831e-02 4.728104886752604319e-01 8.810835295898864494e-01 -1.191871151128217309e-02
-2.848427361144138525e-01 -9.226475222460923664e-01 2.599733935924999351e-01 3.404326700155100305e-01 1.561596871992452784e-01 9.272107361759487354e-01 -8.960860521562454828e-01 3.526126795607050779e-01 2.696184069088279900e-01
3.370056846469025036e-01 6.160679132314818007e-01 -7.119603182778376782e-01 -9.414980200624319950e-01 2.181552711152335289e-01 -2.568847132531629773e-01 -2.940532977754056147e-03 7.568808386868084437e-01 6.535462870329542540e-01
9.855321928464519932e-01 -1.272664470044871932e-01 -1.119354650239058196e-01 7.873574966685761845e-02 9.286205141039592936e-01 -3.625805048671212893e-01 1.500899016844968181e-01 3.485214372921020543e-01 9.252058306994100922e-01
8.947807565018935927e-01 3.911751773272479360e-01 -2.152890578661523224e-01 -4.413959360876275606e-01 7.021926852003209651e-01 -5.586546880287410755e-01 -6.735744501706046605e-02 5.949011796039399558e-01 8.009716356442434515e-01
-2.181804273926723492e-01 1.991793534739542681e-01 -9.553663623199470933e-01 6.859990712342382002e-01 -6.649823689027447582e-01 -2.953027655039086041e-01 -6.941200006976555592e-01 -7.198097208277972614e-01 8.449285963623759735e-03
9.258680165578813126e-01 -3.377050908048040978e-01 1.694806406634522811e-01 2.647280591675017503e-01 8.998183066575684563e-01 3.467651506326924760e-01 -2.696061397753823363e-01 -2.761924811583854611e-01 9.225130041072551190e-01
-2.578281508148429491e-01 9.568503194306533510e-01 1.340227997500990365e-01 -7.353181120802432247e-01 -1.043406924046222789e-01 -6.696419147240342262e-01 -6.267630482839151584e-01 -2.712019286693598819e-01 7.304913382045499226e-01
8.529969420478333841e-01 -5.213177952443205365e-01 2.497945593175316531e-02 5.005916498330088560e-01 8.036668506714333970e-01 -3.217570407144597078e-01 1.476625103894411706e-01 2.869622788686014836e-01 9.464927012566064501e-01
2.667664053484228304e-01 -9.346627675104207666e-01 -2.350344570637300512e-01 7.169502940212970632e-01 3.554332795445399595e-01 -5.997078119342692526e-01 6.440636310802347886e-01 -8.526125847904270083e-03 7.649244043026534046e-01
-4.829190398950590213e-01 -2.485788569110745638e-01 8.396414430002954177e-01 -8.140189659082565088e-01 -2.259679790928843801e-01 -5.350809243155008055e-01 3.227418845586782492e-01 -9.418848254014191568e-01 -9.322366453884653459e-02
7.539359773093035066e-01 5.757771737360197761e-01 3.163244984556627948e-01 -5.806175565801100502e-01 8.092760388001136729e-01 -8.919386758594803621e-02 -3.073496300788534086e-01 -1.164170916513474346e-01 9.444486569749749316e-01
8.755416571311127605e-01 4.762965175029959530e-01 8.104587616050172583e-02 -4.710713754880091475e-01 8.788330604571064075e-01 -7.579057357898191793e-02 -1.073245816387850826e-01 2.817941202570094922e-02 9.938246097345072583e-01
8.554486077923216802e-01 5.010505585075677448e-01 1.309809804721030480e-01 -4.913837517372839359e-01 8.651532784220351546e-01 -1.002587321094580847e-01 -1.635533183850771954e-01 2.140426721144917874e-02 9.863022708026026875e-01
9.055572745934101775e-01 2.333762322374912934e-01 -3.542619887280987756e-01 -1.050650928151515423e-01 9.324449128938593345e-01 3.456990174850183006e-01 4.110077234100336097e-01 -2.758296913767551151e-01 8.689019695295352452e-01
2.836304022660842694e-01 8.462585100143068528e-01 -4.509992562507673663e-01 5.074294516537536381e-01 -5.315219056578296408e-01 -6.782328622237648874e-01 -8.136763155608934817e-01 -3.648284575297329468e-02 -5.801722636088478824e-01
9.243817018609620240e-01 -3.168739585463057340e-01 2.123896505478217178e-01 2.672410547693823690e-01 9.352336357609928319e-01 2.322073753932512585e-01 -2.722144153243535869e-01 -1.578890146161805175e-01 9.491945907732259879e-01
3.225647951950625369e-01 8.228446692744063595e-01 4.678446356937955297e-01 -3.216337000209582020e-01 5.601372594480891198e-01 -7.634120863523267131e-01 -8.902267777996770715e-01 9.577526207052088070e-02 4.453351358962454598e-01
9.780391653111533135e-01 -7.364363873516963088e-02 1.949769360496419468e-01 1.379206957988209636e-01 9.300562054497699682e-01 -3.405485815192075272e-01 -1.562602725833774631e-01 3.599612051016317649e-01 9.197883767660632870e-01
9.693541267634109282e-01 -3.402554964344940008e-02 2.432998949819055456e-01 1.186801793317878023e-01 9.319896398291285244e-01 -3.425059507292474992e-01 -2.150990282649360985e-01 3.608844319482793495e-01 9.074661618026581555e-01
-1.618474109838251851e-01 1.539492355327501949e-01 9.747333217022565721e-01 1.115934309700654554e-02 9.879784686383344949e-01 -1.541882439380343472e-01 -9.867526967885502653e-01 -1.407758452055294859e-02 -1.616197295957105817e-01
8.927454974251668451e-01 3.622371383560924474e-01 2.679360603253704842e-01 -3.458479132368516562e-01 9.320791731746047581e-01 -1.077851373977893601e-01 -2.887814013000257751e-01 3.559568756796855585e-03 9.573884434927439901e-01
9.169043839358743675e-01 3.952745965015988516e-01 -5.517557502802368508e-02 -3.855039147616574069e-01 9.129346240991910166e-01 1.339294733219912881e-01 1.033106113746872640e-01 -1.015301210546278310e-01 9.894536634405983744e-01
9.011218956202386998e-01 3.942816804258837404e-01 1.803365900596129445e-01 -3.403797621709823695e-01 9.009795379436155160e-01 -2.690306482751264050e-01 -2.685534336742190220e-01 1.810464821184066264e-01 9.460978937585351467e-01
7.523622246140374559e-01 6.587459691703060338e-01 2.197970812200421113e-03 5.640574133063454010e-01 -6.424865142430120635e-01 -5.187006010310946102e-01 -3.402797635299099621e-01 3.914905198312451651e-01 -8.549531305365751788e-01
7.770856114529075542e-01 6.119159086821257532e-01 1.472985851072210750e-01 5.183991498106369500e-01 -4.895491081215956886e-01 -7.011447726489582477e-01 -3.569317497063966838e-01 6.212089756588186074e-01 -6.976382548373130099e-01
8.562742968185341752e-01 4.894759527109758812e-01 1.649473259122660462e-01 3.015692743989594193e-01 -2.144932242399230360e-01 -9.290041062845991737e-01 -4.193450862313875538e-01 8.452253832397867983e-01 -3.312759426531687312e-01
8.746462907603281822e-01 3.537059103077027644e-01 3.314905655861100642e-01 -4.383010626669937154e-02 7.387228743957086063e-01 -6.725826615585569490e-01 -4.827761260085772221e-01 5.737426634458534513e-01 6.616241896259604793e-01
8.563456439433979606e-01 -4.922384383756238102e-01 -1.561200111603084639e-01 3.043305339837984458e-01 2.368083273202769290e-01 9.226617702045040170e-01 -4.171990702102582049e-01 -8.376294741097042307e-01 3.525929663484461130e-01
4.980317469278543463e-01 -5.095546260079755196e-01 -7.016540901084105109e-01 3.095330907939349285e-01 -6.513759060794522826e-01 6.927472083543361192e-01 -8.100331133697824537e-01 -5.621952615355667593e-01 -1.666818620948675445e-01
8.405627531790447193e-01 1.050225072531157516e-01 -5.314362905733233111e-01 -4.505366432049379144e-01 6.802422671128451892e-01 -5.781757441840701395e-01 3.007839608384910157e-01 7.254245177848940296e-01 6.191028007519133736e-01
9.924523347671003748e-01 4.900602256903956871e-02 -1.124134020804216511e-01 7.255076805259312589e-02 5.044048728042983543e-01 8.604139180337906367e-01 9.886733166375329118e-02 -8.620754804790835557e-01 4.970423691059415727e-01
9.781603170111381473e-01 9.619932585977964594e-04 -2.078496302465799583e-01 1.397780293302396115e-01 7.370549624547688694e-01 6.612201485415837299e-01 1.538326907429766743e-01 -6.758321218244732753e-01 7.208234502074735151e-01
7.436540530185173914e-01 3.971863008019767549e-01 5.377933542582821191e-01 5.914156147196827223e-02 -8.403279610552187862e-01 5.388424571017359499e-01 6.659436351041956303e-01 -3.689064384420800979e-01 -6.484035121282039071e-01
7.497741954449506085e-01 4.270351268525310884e-01 5.054499542772954435e-01 -7.347615653864257579e-02 -7.054176746657053743e-01 7.049731616803137646e-01 6.576016349319594445e-01 -5.657092050720685661e-01 -4.975270696470113774e-01
7.867215393563371517e-01 5.553380882716508760e-01 2.695715623495613666e-01 -1.320319296790355701e-01 -2.752087513121990181e-01 9.522750194909086474e-01 6.030230418964315220e-01 -7.847673227880785918e-01 -1.431902930578958788e-01
9.542057871844966677e-01 -2.950393948552724743e-01 4.942743354706723158e-02 2.715907769566643370e-01 9.236605396530107592e-01 2.703509891973475687e-01 -1.254183621950571148e-01 -2.445464433831405215e-01 9.614922108124255296e-01
7.026030635324080897e-01 -3.577346081064196603e-01 6.151218458791893884e-01 5.920467834295143339e-01 7.734372832100585571e-01 -2.264406658959679519e-01 -3.947525064463058286e-01 5.232788158368251175e-01 7.552150286843936078e-01
1.677457811104866303e-01 6.414236641158486962e-02 9.837413835712894850e-01 8.340199132648932201e-01 5.228075382000133553e-01 -1.763038918426420021e-01 -5.256159598007399403e-01 8.500341374511753978e-01 3.420274799461688747e-02
-7.022120995934302279e-01 6.994216565680868580e-01 -1.330695814532378840e-01 2.987380582686856023e-01 4.591072825348366804e-01 8.366457288872831688e-01 6.462613555880023508e-01 5.477498055198479765e-01 -5.313345564016392908e-01
7.852716653880557063e-01 -4.707134764162742013e-01 4.022154082811536524e-01 3.902291514295662678e-01 8.806277579383178233e-01 2.687302761563947762e-01 -4.806970157107594011e-01 -5.407009403207317655e-02 8.752181465315562736e-01
-8.041120897566057524e-01 -2.190826391703130649e-01 5.526359962230426026e-01 1.175363797394838039e-01 8.526749153335180242e-01 5.090488072854252311e-01 -5.827426074563282210e-01 4.742871345241704284e-01 -6.598960277800217655e-01
9.819489798883505038e-01 1.679328292341362716e-01 8.703313025306068373e-02 -1.275996951473216401e-01 9.278007024179949491e-01 -3.505769165118915454e-01 -1.396227728364480558e-01 3.331432446532476832e-01 9.324811310945481102e-01
9.802024120421665154e-01 1.384747746656855294e-01 1.415202042395584947e-01 -8.003229491669051898e-02 9.308592472782276639e-01 -3.565051100993915645e-01 -1.811023555812751318e-01 3.381209821024110940e-01 9.235129334584406546e-01
2.469513761397866269e-01 -4.548785607242418205e-01 8.556287236974391419e-01 9.384489730174937483e-01 3.323313901278224236e-01 -9.417734429320466505e-02 -2.415130283547400336e-01 8.262211218125279366e-01 5.089500122858542364e-01
3.088015879435756506e-01 8.962802640416378530e-01 3.183131595975549066e-01 -6.580130170279067103e-01 -4.033593349881695045e-02 7.519254496894033357e-01 6.867753990245707429e-01 -4.416499753857472954e-01 5.773082803289855125e-01
9.028772666207753872e-01 4.271536047202128539e-01 -4.850195247539557108e-02 -4.298556154929022433e-01 8.986151421432072572e-01 -8.783493689962804107e-02 6.065579000852130628e-03 1.001530043756630878e-01 9.949535589493173626e-01
2.682566755058602426e-01 -6.869799458608867315e-01 6.753494725188707859e-01 1.260460713464362226e-01 -6.699879968622113324e-01 -7.315931054614241980e-01 9.550658322569565151e-01 2.813798820909815257e-01 -9.313762939753505998e-02
4.416413235836875728e-01 -1.457167554126411087e-02 8.970733568528100887e-01 -8.429361374583467237e-01 -3.491678309467309838e-01 4.093171068972792370e-01 3.072647221372023507e-01 -9.369468992978606803e-01 -1.664899349092087144e-01
7.843648958681619376e-01 -6.194568450139876781e-01 3.232533518843370285e-02 -1.129981196480577266e-01 -1.939317137402365443e-01 -9.744854618524477763e-01 6.099205973614362231e-01 7.606994857176465619e-01 -2.221106871430935659e-01
6.135860207954815237e-01 -5.251262152420081986e-01 5.897072605538882240e-01 -7.053450392746916098e-01 -2.877812661958511348e-02 7.082797434621795896e-01 -3.549655908041663421e-01 -8.505376402569561067e-01 -3.880530271125041120e-01
6.801832293901642901e-01 -4.129012710583344625e-01 -6.056924259182864256e-01 -6.988812468864064043e-01 -1.159750935264614174e-01 -7.057724707241209705e-01 2.211691144958281841e-01 9.033616762072322892e-01 -3.674532688018857796e-01
2.745511697152768216e-01 -9.464422090108411956e-01 -1.699082111336956968e-01 -7.335419928382007626e-01 -3.203950083092271250e-01 5.993856716618203295e-01 -6.217216418550463031e-01 -3.992722947074468093e-02 -7.822199284062354430e-01
9.356020024448306049e-01 -6.689281804456129188e-02 3.466615697121340767e-01 -2.039736189596465799e-01 6.990257918770254042e-01 6.853887255121743349e-01 -2.881729615868368066e-01 -7.119608789707163599e-01 6.403655604617699559e-01
9.927491992577474056e-01 5.461728142686345100e-02 1.070793161289334688e-01 -1.044282537031443608e-01 8.330398184968922370e-01 5.432673380824367682e-01 -5.952954897874655066e-02 -5.505103208552986072e-01 8.327032000840295378e-01
9.420174849311254706e-01 -8.823982321510817628e-02 -3.237542149270082881e-01 1.629781071948867566e-01 9.636808719546604562e-01 2.115592437211800680e-01 2.933277938743770741e-01 -2.520573558293274230e-01 9.221853906417728508e-01
-2.866405146745331645e-01 -1.221293193888911555e-01 9.502218923455327815e-01 -8.339528898624301023e-01 -4.563806684503475264e-01 -3.102245363521646260e-01 4.715504138872328443e-01 -8.813632138967569807e-01 2.896709085081772619e-02
5.041935468102334283e-01 3.837343658455621975e-01 7.736516036459960555e-01 -7.327120699719515962e-01 6.642402205348935107e-01 1.480471274330374953e-01 -4.570797412622166211e-01 -6.415082742201073662e-01 6.160724342435756062e-01
5.731571366783615451e-01 4.122325199995893752e-01 7.082056524269281228e-01 -6.763955695345271746e-01 7.258716648390231008e-01 1.248973966817892300e-01 -4.625796474000181124e-01 -5.506129998815990634e-01 6.948707751608651506e-01
-3.120694052950137021e-01 -8.251697533617955438e-01 -4.708583273296227389e-01 -4.803707584727991420e-01 5.646366178919680623e-01 -6.711403907825748139e-01 8.196686041828639135e-01 1.674418921158327134e-02 -5.725932338445526293e-01
8.327941288521902852e-01 -1.311004139135427682e-01 5.378351238260840050e-01 1.778746932169522899e-01 9.834048542102807877e-01 -3.571395005640935760e-02 -5.242275579004755937e-01 1.254096255769642787e-01 8.422932347765529348e-01
9.987056201946002965e-01 -4.243293130123156759e-02 2.804515168266670175e-02 5.042266046088843962e-02 8.983818067497153503e-01 -4.363114536809264976e-01 -6.681280099260734559e-03 4.371608121072865227e-01 8.993585407688822198e-01
9.972141222046299047e-01 -5.451963744020054542e-02 5.090779516968468865e-02 7.088475766362360708e-02 9.051263831981536390e-01 -4.191915809860674580e-01 -2.322381550518438573e-02 4.216323511923847356e-01 9.064694229930554403e-01
8.941277732565344749e-02 -9.953087132376108315e-01 -3.695836311587046702e-02 6.641205194110184618e-01 3.192481578302219097e-02 7.469436001696909688e-01 -7.422595846118473784e-01 -9.133110910588736198e-02 6.638594260544443681e-01
2.671669056995731872e-01 -9.603033945494130474e-01 8.024484354642023864e-02 6.598274921011191285e-01 2.429875300799088089e-01 7.110448234065226414e-01 -7.023172539290651883e-01 -1.370198914119389599e-01 6.985528070167621451e-01
1.392083151798041880e-02 8.958170849041398043e-01 -4.442048635975271442e-01 -9.026912403288602782e-01 2.023325988166104761e-01 3.797499757599209769e-01 4.300636407363354063e-01 3.956934038494528405e-01 8.114628734986231162e-01
-1.974892403643547512e-01 -6.779267582462237263e-01 7.081054373425444970e-01 6.525466744229801996e-01 4.481351049062742287e-01 6.110300855523824737e-01 -7.315605495376438228e-01 5.827437157142139057e-01 3.538769901473845514e-01
7.665114582423304679e-01 4.800442812635662970e-01 -4.266352920344990696e-01 -2.171751104697879631e-01 8.189118172428860865e-01 5.312423241538548613e-01 6.043965219751447071e-01 -3.145487618893135773e-01 7.319589610205264885e-01
9.004147748719734112e-01 -2.291263802694207263e-02 4.344286411033460027e-01 -9.671047253251784104e-02 9.630810290652990213e-01 2.512409519904389987e-01 -4.241465757197512287e-01 -2.682348643878555428e-01 8.649564959187475699e-01
9.554907048175633744e-01 -1.761904897569768064e-02 2.944946215475383600e-01 -7.724812866044823700e-02 9.484474958491806440e-01 3.073761120124290369e-01 -2.847283611193214270e-01 -3.164441763259524532e-01 9.048717277292372962e-01
1.937765176711089277e-01 3.917906457507245865e-01 8.994168950500591730e-01 -3.675409960181982849e-01 8.790158223271266058e-01 -3.037182910931063851e-01 -9.095956670110127984e-01 -2.717191086412518164e-01 3.143317491981911238e-01
-7.675238530798318415e-01 -4.291472340819807996e-01 -4.761720134922615699e-01 4.144568193118695065e-01 2.344561575922331498e-01 -8.793496773712805581e-01 4.890119424711193985e-01 -8.722745907378436359e-01 -2.087695799378499247e-03
-6.829291501697853928e-01 3.912184753189137387e-01 6.168921140827783312e-01 -6.509442207518348900e-01 5.729316685667935893e-02 -7.569604444760108519e-01 -3.314806137893462346e-01 -9.185127095477111370e-01 2.155342318082238418e-01
-8.785031943502069618e-01 -4.714840068959246233e-01 -7.703874841822409836e-02 2.365457856070862785e-01 -2.891849197312028608e-01 -9.275872861955281046e-01 4.150641261636677237e-01 -8.331115852281864020e-01 3.655774305541434344e-01
-1.412233487581848919e-02 -7.644876657199455305e-01 -6.444836449590666261e-01 6.982760113407621150e-01 4.538017211811107288e-01 -5.536014900983358134e-01 7.156892982598604958e-01 -4.578456146072939492e-01 5.274146580643910287e-01
4.338015584461028529e-01 -6.919110044030576390e-01 -5.771268230429811297e-01 5.616326744386109793e-01 7.085194298802498514e-01 -4.272808871048402457e-01 7.045459153899520377e-01 -1.387781663955753031e-01 6.959566607477915001e-01
8.468212196639475220e-01 -4.898587823517882023e-01 -2.072008573333819492e-01 4.202001081800612048e-01 8.549916633819875100e-01 -3.040084285554722765e-01 3.260762043025058898e-01 1.703749655909764238e-01 9.298637965248159887e-01
-4.213481497461767922e-01 -7.153898949740705726e-01 -5.573894822065281751e-01 -1.640222219815642285e-02 6.205211152965006693e-01 -7.840181838313122764e-01 9.067506293421778718e-01 -3.212021849866145140e-01 -2.731894078242950719e-01
9.444764347110677916e-01 1.444664476453784707e-01 2.951164342767025883e-01 -2.772471279288106771e-01 8.324231256701768444e-01 4.797976343258886778e-01 -1.763470848375325029e-01 -5.349777428587273453e-01 8.262569335957707928e-01
9.281458926094371398e-01 -2.887150504164934239e-01 -2.349230122726019554e-01 3.421146350288116200e-01 9.103530931507408663e-01 2.328407659538627161e-01 1.466382573932682731e-01 -2.964808011556231970e-01 9.437141283327199481e-01
-4.965761585276512458e-02 -9.885270243606334439e-01 -1.426479698296850007e-01 8.836235402815784123e-01 2.309252124382840665e-02 -4.676282439319221496e-01 4.655572577546924773e-01 -1.492684078139606685e-01 8.723390293805592943e-01
-4.798362762042066021e-01 8.715534658545130986e-01 1.007556658231515134e-01 -8.753635119653176977e-01 -4.833172238059269543e-01 1.196591376686015860e-02 5.912588230398643091e-02 -8.245615398208697155e-02 9.948392396323423315e-01
-9.580988251913290510e-01 -2.284458063009349726e-01 -1.727980172065375630e-01 2.298200864463767479e-01 -9.731555824724542614e-01 1.228577097615117866e-02 -1.709659879413887029e-01 -2.794147251334868839e-02 9.848806552476347953e-01
9.381752164557992657e-01 -3.359401486234115941e-01 -8.349538772288186972e-02 2.890790984737762193e-01 8.930240407043479323e-01 -3.448787287579044292e-01 1.904219999204478098e-01 2.994199045937987469e-01 9.349262979932362327e-01
1.896287247355667449e-01 9.815784472553152895e-01 2.333877972403998469e-02 -7.261561302486827518e-01 1.562040686829062608e-01 -6.695502695310966423e-01 -6.608617262767007006e-01 1.100183657884015453e-01 7.423999851372768966e-01
2.114795390044041379e-01 -3.966123689462588420e-01 -8.932944830129208036e-01 8.337067491199693370e-01 5.502109392312302116e-01 -4.691459071653825141e-02 5.101073034708458742e-01 -7.348241634221919227e-01 4.470167645587561078e-01
-3.298845024590669750e-01 8.442623801161333041e-01 -4.223709845124017925e-01 5.711957490842944907e-01 -1.777127556718698376e-01 -8.013448650235067694e-01 -7.516060346121269387e-01 -5.056077629864398348e-01 -4.236143986486795576e-01
8.159276236863558518e-01 4.552673137986785190e-01 3.563618749137903996e-01 -4.602199886144408558e-01 8.845209010323541454e-01 -7.629113786434411904e-02 -3.499423880944695919e-01 -1.017568111894629479e-01 9.312281548531979869e-01
9.842232517879982989e-01 -1.671119778622210117e-01 5.812209128064042135e-02 1.162426561430629640e-01 8.583990554058520406e-01 4.996385759437986240e-01 -1.333875388957462549e-01 -4.849996376630789086e-01 8.642818498233191260e-01
2.214710542222383671e-01 9.580187590449448232e-01 -1.820731431586618543e-01 -9.449921788696905578e-01 1.647569961767265667e-01 -2.825684237241252728e-01 -2.407080264901963751e-01 2.346384229592551884e-01 9.418091401416684993e-01
-8.469128008891192438e-01 -3.833940814843430078e-01 -3.684395282443566622e-01 1.624168505391703488e-01 -8.463117947634353211e-01 5.073234793553612620e-01 -5.063195377931647423e-01 3.698179610660761729e-01 7.790219517586435272e-01
6.484334122032767711e-01 -7.248908836726443150e-01 -2.325237981513035845e-01 7.599874325697180133e-01 5.986717548454150162e-01 2.530044115947384653e-01 -4.419516121142538084e-02 -3.407716782812270639e-01 9.391067303597030458e-01
-3.448775689557914137e-01 -8.982357192632467457e-02 -9.343399747188064763e-01 -4.527020088412647136e-01 -8.560733771755821842e-01 2.493978028818151782e-01 -8.222653790730988232e-01 5.089892914566961357e-01 2.545771937157440545e-01
5.654754872968396073e-01 8.033389022463314211e-01 -1.867728069180871475e-01 -8.094332913101546234e-01 4.970852907077045746e-01 -3.126083183167833179e-01 -1.582884082465050857e-01 3.279524689641719060e-01 9.313387986737649005e-01
9.308258202009641602e-01 2.069213103192567016e-01 3.012422011985775305e-01 -1.537468658764379048e-01 9.694998119709996587e-01 -1.908717260920774483e-01 -3.315496850856218813e-01 1.313532866888312278e-01 9.342489606072178487e-01
9.367569912538047383e-01 1.202873865639032119e-01 3.286598301751302853e-01 -6.047164332029424105e-02 9.805864123744475469e-01 -1.865300732341919898e-01 -3.447165787879406529e-01 1.548587501571545844e-01 9.258451532564727637e-01
-5.274210863872597077e-01 -2.883515578445952077e-01 7.991748098649494869e-01 3.822090130794704166e-01 -9.206128727041745785e-01 -7.992627185215495089e-02 7.587774825038630100e-01 2.632970142253086565e-01 5.957612058074426287e-01
9.667083408885678297e-01 -1.503227123259424751e-02 -2.554388664202502657e-01 9.677627502824649730e-02 9.456006265697374236e-01 3.106023303559993232e-01 2.368740936618648485e-01 -3.249822854441605791e-01 9.155747800695257510e-01
8.308642502855425604e-01 -5.528793225532629974e-01 -6.315894465939726754e-02 5.552007573213726399e-01 8.159280025612161147e-01 1.612873637525226445e-01 -3.763929684807994919e-02 -1.690737984712873121e-01 9.848844267239039718e-01
8.308642502854709511e-01 -5.528793225533544797e-01 -6.315894465953474091e-02 5.552007573214836622e-01 8.159280025611291842e-01 1.612873637525796544e-01 -3.763929684801963632e-02 -1.690737984714066056e-01 9.848844267238855421e-01
8.335314791194243789e-01 1.071276814045969694e-02 -5.523680927748756408e-01 -1.549013896578976257e-01 9.642406537980293679e-01 -2.150477180655519238e-01 5.303120145716454514e-01 2.648116276939472269e-01 8.053843610593922620e-01
2.267364494673937692e-01 -8.633754011285017516e-01 -4.507477112633175298e-01 -2.987005923052452050e-01 -5.021407352194667828e-01 8.115618511177993266e-01 -9.270213258816735191e-01 -4.937204431104867675e-02 -3.717443511354705521e-01
3.421170180552857709e-01 -3.408061501611128197e-01 -8.756752331597149608e-01 -7.026870155514706173e-01 -7.114951244592170321e-01 2.376141016576117666e-03 -6.238484624749249807e-01 6.145126979022683678e-01 -4.828946468791597835e-01
7.373600782703467749e-01 -5.863644408505617189e-01 -3.353756960174015811e-01 4.099666388314805454e-01 -6.133381893659404539e-03 9.120798959914450110e-01 -5.368682054455886643e-01 -8.100241503390838149e-01 2.358673479926347016e-01
8.846206412425985377e-01 -4.660954456786967626e-01 -1.419001779811286841e-02 4.589439692840872054e-01 8.648530792026627445e-01 2.034688783363191311e-01 -8.256363694327271963e-02 -1.865051927192647452e-01 9.789785794099119531e-01
9.475428610349525549e-01 1.366062927415685226e-02 3.193366776766033421e-01 1.954891440613524545e-01 7.656654973801545472e-01 -6.128134631972118607e-01 -2.528764936799319241e-01 6.430938759850188813e-01 7.228303712591971353e-01
3.190513050054952227e-01 9.400824729321848316e-01 1.202131808912764166e-01 5.907691365868311673e-01 -9.808950132394557431e-02 -8.008559651937857682e-01 -7.410790052556751606e-01 3.265323778980084302e-01 -5.866672942593027518e-01
1.975776708542313354e-01 9.118434314240184690e-01 -3.598675041576947509e-01 9.796761231505660694e-01 -1.966286576209469728e-01 3.964674931014896403e-02 -3.460863632815400215e-02 -3.603869137067213235e-01 -9.321606700137320400e-01
7.295888906241025929e-01 -1.716397707636413694e-01 -6.619968578249417757e-01 5.921538656639493414e-01 6.428120036211832922e-01 4.859490995770663346e-01 3.421313345151727470e-01 -7.465470628786404772e-01 5.706256503611999431e-01
-4.040910024473601814e-01 8.800461206412710791e-01 2.494579870145211820e-01 6.303352471644548816e-01 4.655321165504856529e-01 -6.212546375216453365e-01 -6.628634383666165419e-01 -9.380124734924766283e-02 -7.428414286188620430e-01
5.921956511510487742e-01 5.638496021839793926e-01 5.756543553858977091e-01 1.135078495060172082e-01 6.488982445862402360e-01 -7.523609747145417748e-01 -7.977595369898781152e-01 5.108861852603416853e-01 3.202733626947943391e-01
8.793769690710382392e-01 3.868460524746756835e-01 -2.775721130664874914e-01 -3.552974023821219851e-01 9.212504937427298257e-01 1.583075602720650787e-01 3.169541009798597098e-01 -4.059137178683968478e-02 9.475718645087093384e-01
9.191394722607736378e-01 2.719690798091695116e-01 2.849832454021472006e-01 1.199182234835674404e-01 4.959265543045364155e-01 -8.600444595555367666e-01 -3.752362591871046260e-01 8.246754951878851880e-01 4.232116225103990659e-01
9.234426341823032125e-01 3.103316657691534419e-01 2.257165447976541561e-01 -2.756170930853347745e-01 9.456525343718806820e-01 -1.725586921462637924e-01 -2.669998490142623804e-01 9.713671528820387591e-02 9.587885789731642738e-01
9.329707790502942411e-01 -1.901675486960245909e-01 3.056171278924532109e-01 -3.243232751269207181e-01 -7.581022492308599203e-02 9.429036127876797568e-01 -1.561407654945841383e-01 -9.788202660448221959e-01 -1.324044868224224791e-01
6.715408349693205992e-01 -6.530068427022096555e-01 -3.501642048422421438e-01 -7.303418913843608973e-01 -5.035899821645766217e-01 -4.615169027810313018e-01 1.250345098675661182e-01 5.656670339056123487e-01 -8.150994896910466192e-01
8.247750135448921327e-01 -3.865796903518944339e-01 -4.126770166116074390e-01 -5.129851481010287984e-01 -2.045010805420856281e-01 -8.336819212894598374e-01 2.378916031720938185e-01 8.992971984080418979e-01 -3.669770211820602146e-01
9.112462501582231367e-01 -3.924496589191642237e-01 -1.249541387342116283e-01 4.116945735965226172e-01 8.765922664536867082e-01 2.491858271747539322e-01 1.174093879356899982e-02 -2.785125914708715400e-01 9.603608107104461000e-01
9.373891339985944704e-01 -3.448692672517669755e-01 4.864976841254751300e-02 3.373698384727476518e-01 8.644183285025144325e-01 -3.727768037818223745e-01 8.650551167548399534e-02 3.658498897828842411e-01 9.266448373544279304e-01
9.344824382096822424e-01 -2.999231641882035282e-01 1.918037232720553320e-01 3.555252204020585283e-01 7.581087100386701971e-01 -5.466927852291187939e-01 1.855775675438727304e-02 5.790658678827821371e-01 8.150695248366274237e-01
5.670416688538185701e-01 7.523236086555447344e-02 8.202462055151925613e-01 8.085096147482466744e-01 1.394605452406411095e-01 -5.717193010392644936e-01 -1.574037758223043315e-01 9.873656101970426091e-01 1.825385321250619364e-02
-5.800009143722581473e-02 8.814346629736613536e-01 4.687311855443180297e-01 3.660395456838752559e-01 -4.180460474137976390e-01 8.314159928923927634e-01 9.287900949024036068e-01 2.197963538146374129e-01 -2.983932346099272270e-01
6.311598498549516600e-01 6.926976371366236895e-01 -3.490089217146367107e-01 -4.355405468489714771e-02 4.808954174891318933e-01 8.756955188639821142e-01 7.744290078836019164e-01 -5.375030985429685160e-01 3.336916702663222933e-01
-4.595953565878526104e-01 5.583564964961097443e-01 6.906592003466504037e-01 8.711066933793909506e-01 1.318825226890484592e-01 4.730540444376276632e-01 1.730469212453916439e-01 8.190512945046620752e-01 -5.470006764326064141e-01
9.008181582767316176e-01 -2.352696851578734427e-01 3.649312551216081779e-01 4.051982678348735600e-01 7.575104942194745838e-01 -5.118517508917846959e-01 -1.560160551434860432e-01 6.089548640031399174e-01 7.777100771781104704e-01
2.693207403709421688e-01 -3.522223828762260367e-01 8.963290309964534464e-01 9.585246766911855731e-01 1.881631183807509766e-01 -2.140679449504049314e-01 -9.325654389964091462e-02 9.168064320685282986e-01 3.882900760226427050e-01
5.610597336596274687e-01 7.886158148395792100e-01 2.515890932665695301e-01 -7.572333013883882913e-01 3.661927098263428881e-01 5.408332705543201779e-01 3.343795785245120555e-01 -4.939514104190277366e-01 8.026221412413335754e-01
9.344764489592513046e-01 -2.299169502125872067e-01 2.718307604842592484e-01 3.518324193877146455e-01 4.795394946771030509e-01 -8.039003804655250329e-01 5.447673823105781549e-02 8.468648469795942990e-01 5.290106009731122549e-01
6.786913910393073124e-01 2.480943370243589019e-01 6.912504579857970954e-01 -7.239261962794841798e-01 3.845578299516063669e-01 5.727531211291906343e-01 -1.237289702108931438e-01 -8.891369272273844659e-01 4.405980782654376204e-01
7.960148436063589905e-01 -4.532436023244031942e-01 -4.011615705801621079e-01 -3.393369031632337274e-01 2.146439613196204077e-01 -9.158484787455879461e-01 5.012093723285013791e-01 8.651579086045619871e-01 1.705749890957573844e-02
1.764205699092458168e-01 -9.524022590547787104e-01 2.486075611485934200e-01 -9.761433327305701901e-01 -1.368066001787679176e-01 1.686064889415061219e-01 -1.265700457397108125e-01 -2.724222661510643517e-01 -9.538166136247399063e-01
6.783552455565333705e-01 -4.004295177569150432e-01 6.160278907118571512e-01 -5.892876325960952899e-01 2.042535017850842793e-01 7.816780622979131454e-01 -4.388328234022892405e-01 -8.932730312270122930e-01 -9.741172818136584199e-02
9.453851882803865347e-01 -2.813965039739759755e-01 1.645079126707352790e-01 1.618908585928801602e-01 8.433990242860580633e-01 5.123177097635658317e-01 -2.829102254852557397e-01 -4.577052472766172109e-01 8.428924670035512490e-01
7.979034927784627307e-01 -5.417756239394108109e-01 2.642521324738781319e-01 3.313356852305652800e-01 2.797881736148170526e-02 -9.430980062919466222e-01 5.035540486429650464e-01 8.400573546396193914e-01 2.018339936957185277e-01
8.863957681960324964e-01 -4.223023713260717349e-01 -1.896397882738277696e-01 2.660009659601587639e-01 7.999021687970115924e-01 -5.379591122586361296e-01 3.788746867137312568e-01 4.264003137032312818e-01 8.213627360925002119e-01
8.956216922660490409e-01 2.186189197184714439e-01 -3.873855344274318435e-01 -1.798102458878220178e-01 9.744990298711739829e-01 1.342382816260019318e-01 4.068538555995990791e-01 -5.057082875798445815e-02 9.120923919551522374e-01
2.207789698641092480e-01 9.744278278128867266e-01 4.179778522364774318e-02 -7.677397114488672125e-01 1.471988292811085008e-01 6.236250797736418994e-01 6.015250468020040264e-01 -1.697731222606526091e-01 7.806053452466982234e-01
9.961891446228660074e-01 4.437266196831817638e-02 -7.508831470613949732e-02 -1.086743953342162068e-02 9.173541448295113865e-01 3.979237008800849407e-01 8.653951059227409093e-02 -3.955912534851614981e-01 9.143404580748293320e-01
8.155376226213625346e-01 -5.253721502547477051e-01 2.426571446007698696e-01 4.239048677808202603e-01 8.277835262807414773e-01 3.675310826174388312e-01 -3.939581819950200847e-01 -1.968718805592209187e-01 8.977964209575880483e-01
6.702469158087560608e-01 2.855268529725580318e-01 -6.850134948162974746e-01 -8.437673556240590789e-02 9.463598467046959728e-01 3.119032013957159233e-01 7.373260054715840006e-01 -1.512529562575616326e-01 6.583865922683012073e-01
6.930666549577800817e-01 2.804637612617650877e-01 -6.640773226097524962e-01 -8.175573777051979574e-02 9.458493882315126555e-01 3.141415829266660520e-01 7.162224592451924554e-01 -1.634289246154947695e-01 6.784661933153276481e-01
-9.252930802648755559e-01 9.654822903011217594e-02 3.667576244402937502e-01 -1.687710302647247446e-02 9.556125835032779348e-01 -2.941424036816608911e-01 -3.788771291690385956e-01 -2.783577369525416789e-01 -8.825922565212586113e-01
7.242854672481764400e-01 -1.743913567868262959e-01 6.670818664985134205e-01 2.534048633091773306e-01 9.671029978341045830e-01 -2.231068872861384847e-02 -6.412460816132506958e-01 1.852010968065193885e-01 7.446502645922543628e-01
9.593143430327403243e-01 -1.920704485572211906e-01 2.069418615038770282e-01 2.437935240298071127e-01 9.332013133739019972e-01 -2.640076255685670503e-01 -1.424103538819767312e-01 3.037173875632619979e-01 9.420589363723256282e-01
9.593143430327002452e-01 -1.920704485572552189e-01 2.069418615040307663e-01 2.437935240298807482e-01 9.332013133738970012e-01 -2.640076255685161466e-01 -1.424103538821199777e-01 3.037173875632553921e-01 9.420589363723063103e-01
9.976266994214098016e-01 -4.727702086808886761e-02 5.005848478911676530e-02 6.365557501200096169e-02 9.104085996811185355e-01 -4.087837440463557015e-01 -2.624759744120333527e-02 4.110000789835729917e-01 9.112573723729544550e-01
6.993033053988272352e-01 -6.923342029968295730e-01 1.778995177593781229e-01 6.871011803283989527e-01 7.196703025310250412e-01 9.983297875063129601e-02 -1.971467855421329129e-01 5.242143660419433526e-02 9.789714694181628207e-01
