6.053380283608928991e-01 -2.059110817186172171e-01 -7.688735252599193659e-01 -7.959669884008483409e-01 -1.547063720191977909e-01 -5.852371244484935175e-01 1.557175722509159975e-03 9.662642313995312149e-01 -2.575480738068967046e-01
-3.015080282986438709e-01 -8.961676207735794764e-01 3.255403267622710151e-01 -1.056582657868136155e-01 3.707302291016086326e-01 9.227109125295919201e-01 -9.475912830658519415e-01 2.438087215570657607e-01 -2.064656570723617246e-01
-6.423665998630903040e-01 5.135144233270134695e-01 -5.689183495155145653e-01 -6.890892049475935144e-01 -6.208585127495665212e-02 7.220120599381688598e-01 3.354418265586836534e-01 8.558319251503702096e-01 3.937391228826329637e-01
-5.503362958194976118e-01 -1.628462892477322288e-01 8.189084488402341711e-01 8.348402957466634078e-01 -1.227135293305398195e-01 5.366405410671714060e-01 1.310122518309885312e-02 9.789905391767007581e-01 2.034843534555301758e-01
-1.843207747634663662e-01 8.051401961656822204e-01 5.637154570427198585e-01 -1.526304428162691129e-01 -5.900322502714556716e-01 7.928214752170327229e-01 9.709427377123251990e-01 6.009332873031195121e-02 2.316441061754121455e-01
3.936652795391639703e-01 -3.512033210690847923e-02 9.185827180815304693e-01 6.111238126499410894e-01 -7.364735648758840014e-01 -2.900592592061260744e-01 6.866988665328870312e-01 6.755540322666334641e-01 -2.684612005313634087e-01
6.527411295003683334e-01 1.093232639210327678e-01 7.496515469364657402e-01 -3.376924245655159584e-01 -8.438003958916868719e-01 4.170907794282871506e-01 6.781539974442730712e-01 -5.254039549324737157e-01 -5.138655854322881078e-01
8.538991310565171577e-01 -4.547062295877141169e-01 2.531768527236454847e-01 -2.585919459751342409e-01 -7.928607684936590516e-01 -5.518170052294851802e-01 4.516486238855587643e-01 4.057265662459995093e-01 -7.946064900216408544e-01
6.892965109486084430e-01 -6.703976643604013796e-01 2.746584999853339815e-01 -7.163738511671233766e-01 -5.741539705345500844e-01 3.964287117293543439e-01 -1.080686141211188167e-01 -4.700150952251744840e-01 -8.760176852680606752e-01
4.941278671914219878e-01 -7.293936188026839407e-01 -4.730989322697544686e-01 -8.674107855847625892e-01 -4.503074156062316091e-01 -2.117115029970315088e-01 -5.861893820330051075e-02 5.149836699352334790e-01 -8.551933347401372565e-01
1.170761712844038405e-01 -9.815860195255310394e-01 -1.509372597783917302e-01 -7.319073024111919512e-01 -1.880078406492180498e-01 6.549540079513906932e-01 -6.712710859217442261e-01 3.379257501941664715e-02 -7.404412137901292823e-01
-2.007684864256600865e-01 -5.878298680379638874e-01 -7.836759924234120156e-01 -9.305155234580740897e-01 -1.357096939987738060e-01 3.401819212690556649e-01 -3.063215230144565315e-01 7.975204857539581749e-01 -5.197385875042130898e-01
-5.251215451896316111e-01 -8.194268488137446127e-01 -2.297542213340821038e-01 -4.066208399392735595e-01 4.423891573085542671e-03 9.135862968053041211e-01 -7.476007325469482545e-01 5.731667023009331396e-01 -3.355191143120468955e-01
-7.466545005967373250e-01 -1.797183954420447927e-01 -6.404751010604344819e-01 -6.420992932222566729e-01 -5.687962372862495619e-02 7.645084734965132967e-01 -1.738262189145110548e-01 9.820723021978711165e-01 -7.292762764314808521e-02
-9.021765327335371509e-01 -4.313572664649991117e-01 2.900422854824343845e-03 2.774662247379030069e-02 -5.131910498167855522e-02 9.982967867348752078e-01 -4.304737259417697470e-01 9.007204106334684157e-01 5.826759941928979364e-02
-9.473519795121263520e-01 2.348098089202101391e-01 -2.176891833539512378e-01 -2.631115068778906441e-01 -1.834299057996981175e-01 9.471672527102908967e-01 1.824734552281554456e-01 9.545773008474319754e-01 2.355538470157729214e-01
-9.175927955431385508e-01 -6.635228055989161877e-02 3.919449405615915705e-01 3.952979175454597316e-01 -2.564465472968276982e-01 8.820287550662728737e-01 4.198830731943127559e-02 9.642782499071715918e-01 2.615424225711991402e-01
-8.152161719580940380e-01 5.123891632376472716e-01 2.699628462855862554e-01 4.022800699419985804e-02 -4.149083514545429674e-01 9.089734690003599127e-01 5.777579946926445498e-01 7.518699390784935321e-01 3.176276031437398895e-01
-6.522668879303888945e-01 1.657500731367166635e-01 7.396450636384851451e-01 5.815152433879625660e-01 -5.164826000286921737e-01 6.285584663140261208e-01 4.861974173286445766e-01 8.401027539073868677e-01 2.404983040692406926e-01
7.013912012889768066e-01 5.954803785889644097e-01 3.917314149643220667e-01 -5.591444979607413934e-01 1.188272275796045802e-01 8.205105242384007624e-01 4.420495596136662653e-01 -7.945333276214967544e-01 4.163039492294962618e-01
7.010575844590762884e-01 6.195843344865004099e-01 3.530347231241228734e-01 -3.693899793248132668e-01 -1.079459369649510558e-01 9.229835956652605589e-01 6.099748408310130543e-01 -7.774721391482010135e-01 1.531919266851260453e-01
6.255041302508508316e-01 1.478048909000933830e-01 -7.660928777016127178e-01 -5.893550535844686022e-01 7.329409474224999332e-01 -3.397913895404892082e-01 5.112780103364261697e-01 6.640416265697656195e-01 5.455671492392164534e-01
-6.916663011413888285e-01 -3.080589659225972943e-01 6.532207906826679178e-01 -7.168252722792578524e-01 1.825100063552337337e-01 -6.729425135938293945e-01 8.808664420420396490e-02 -9.336968303978082639e-01 -3.470604731425479539e-01
-1.769130009077753696e-01 -2.082351529759023934e-01 9.619458982577491213e-01 -9.165287159124204663e-01 3.910692614454980842e-01 -8.390438403565349257e-02 -3.587156297371709712e-01 -8.964948152764605771e-01 -2.600387339699407052e-01
9.347607589616608870e-01 -3.182498652516624338e-01 1.579219641871222601e-01 2.193936717477177334e-01 1.674552077837341557e-01 -9.611582440905146463e-01 2.794436263407606980e-01 9.331000893009310238e-01 2.263525635907847056e-01
6.473555997881489388e-01 -6.369334365449909052e-01 4.186245631038801873e-01 7.364312733203923766e-01 6.642676595252853256e-01 -1.281306215723056474e-01 -1.964680816281153541e-01 3.912342954289515506e-01 8.990750908470215297e-01
-1.210972643262983317e-01 3.592481056406756634e-01 -9.253519606972651079e-01 7.545797132456056877e-01 -5.723607641814865143e-01 -3.209557788602112050e-01 -6.449379109114820041e-01 -7.371186839438890193e-01 -2.017700097882803023e-01
1.743139507950787204e-01 2.028267178983019781e-01 -9.635745788805419876e-01 9.301312100642311620e-01 -3.551214662038030268e-01 9.351297399671654187e-02 -3.232190876521066625e-01 -9.125514049892555768e-01 -2.505580863382299017e-01
1.487420087163062454e-01 -5.226088733010558762e-02 -9.874941085892655623e-01 9.872832776670730226e-01 -4.880663291379133684e-02 1.512932325736333905e-01 -5.610298104378593637e-02 -9.974400795231201933e-01 4.433670351877958687e-02
4.624518085013544222e-01 -4.192023662396527905e-01 -7.812859277837420624e-01 8.803925096473711465e-01 1.126462472384892333e-01 4.606732594148368332e-01 -1.051063926249532349e-01 -9.008774606583080935e-01 4.211560840201743483e-01
-8.863318877369213977e-01 4.420709496639085301e-01 -1.378007991412081579e-01 -2.499983604903809609e-01 -7.073390349080895811e-01 -6.611900705904575348e-01 -3.897648066883758755e-01 -5.515838695597822250e-01 7.374541547165019972e-01
2.280349648328193757e-01 9.632076282751348417e-01 1.422361404365473092e-01 -4.915833730387275669e-01 2.399950559419471996e-01 -8.371070185318536527e-01 -8.404438364135715656e-01 1.209687478484094414e-01 5.282241189858960517e-01
-9.181640417012160160e-01 9.050058398265774240e-03 -3.960970701354353807e-01 3.361984532329211905e-01 5.467633824783235674e-01 -7.668248845888182563e-01 2.096315638702320183e-01 -8.372382576207628713e-01 -5.050610927456896659e-01
2.823347696148437724e-01 -6.857865112527212759e-01 -6.708084218689823741e-01 9.189960527193352657e-01 3.939441146010413397e-01 -1.594646222467264660e-02 2.751968985159796710e-01 -6.119680510901066572e-01 7.414592176864233108e-01
7.866693317775842464e-01 -3.476655662816114933e-01 -5.101764562018671345e-01 6.014610657983846531e-01 6.179965823917660250e-01 5.062853054165884492e-01 1.392693389417795913e-01 -7.051303979932957988e-01 6.952662605480983693e-01
3.048058442461675233e-01 8.713229696311726169e-01 -3.845642727899929447e-01 -3.985980566262050107e-01 4.834197072969513842e-01 7.793747339058040291e-01 8.649930557913133589e-01 -8.427140197033000657e-02 4.946567943966416192e-01
7.442092286479249363e-01 6.677105475066494877e-01 -1.775524552438910095e-02 -4.735974120403375065e-01 5.462286406183033405e-01 6.908977952468624562e-01 4.710181687620505486e-01 -5.057636769447280134e-01 7.227343825911380915e-01
-4.092676577766560242e-01 9.123405077031633281e-01 -1.160957802612189692e-02 7.711182674337871967e-01 3.390590878495272076e-01 -5.389021734754474435e-01 -4.877259496150730400e-01 -2.295075880021860137e-01 -8.422883503417901707e-01
1.338835835011966680e-01 5.987471026946467045e-01 7.896689769033884421e-01 6.664917047581730980e-01 5.353046572973851891e-01 -5.188812304991130553e-01 -7.333921144636221801e-01 5.957775011617132410e-01 -3.273914714101179291e-01
-8.352695819780203701e-01 4.929498134984833246e-01 -2.435676636872673995e-01 3.042741177551347431e-01 7.833688835296918063e-01 5.419875031601547599e-01 4.579759673679368870e-01 3.785943392197709811e-01 -8.043160694802433675e-01
1.802052485832506545e-01 -8.169458030276297578e-01 5.478372233598134411e-01 4.868491405283797424e-01 5.580281635275889940e-01 6.719988713359603683e-01 -8.546952572407471305e-01 1.456163576854185293e-01 4.982889659872123400e-01
2.652639652466256548e-01 -8.021652635514588958e-01 5.349447809756212591e-01 5.834421212298862569e-01 5.752567485574286987e-01 5.733018091842253527e-01 -7.676133922205941040e-01 1.600330065660015011e-01 6.206118891006185967e-01
1.863654536149524643e-01 -6.930207109260423486e-04 -9.824802478529466310e-01 -4.694325517837071859e-01 -8.785293704287365779e-01 -8.842637966085049872e-02 -8.630764722924211263e-01 4.776878321837204067e-01 -1.640528511147789914e-01
6.690282681259286379e-01 5.486021119514353922e-02 -7.412095072758070335e-01 4.266105560249423556e-01 7.882834232823318077e-01 4.434102818681336933e-01 6.086087494741675430e-01 -6.128618129773729661e-01 5.039799482693507748e-01
7.010918335076627983e-01 -7.127006071456681857e-01 2.298011233784588367e-02 -4.312544120866239339e-02 -7.454690732039151446e-02 -9.962845752743157979e-01 7.117657179925305222e-01 6.974959520908786681e-01 -8.299975606841761278e-02
-2.664344691621759950e-02 8.530363540159188185e-01 5.211708985195271371e-01 -9.455180627203675359e-01 -1.907332569975564440e-01 2.638492329809345449e-01 3.244776106389257175e-01 -4.857466452816041613e-01 8.116430722871487147e-01
-9.450256354420500937e-01 -3.269009368348435030e-01 -7.894672498023700552e-03 1.870652508996322461e-01 -5.206625092484417072e-01 -8.330168926072112345e-01 2.682035426000319855e-01 -7.886991371617050328e-01 5.531912244216958818e-01
-5.083243650080747633e-01 -8.609460764666641008e-01 1.944719403397263818e-02 5.862402871937950621e-01 -3.624965239486768187e-01 -7.245126608942480395e-01 6.308158729851955915e-01 -3.568867096737896594e-01 6.889870904800337037e-01
-6.084028844059207186e-01 -7.731498264437934864e-01 1.791236336067588697e-01 3.737886143666458438e-01 -4.782567527984670219e-01 -7.947028061939438448e-01 7.000914240414740641e-01 -4.165451047276856889e-01 5.799673902134351300e-01
3.249375554159555923e-01 -8.266408052869915757e-01 -4.594350488532378263e-01 3.262355895189649746e-01 5.539516345405465225e-01 -7.659686199323509914e-01 8.876857130829112208e-01 9.900790687784080668e-02 4.496793403795115163e-01
-8.469400159158496644e-01 5.307512212838663146e-01 -3.155551530469544869e-02 1.988107112960435796e-01 2.610879892009183578e-01 -9.446202215541349423e-01 -4.931195702001916481e-01 -8.063102399205319681e-01 -3.266448935539521536e-01
1.018821973181830709e-01 2.747368607601107238e-01 -9.561065187568268398e-01 8.944066705302777809e-01 3.954501315912472004e-01 2.089399462415184039e-01 4.354959535754173716e-01 -8.764353089442171729e-01 -2.054371525681101540e-01
2.037475137070515752e-01 7.456717385387431341e-01 -6.343978318080883971e-01 5.756706277209459044e-01 -6.153807601825146412e-01 -5.384327705262401675e-01 -7.918903200807337894e-01 -2.554998597686483630e-01 -5.546436176687100650e-01
1.160601291911029093e-01 9.751409043098923091e-01 -1.887598028019482344e-01 3.874789499442566898e-01 -2.194378207114657253e-01 -8.953809838228077300e-01 -9.145436620316393928e-01 3.077758247634773334e-02 -4.033145554708764124e-01
3.976646036292127984e-01 9.169377084428559366e-01 -3.298638895037429852e-02 2.287362494320576978e-01 -1.338880688311744338e-01 -9.642373738973275543e-01 -8.885620919306520538e-01 3.758978902045380655e-01 -2.629794382144741149e-01
4.266595607547520874e-01 9.043983604669088017e-01 -5.022429823246725260e-03 -1.496421117037755912e-02 1.506816095109415584e-03 -9.998868945482304316e-01 -9.042885002036742392e-01 4.266864599328447638e-01 1.417650554144764957e-02
6.099454870631968451e-01 -2.463247113620338144e-02 7.920604422498094266e-01 -4.814310784942596455e-02 9.965186562615944155e-01 6.806474042545709868e-02 -7.909796103426675051e-01 -7.964803254513207198e-02 6.066361734465325339e-01
-9.467513871399251268e-01 -2.428219243509121272e-01 -2.114221464349174406e-01 2.302397000872466182e-01 -9.696212181052685786e-01 8.260976881573847685e-02 -2.250588621946773005e-01 2.953314163063149381e-02 9.738974802786294349e-01
6.163672615870655624e-01 -2.361564338714492242e-02 -7.871046310568076132e-01 1.456385770233330490e-01 9.857250541695811163e-01 8.447202178825337360e-02 7.738738939428574382e-01 -1.666985871859376633e-01 6.110080010146607954e-01
6.520786802513433011e-01 -1.546355639388571901e-01 -7.422137408637609068e-01 7.157186158526317454e-01 4.484782798488965994e-01 5.353635170851370750e-01 2.500805024060440696e-01 -8.803153269534084169e-01 4.031186766291711132e-01
8.070102888443752009e-01 2.165860831662085595e-01 5.493858955943794475e-01 4.717801894954984365e-01 -7.960095201587428226e-01 -3.791995472257843613e-01 3.551870584620310800e-01 5.652073180660068807e-01 -7.445688961444208998e-01
5.410699831248853009e-01 8.409722291869984323e-01 -2.997181590600965072e-03 -8.398944783469771691e-01 5.405505284536884503e-01 4.880974729188242850e-02 4.266777007877937261e-02 -2.389217287499967313e-02 9.988035970458934987e-01
1.287920256336792801e-01 -9.452490776429562924e-01 -2.998612935147090264e-01 -6.442393135895522205e-01 1.501262050176461749e-01 -7.499452175943670529e-01 7.539020632408671707e-01 2.897693975942603473e-01 -5.896315589069356378e-01
-4.436908886398807650e-01 -8.297907493140423973e-01 3.385051073333952276e-01 -8.238501500132892064e-01 5.263276281944876400e-01 2.103572155221841433e-01 -3.527170617662749863e-01 -1.855439035700333361e-01 -9.171500063713461381e-01
-7.541117546728244581e-02 2.649112250158165982e-01 -9.613195085273480434e-01 -6.761247084928675433e-01 6.950135106609186542e-01 2.445640990910565027e-01 7.329178215735223656e-01 6.684147386611135611e-01 1.267012389857249122e-01
-8.035707870028840905e-01 3.792598247073492579e-01 4.587330112805445559e-01 5.435974732835344714e-01 7.815472004434707021e-01 3.060812972377288665e-01 -2.424371615807336955e-01 4.953240947520364812e-01 -8.341931813691318975e-01
-6.615718723927858091e-01 5.722830712509030526e-02 7.476948431828989161e-01 4.068623877589329085e-01 8.649552994836494646e-01 2.937947026790146410e-01 -6.299092435310053029e-01 4.985752207628725285e-01 -5.955141426997765386e-01
8.400214731602242413e-01 -4.387165902543804230e-01 3.192047588387381674e-01 5.385238844417817861e-01 6.026402298313211503e-01 -5.889115207521307127e-01 6.599962511606788373e-02 6.665977098853723692e-01 7.424900960013648410e-01
-3.649928540313370218e-01 -8.651445097971948162e-01 3.439552204485791798e-01 7.269048578965675578e-01 -3.397954755129362070e-02 6.858970169891253077e-01 -5.817125957656668067e-01 5.003702304453981897e-01 6.412800389935656709e-01
6.150858938677605803e-01 -6.727053577897870729e-02 7.855851438137735343e-01 -9.975384553267921395e-02 9.817079665070095329e-01 1.621685505827651641e-01 -7.821243593357392054e-01 -1.781127269812059488e-01 5.971242274610686351e-01
7.925895811255769668e-03 2.904642944229547941e-01 9.568530053466752783e-01 9.177575200335800210e-01 -3.820669210381391623e-01 1.083789752223633662e-01 3.970621042071411089e-01 8.773000407578992466e-01 -2.696040131169901710e-01
-1.343729339378411103e-01 9.597387872239746542e-01 2.466685527642128173e-01 6.957738553553320937e-01 -8.586568607189563884e-02 7.131099677885455179e-01 7.055796601581669769e-01 2.674482085437428491e-01 -6.562231319588089917e-01
3.830600913622039805e-01 9.205189446152971522e-01 7.687547729881039071e-02 -1.603194476572756058e-02 -7.658569902974862731e-02 9.969341038660245458e-01 9.235842913089247208e-01 -3.831181323149095430e-01 -1.457921599149556748e-02
8.511266640433862163e-01 2.882266755362115074e-01 4.387582309925600610e-01 4.518175480509405428e-01 -8.277519346124220245e-01 -3.326975173015702114e-01 2.672906751602330266e-01 4.814063961506291345e-01 -8.347476125857749008e-01
6.000022311609185532e-01 6.999610408042460097e-02 7.969302780140070652e-01 7.459679020989561371e-01 3.109312185707813203e-01 -5.889428379360528432e-01 -2.890142066404392529e-01 9.478514243971212228e-01 1.343445779640774218e-01
4.030927977582973026e-02 2.343738871773810850e-01 -9.713104771252694114e-01 9.795114311244734751e-01 1.826953985223057908e-01 8.473339161902057604e-02 1.973132490747651069e-01 -9.548252575042934787e-01 -2.222075817145300614e-01
-4.708401830300776303e-01 4.903844271568261748e-01 7.333707354716814120e-01 -3.373280417228253225e-01 6.680413871249161195e-01 -6.632725664126796206e-01 -8.151805409304413441e-01 -5.596818906220661916e-01 -1.491203104813806635e-01
-9.206832827771431749e-01 -3.897170949876522794e-01 2.151461570859198799e-02 -1.576788856164340960e-02 -1.793928743265957304e-02 -9.997147371409086380e-01 3.899918800500989380e-01 -9.207598860945203079e-01 1.037138631985114016e-02
6.821095064799356233e-01 1.894814529524233293e-01 -7.062743094271072275e-01 2.502909082160131859e-01 8.470097963857811108e-01 4.689657408499268709e-01 6.870815689815160665e-01 -4.966600284032893220e-01 5.303279492468241374e-01
4.078540602086851430e-01 -1.873726469323751809e-01 -8.936143221506951395e-01 8.816095953265836727e-01 3.354285485949243806e-01 3.320424825464355356e-01 2.375280762339221641e-01 -9.232438355976486655e-01 3.019954188916681437e-01
4.067916584618572196e-01 -1.726546452692789280e-01 -8.970568098358049358e-01 8.868546525741871633e-01 3.101688179826058156e-01 3.424677058625984483e-01 2.191104100981280667e-01 -9.348720114637152356e-01 2.792936633159039395e-01
6.456084295314457044e-01 -7.546386584626663119e-01 -1.170907804722776530e-01 7.411278290052534246e-01 5.821663372596964647e-01 3.343828596617793303e-01 -1.841719218336501929e-01 -3.026596288164249970e-01 9.351352053541794884e-01
7.622671273884613907e-02 -7.603853606162180867e-01 -6.449834041474040713e-01 8.427962462516418451e-01 3.947959317055482753e-01 -3.658287298899441931e-01 5.328076346761285720e-01 -5.157036704051000120e-01 6.709439237086337604e-01
2.800940834741819652e-01 -6.386076154738733468e-01 -7.167479458369809819e-01 8.210282849652650317e-01 5.462619091709609576e-01 -1.658628405517417470e-01 4.974533743877447844e-01 -5.420131364161485665e-01 6.773196440843688437e-01
-7.926382464192460731e-01 2.519275129748940190e-01 -5.552090944137237916e-01 -3.578618639129271251e-01 -9.295110497110482539e-01 8.912965175423234743e-02 -4.936187766588584491e-01 2.693357322587363045e-01 8.269212578344217190e-01
-2.390588889305288456e-01 9.700409107698725331e-01 -4.326059472611860912e-02 -8.879009000847163380e-01 -2.364157013625091119e-01 -3.946385786742394042e-01 -3.930430501256218512e-01 -5.593073915146589553e-02 9.178174726850207854e-01
9.221772842617099730e-01 -3.147334294891361295e-01 2.247930709646192571e-01 3.592574526087593534e-01 4.817682702160738240e-01 -7.992705527905283880e-01 1.432589932142569467e-01 8.178277338015743636e-01 5.573460852004061827e-01
-4.241725820742691666e-01 -8.784690384925524231e-01 2.199312825098291291e-01 -5.538836178488337758e-01 5.953248881000155340e-02 -8.304630158259757033e-01 7.164429904012842298e-01 -4.740759761747668777e-01 -5.118216587042870858e-01
9.955029006270084135e-01 9.456263235016233726e-02 5.646539313678602956e-03 -4.807971343124910896e-02 4.529999839826460151e-01 8.902130956507501303e-01 8.162301145866791841e-02 -8.864812028885499240e-01 4.555093423034128897e-01
-3.380386348030079424e-01 2.494293002713988683e-01 9.074772204009525778e-01 -9.579864223345489760e-02 -9.683509521292721356e-01 2.304757116412888829e-01 9.362438258951271131e-01 -9.025390653727859494e-03 3.512350221672130846e-01
-3.918924311468669486e-01 4.579780892943879911e-01 7.979200411921361091e-01 -3.563590323489915779e-01 -8.751532947512884464e-01 3.272842048575752560e-01 8.481913477942869539e-01 -1.560858110534926457e-01 5.061705810442612696e-01
3.365160418356313299e-01 8.798395930309270696e-01 3.356177053173037828e-01 -4.989965924319157420e-01 -1.356411944159913729e-01 8.559228160989401646e-01 7.985983685987696479e-01 -4.555038495035758084e-01 3.933915209543892844e-01
2.581210553265609123e-02 9.328450066828402054e-01 3.593520957429685581e-01 -2.932763028802923277e-01 -3.365878720111181721e-01 8.948170844278147129e-01 9.556792063118451086e-01 -1.284865670874567600e-01 2.648932930469217184e-01
8.099787500274798768e-01 1.279733090006009155e-01 5.723261803267071235e-01 5.763923505794786850e-01 -3.537578159370129427e-01 -7.366323817596792667e-01 1.081955761451690590e-01 9.265410081841555234e-01 -3.602991499514030527e-01
8.416202698369724677e-01 1.143475651395464698e-01 5.278256868950198522e-01 4.964221424584950304e-01 -5.486980602561898346e-01 -6.726778539152395986e-01 2.126978558341849623e-01 8.281636752585517236e-01 -5.185600728033238349e-01
5.927694176322426678e-01 -5.442384049323529815e-01 -5.936572884388938709e-01 5.310196486367433355e-01 8.183112259506636343e-01 -2.199656115051440430e-01 6.055101570425071023e-01 -1.848547972864386379e-01 7.740711554105011993e-01
-3.544892529884783872e-01 -3.824995943810819421e-01 8.532475782643502704e-01 9.229058860931087516e-01 3.524685685265432130e-03 3.850094830072560148e-01 -1.502734006082410145e-01 9.239489362995815247e-01 3.517616638869382473e-01
-9.272000166483637118e-01 3.134585277702179873e-01 -2.050460448177478523e-01 -3.511579811893579817e-01 -5.369536266197080243e-01 7.670520680546776271e-01 1.303387945866032738e-01 7.832142454195218928e-01 6.079368753395706371e-01
2.417263396776051509e-01 7.827612615086370074e-01 -5.734572208870286625e-01 -4.077783838025363927e-01 6.182111500807916382e-01 6.719611325212020425e-01 8.805027918237730011e-01 7.141275374323813319e-02 4.686310405781389798e-01
-8.189357340550387221e-01 -5.721369744754256637e-01 -4.476098664954872991e-02 -4.395609971314780040e-01 5.751989127371330834e-01 6.898784969737798978e-01 -3.689585251603704763e-01 5.846413372522735186e-01 -7.225400428262490626e-01
-6.837377024229449596e-01 -5.684781797537200587e-01 4.575317622081442326e-01 4.832014425622447457e-02 5.903431566348964488e-01 8.057047356652462522e-01 -7.281263063126135471e-01 5.729987055467440360e-01 -3.761709259064370259e-01
-3.252858648276567566e-01 -5.505439414466213321e-01 7.688240856527212008e-01 4.745790374912474407e-02 8.025114824624268728e-01 5.947462214152330340e-01 -9.444240856284124019e-01 2.299493184429507175e-01 -2.349179802240777271e-01
-4.893135297257371064e-01 -4.665030121594537782e-01 7.368495160298993429e-01 3.956501433660946504e-02 8.321619675989917475e-01 5.531193987940751233e-01 -8.712100087050677066e-01 2.998022670493530883e-01 -3.887309113052170306e-01
7.536892156611366689e-01 -3.121655921446148674e-01 5.783642531113954988e-01 5.986089985645409728e-01 6.893480591203375862e-01 -4.080030884988261608e-01 -2.713297496288563093e-01 6.537215741185428142e-01 7.064193304959289765e-01
-4.069482730450960095e-01 -1.340760267311907616e-01 -9.035578133808547241e-01 -5.092723255558837536e-01 -7.878665902986391467e-01 3.462772506447664433e-01 -7.583104914799189133e-01 6.010739180393489534e-01 2.523397383772733038e-01
7.839878592879688801e-01 4.295244114512244415e-01 -4.481872560175571008e-01 -7.581504684792600424e-02 7.828237377495107507e-01 6.176075406658604328e-01 6.161291383797027343e-01 -4.502174758751207317e-01 6.462887197345476009e-01
-1.614103707832907908e-01 -4.414701683442295854e-01 -8.826385345461177367e-01 -6.609846047153824511e-01 7.124908465421718740e-01 -2.354912862992365186e-01 7.328342544756286658e-01 5.453997470257360147e-01 -4.068083964367165128e-01
-8.748771443500038547e-01 -2.422984427130347451e-01 4.193822205969404693e-01 -3.785565877567283466e-01 8.822053136495046077e-01 -2.800155253455815507e-01 -3.021338977340429777e-01 -4.037390855830256253e-01 -8.635449372282933966e-01
-5.219207853611713688e-01 -3.510993642091838618e-01 7.773853164678924399e-01 -5.422994075572427075e-01 8.400457957854823299e-01 1.531056975424374515e-02 -6.584147981106149849e-01 -4.135846919737756755e-01 -6.288383386800742159e-01
6.714604766608752717e-01 -7.174877377458744876e-01 -1.853433960697217775e-01 1.993250634453175556e-03 2.518602011034423160e-01 -9.677615750028734087e-01 7.410376881335108967e-01 6.494442126037008878e-01 1.705443035732955859e-01
6.350411097285421080e-01 -7.181610455024793893e-01 -2.845478899544484630e-01 -7.516109234016271623e-01 -4.893994837374821549e-01 -4.422320263626770553e-01 1.783362239650030656e-01 4.947048190995036454e-01 -8.505664778144220728e-01
7.098740536089912512e-01 -2.563484887873511697e-01 6.560215547595827923e-01 -6.668150802699496227e-01 -5.445241590310494484e-01 5.087741040541560178e-01 2.267961127032819268e-01 -7.986106013120347624e-01 -5.574806101872158415e-01
2.356202634568163035e-01 -6.620461075825293529e-01 7.114619054337082416e-01 -4.480822353791281132e-01 -7.236233937364902058e-01 -5.249680889110583948e-01 8.623835583927748072e-01 -1.951003215581848527e-01 -4.671514344853375800e-01
4.367217525884302676e-01 8.824926330966592625e-01 1.745876952886882272e-01 -8.835071595748387185e-01 4.572967552623383725e-01 -1.014631785749779136e-01 -1.693788941872354792e-01 -1.099383015907691857e-01 9.794000000241200876e-01
-8.485051137814918487e-01 1.309183918146880621e-01 5.127372100514193676e-01 -4.333521258542525900e-01 3.841926573833904235e-01 -8.152312169135140785e-01 -3.037186311444486364e-01 -9.139236164457864575e-01 -2.692556710607920678e-01
-9.365443317977183435e-01 -2.039152102932541566e-01 -2.851373381173070709e-01 2.848029919717851577e-01 3.162708527406639381e-02 -9.580641853451083989e-01 2.043819227365390179e-01 -9.784775493020395620e-01 2.845549455536475203e-02
-1.218468437934862869e-01 -4.853297625724389830e-01 -8.657992655453953246e-01 3.494949825000982502e-01 7.954536132562076700e-01 -4.950826257958362286e-01 9.289814873638883030e-01 -3.629167545305999054e-01 7.269680471763806384e-02
-2.983026668992362906e-01 8.402979818223084152e-01 4.526751822953838933e-01 6.440762547508233071e-01 5.272261340606961832e-01 -5.542547984722968613e-01 -7.044013749184169226e-01 1.262216515054719601e-01 -6.984889388560673318e-01
5.873826338825235971e-02 7.571258328318398734e-01 6.506230011864211349e-01 3.061148861950260380e-03 6.516086265410754308e-01 -7.585491593726134685e-01 -9.982687242329981725e-01 4.654751417580645090e-02 3.595668425030076193e-02
3.756028604109206137e-01 -3.333725521119484947e-02 -9.261809319275141617e-01 8.027257798676055156e-01 -4.877683374837535890e-01 3.430938228594034300e-01 -4.631995397094858524e-01 -8.723363321353287958e-01 -1.564465085887250806e-01
7.193217854490895069e-02 1.246034572455182315e-01 -9.895957458135355989e-01 3.307511042134852475e-01 -9.390056607798912269e-01 -9.419169859855071325e-02 -9.409726184918155711e-01 -3.205344715717549642e-01 -1.087574539186722533e-01
5.902701568059285156e-03 -4.983181001574384927e-01 -8.669741802208874581e-01 5.990291047812861258e-01 -6.924531185019315860e-01 4.020855758440994854e-01 -8.007054950099505852e-01 -5.217161582052363133e-01 2.944197013252328743e-01
-6.045475953688262960e-01 1.725834528132694501e-01 -7.776484789085748028e-01 -5.473519396304788592e-02 -9.829401615232147282e-01 -1.755924184198857652e-01 -7.946862673254129206e-01 -6.358923399260901776e-02 6.036804998048522775e-01
8.836539382429680067e-01 4.329253244965783898e-01 -1.781330425194195821e-01 -3.267166922732779866e-01 2.977939221963102900e-01 -8.969810382014472561e-01 -3.352788696260192713e-01 8.508198653724948768e-01 4.045907021544472570e-01
4.855785505865107821e-01 8.712668814608678369e-01 -7.146672288385061411e-02 1.319439238309165138e-02 -8.904675154428273731e-02 -9.959400504292673650e-01 -8.740934613758097882e-01 4.826641661744370815e-01 -5.473502965369718420e-02
4.843492190200804348e-01 8.738289735572268846e-01 4.276399193902771789e-02 -3.775094104446489740e-01 2.528427643372221367e-01 -8.908182651630160986e-01 -7.892353762093865521e-01 4.153233216353678370e-01 4.523428560786532659e-01
4.244455648444501739e-01 8.741545531868162300e-01 -2.360080075476956307e-01 -3.981506521027500800e-01 -5.391195566381048326e-02 -9.157344370867888106e-01 -8.132170809285983459e-01 4.826461625034025871e-01 3.251625149163241968e-01
-7.486743425518963546e-01 -4.235148271638690121e-01 -5.100214897206234443e-01 6.117936970872435154e-01 -7.377011619148906574e-01 -2.854916249450105137e-01 -2.553335093731492478e-01 -5.257681873999018318e-01 8.114016342782494062e-01
-1.224217951897287882e-01 7.056211219372360288e-01 6.979339054226847416e-01 -9.899987689746605479e-01 -3.714435544695346425e-02 -1.360982523292920965e-01 -7.010949644079156329e-02 -7.076150995664713950e-01 7.031113207553639777e-01
-4.863101718503112236e-01 -1.901631725365495740e-01 8.528425321041130935e-01 2.232791658875407370e-01 -9.706721845334790322e-01 -8.911747445685205826e-02 8.447773853717230885e-01 1.470832348836470793e-01 5.145072314172823846e-01
-4.860919859724653902e-01 -3.950713228584209480e-01 7.795083264649852461e-01 3.534235779800596333e-01 -9.046529825848640405e-01 -2.381066055952306970e-01 7.992536241401209107e-01 1.597549090175549580e-01 5.793720854025292688e-01
-1.139390731911267135e-01 -6.050653448780700661e-01 7.879808475007049617e-01 6.702606280664081817e-01 -6.322639601854127545e-01 -3.885781454414068969e-01 7.333270607746390501e-01 4.838783039962024080e-01 4.775910477148705979e-01
3.207695160346530350e-01 1.236666194127001295e-01 9.390492451548687614e-01 -4.376100858092095147e-01 -8.599247688814102286e-01 2.627295275798086638e-01 8.400025776037539638e-01 -4.952130441610837486e-01 -2.217198920073743529e-01
8.716524029446922617e-01 -3.066191303439078086e-01 3.823699744329951411e-01 1.164161309357455848e-01 -6.283003187887661323e-01 -7.692112803826307577e-01 4.760980706731491874e-01 7.149988939271729738e-01 -5.119640698176234350e-01
7.656044568295696795e-01 -3.511320633632293853e-01 5.390325498158539119e-01 5.878468697347963845e-01 4.149382738088844280e-02 -8.079073709481098264e-01 2.613156585926324493e-01 9.354060809977485791e-01 2.381797434853194784e-01
7.594226953484788378e-01 -1.690568082115212201e-01 6.282491268493609615e-01 6.159246909819774407e-01 -1.242161691540359797e-01 -7.779505886362267919e-01 2.095565432727103661e-01 9.777474821844488462e-01 9.793684371260259064e-03
-2.987958655499099447e-01 6.548214351645608167e-01 6.942117247492329835e-01 3.686631562470406021e-01 -5.917679913205873277e-01 7.168668786283597383e-01 8.802320761914158576e-01 4.701271450335770541e-01 -6.459070789461733575e-02
1.184223539290717997e-01 -8.770003156616889006e-01 4.656678992793000238e-01 8.655684523131857988e-01 3.209844805075618424e-01 3.843959126128257409e-01 -4.865875054397246213e-01 3.575463740587914718e-01 7.971155436618688750e-01
-9.831130451331037134e-01 -9.789087095063193911e-02 1.546160336887578424e-01 8.561570154906342212e-02 5.006933140962119833e-01 8.613803787338172313e-01 -1.617364898140740970e-01 8.600718473499056049e-01 -4.838571331072248349e-01
5.533469081384515681e-02 5.397264375542838027e-02 9.970080369378101492e-01 1.240992531153037176e-01 9.904234783525868169e-01 -6.050379247771656838e-02 -9.907257175266825922e-01 1.270759113837570120e-01 4.810681217070634369e-02
5.236263911780527636e-01 7.988147068299529252e-01 -2.961595289941313935e-01 4.385588080984435533e-01 4.529225297703177305e-02 8.975604623976802809e-01 7.303982299411204693e-01 -5.998697158320642764e-01 -3.266110067441651554e-01
7.049527943860789403e-01 6.740635753914827610e-01 -2.206351151057107940e-01 1.621541000687626022e-01 -4.560152181139823790e-01 -8.750749503210264457e-01 -6.904691198874494118e-01 5.811096429925322049e-01 -4.307713747487673661e-01
7.801805203891053475e-01 -9.011629372877968946e-02 -6.190294090024911489e-01 5.022436438652955193e-02 -9.773509477271146162e-01 2.055787882999600691e-01 -6.235349780303864886e-01 -1.914789246405436685e-01 -7.579841374271276688e-01
8.140090007623176360e-01 4.433987230820795981e-03 -5.808353350435657703e-01 4.135692364532275733e-01 -7.065790253547054034e-01 5.742008077217316542e-01 -4.078600658772910115e-01 -7.076202517495040478e-01 -5.769954471020897202e-01
6.346789557187505482e-01 -3.001294016092302952e-01 7.121130285688094252e-01 7.111284750289821321e-01 5.874951615150428852e-01 -3.861938984491706250e-01 -3.024548150893134335e-01 7.515129922270800122e-01 5.863013792779188105e-01
-4.960174825090668538e-01 8.466214458575768154e-01 1.928698640518884122e-01 7.655912466737063715e-01 5.312122731325752412e-01 -3.628823003260460145e-01 -4.096787766799347419e-01 -3.233648538955095214e-02 -9.116565425919365140e-01
-1.837468675874665280e-01 8.319332717233531849e-01 5.235686392933327493e-01 2.657269192728068385e-01 5.548460502661164417e-01 -7.883749519599628774e-01 -9.463753446839037187e-01 -5.735146359789841143e-03 -3.230182890652703587e-01
2.753074580709963803e-01 3.468326929663810565e-02 -9.607303858842934918e-01 9.202927376784649782e-01 -2.984630498934870424e-01 2.529448256528568639e-01 -2.779695675910636710e-01 -9.537907939790438716e-01 -1.140878644469356107e-01
-2.602883120192143185e-01 4.563394137698034703e-01 -8.508844422519549200e-01 9.187087662074701344e-02 -8.655568397404390657e-01 -4.923119937676507241e-01 -9.611502154476810889e-01 -2.063145574572382568e-01 1.833700267930950534e-01
6.040455001407715185e-01 6.601769401310664254e-01 4.464251801577364676e-01 2.460161495903434581e-02 5.444537088093930333e-01 -8.384300325639009177e-01 -7.965700184548076823e-01 5.174326687433630223e-01 3.126333939553299079e-01
9.088206078411003030e-01 -4.171837924337758463e-01 -1.669159640372502125e-03 2.698796539075167256e-01 5.909652144809740548e-01 -7.602138433889608082e-01 3.181353095305388679e-01 6.904475350119143595e-01 6.496707829553978186e-01
-9.180224554087313971e-01 -3.735708659077274230e-01 1.329645799086160707e-01 -2.877530433609022387e-01 8.583331517235026631e-01 4.248086471447323209e-01 -2.728240410995017018e-01 3.517229148027605778e-01 -8.954652610798410350e-01
-5.288819240280514533e-01 -5.399051701046414520e-01 6.548177744461926020e-01 -4.040334931031797638e-01 8.386894762334339282e-01 3.651806387339446291e-01 -7.463516911531917764e-01 -7.143087392414400327e-02 -6.617074756742619135e-01
-8.108344522363353235e-01 -5.417164988309814966e-01 2.215642704970849919e-01 -5.714083852507522154e-01 8.146247547438604242e-01 -9.939298880521321711e-02 -1.266489176097830571e-01 -2.071949416680075595e-01 -9.700671666515990887e-01
4.156407196828810213e-01 4.647498013315789489e-01 -7.818250535150140790e-01 -7.781584733003582555e-01 6.267189328645813573e-01 -4.114328158930227741e-02 4.708632312809664655e-01 6.254846132011071536e-01 6.221389041655478458e-01
-7.995723599433768314e-01 5.988275650576098119e-01 -4.571201747629510814e-02 2.719407477234170312e-01 4.288641214840712701e-01 8.614660730587854198e-01 5.354738751257691609e-01 6.763735008343172428e-01 -5.057535135092213752e-01
2.446165411720498950e-01 -9.119791302993017768e-01 3.293278209983969695e-01 6.885423206214911218e-01 4.025196563167516284e-01 6.032308007651933091e-01 -6.826948223754115697e-01 7.919591010382792673e-02 7.263991928166163570e-01
-2.237237191824798799e-01 -9.440816507607600050e-01 2.421931753208529381e-01 4.121292423168700092e-02 2.391061723924591265e-01 9.701184119477894718e-01 -9.737808749156210419e-01 2.270199881522906582e-01 -1.458535662579899667e-02
6.460717701614810959e-01 3.227904396975269652e-01 6.916629235691961197e-01 -9.194805081214367515e-02 9.324907067072282230e-01 -3.492944858661554131e-01 -7.577181690788851176e-01 1.620722491499752560e-01 6.321358732924517998e-01
-8.492123273586643650e-01 3.220235567501028573e-01 4.184964180970896508e-01 -1.296738663470835551e-01 -8.954368410990790617e-01 4.258844350162392933e-01 5.118819311605747879e-01 3.073982636589153161e-01 8.021740434910648032e-01
5.878445787836088510e-01 1.836796738072174195e-01 -7.878454979402977898e-01 -3.802817480088972746e-02 9.790800967068019611e-01 1.998900251486108171e-01 8.080795809300187482e-01 -8.754394132476241153e-02 5.825319297869362423e-01
4.939922439689362621e-01 2.725479919786497618e-01 -8.256447510684853386e-01 -2.648790288350253430e-01 9.516352915389184597e-01 1.556578683557357790e-01 8.281369228466686216e-01 1.418022001452854119e-01 5.422927005335841377e-01
2.556294061783132565e-01 -9.615688070292094380e-01 -1.001949901209931854e-01 -9.537644068083589444e-01 -2.338857840194410731e-01 -1.887614800193893050e-01 1.580729673360433685e-01 1.438154003646143764e-01 -9.768981869240743743e-01
7.658468545352801193e-01 -5.850992267570936933e-01 -2.667161229597283523e-01 -4.687511092625099574e-01 -2.240619891861728996e-01 -8.544405319079275696e-01 4.401715494708674514e-01 7.793940722447063596e-01 -4.458630812101730956e-01
8.378411034316159967e-01 -3.923007101489096593e-01 -3.796346114583779574e-01 -2.993752967923190011e-01 -9.116949901356318220e-01 2.814012733306324732e-01 -4.565048927131047374e-01 -1.221163288764103710e-01 -8.813006780609812241e-01
6.065998239282178739e-01 7.340819180553779244e-01 3.052218720773354765e-01 -4.127902093998520594e-01 6.189410452456819423e-01 -6.682186958876631389e-01 -6.794416064930688393e-01 2.793487427827816560e-01 6.784713577387020411e-01
-6.123938553261011331e-01 2.223398585306113340e-02 -7.902401001163638083e-01 -4.399144681692397918e-01 -8.401269822482704264e-01 3.172726184116576587e-01 -6.568477956530032191e-01 5.419338553472188291e-01 5.242696536843329813e-01
4.603261906550443205e-01 2.636107038113872925e-01 -8.477082015841778118e-01 -4.689409210926053784e-01 8.830044131345806679e-01 1.994038388982442497e-02 7.537865816806735841e-01 3.883459839124382418e-01 5.300879040850164925e-01
8.556009796089990571e-01 3.716948187650355173e-01 -3.602636886994706744e-01 5.859876239525554920e-02 6.219548951975212292e-01 7.808574091251135885e-01 5.143084179146458768e-01 -6.892133704761305157e-01 5.103643612352515291e-01
-8.003931255065332984e-02 -6.609548977804015069e-01 7.461449802461432856e-01 -3.986151847010799831e-01 -6.648638380979233764e-01 -6.317135516319261068e-01 9.136189812893241724e-01 -3.479866375161511094e-01 -2.102514141166715311e-01
-1.335931298985973924e-02 5.066520794252624693e-01 8.620470980001595507e-01 -8.637150689416922544e-01 4.285326146436087003e-01 -2.652472014362458053e-01 -5.038033430213487707e-01 -7.481065890638646243e-01 4.318781343848552279e-01
-7.796201084094616096e-01 -4.877419017395701606e-01 3.928107990510023573e-01 -6.259947156423512071e-01 5.889348424399811766e-01 -5.111617819712716004e-01 1.797505358743022724e-02 -6.444094883283935093e-01 -7.644692987954893049e-01
6.317174570594821237e-01 -7.750607959825532856e-01 1.462248190946013014e-02 7.414500911471533229e-01 6.096129533973595471e-01 2.803993747996365582e-01 -2.262406170080419610e-01 -1.662913394649282450e-01 9.597720425365496855e-01
6.046985040874488515e-01 -2.995342472334979744e-01 7.379830308947918915e-01 -4.644113277107141391e-01 -8.853662963983562895e-01 2.118112121276074372e-02 6.470408316701298235e-01 -3.555358715180787499e-01 -6.744867724540689613e-01
4.957074889334949219e-01 -8.153850086853514645e-02 8.646534324753251122e-01 -6.019857314572137907e-01 -7.498767996637868416e-01 2.744047456731040779e-01 6.260089971695083078e-01 -6.565335164346975949e-01 -4.208045594580904214e-01
-2.688237921484273180e-02 -8.185239463907080237e-01 5.738430855841436529e-01 -7.504797152859353504e-02 -5.707779670633793545e-01 -8.176676062339999218e-01 9.968175056935911771e-01 -6.504661021127407239e-02 -4.608469206612705871e-02
-4.492467597065217810e-01 4.514751623645355538e-01 7.709393793685123120e-01 -8.386004565806732813e-01 -5.106832252244229986e-01 -1.896099092797317309e-01 3.081016441304351150e-01 -7.316917528866220266e-01 6.080300614622811128e-01
-9.404344983810237757e-01 -3.213490955494262002e-01 1.109851929060720332e-01 9.991109710657102017e-02 -5.732675180791150238e-01 -8.132540349671639746e-01 3.249626546694153184e-01 -7.537234980448584976e-01 5.712268914934147679e-01
-2.021694212867438112e-01 -9.732007283429444655e-01 1.095804154461279684e-01 5.773211392191229807e-01 -2.088116873427277032e-01 -7.893655562791026536e-01 7.910928057486791287e-01 -9.632248741517145108e-02 6.040646911638165584e-01
4.952816650776292740e-01 -8.646441809656324473e-01 8.418142645621023989e-02 8.581127748319958837e-01 5.020300663912966588e-01 1.077417194464749955e-01 -1.354198578793515961e-01 1.887465923987710972e-02 9.906085045720710580e-01
6.473502039705640865e-01 6.242621831540516864e-01 4.373036017494104644e-01 1.252599844940738560e-01 -6.530775162354995889e-01 7.468598891841866649e-01 7.518295350036563462e-01 -4.287032592264822251e-01 -5.009649347257528751e-01
6.537158140069310175e-01 6.355573582724846071e-01 4.107584191017366049e-01 7.051264244487422950e-01 -7.086129192542612865e-01 -2.577704812592550299e-02 2.746859298569707675e-01 3.064874793717602408e-01 -9.113797588968916008e-01
6.385081035600904675e-01 -1.967646757551419767e-01 7.440370044984799813e-01 7.059588139957085895e-01 -2.352464332004293446e-01 -6.680428643494733532e-01 3.064792890716596108e-01 9.518102636772993730e-01 -1.129899679973140995e-02
-2.888100967564845578e-01 6.159267843866417236e-01 7.329549265041074291e-01 4.861663667003950917e-01 -5.651723828836680008e-01 6.665001436721028627e-01 8.247611726438430768e-01 5.488300045558079931e-01 -1.362153963339861329e-01
7.796823468945497382e-01 6.049424661616606969e-01 1.616788501173096193e-01 -2.012358494318271240e-01 -2.431353990173764842e-03 9.795398008356913655e-01 5.929583213384043150e-01 -7.962654715307092568e-01 1.198404272502361784e-01
3.849920072892674683e-01 9.166866551433372479e-01 1.070828212436610444e-01 9.206074914990255431e-01 -3.732255050140176333e-01 -1.148240784979506351e-01 -6.529166041121109432e-02 1.427875999138314700e-01 -9.875974384290366892e-01
6.321344393197037004e-01 3.952258422789970971e-01 6.664852468140776143e-01 7.704392628300884560e-01 -2.288533328973912928e-01 -5.950205830990944467e-01 -8.264014106833714179e-02 8.896194049235962575e-01 -4.491635798543690550e-01
-5.237256184926081942e-02 9.972769020537713969e-01 -5.192201262834953562e-02 -2.607717414514802989e-01 3.653183034682831731e-02 9.647090360475915061e-01 9.639788450094265437e-01 6.406407730970384296e-02 2.581483689135933290e-01
-1.841790081833532822e-01 9.751033535681745690e-01 1.234971368279283305e-01 -2.329869987318427815e-01 -1.653778000246255986e-01 9.583147925817189217e-01 9.548796528183667309e-01 1.477282407636222317e-01 2.576455229852844253e-01
8.774340867426050350e-01 2.743987723305764126e-01 3.934650393181627348e-01 -4.766460983258677953e-01 5.910869634279208862e-01 6.507109178554536522e-01 -5.401777830398135638e-02 -7.584995157605786131e-01 6.494309541576146483e-01
8.214637514510100269e-01 5.331442464534986714e-01 -2.023722251831133745e-01 1.948627152094251913e-01 7.108437922331475867e-02 9.782512628418358336e-01 5.359345363691765396e-01 -8.430327535178968601e-01 -4.549669463586131224e-02
8.537911525833763449e-01 2.109728747110605485e-01 -4.759528484067536147e-01 1.167641265689951385e-01 -9.685200788557789542e-01 -2.198522130881910841e-01 -5.073527436773457300e-01 1.321336557783327204e-01 -8.515479378718046055e-01
6.588969777349055201e-01 -3.074519446090406283e-01 6.865333746351497402e-01 5.775886126428178002e-01 7.914770495235665670e-01 -1.998886555630782214e-01 -4.819192538975305418e-01 5.282398904225136249e-01 6.990825780186903371e-01
1.162441295430430843e-01 7.680734674598359568e-01 6.297225189962675218e-01 2.401366726560782427e-01 5.934766670912744457e-01 -7.681925696489784183e-01 -9.637539524133991176e-01 2.405173469886465742e-01 -1.154544282610898143e-01
-9.298981438011947320e-01 7.503802543406827563e-02 -3.600815697783612546e-01 1.758679348205531567e-01 9.505194015130458141e-01 -2.560924380945985845e-01 3.230478473183906463e-01 -3.014666848695525259e-01 -8.970830096801053477e-01
-9.799775521791044275e-01 -6.728058503823150516e-02 1.873961581835764945e-01 -9.061745824637133795e-02 9.887644017079868508e-01 -1.188841207900141334e-01 -1.772920570302515819e-01 -1.334851332244938182e-01 -9.750637136731229448e-01
2.204176813782024735e-01 6.072904522351156853e-01 7.632917871691834444e-01 4.184242626112012059e-02 7.759305745815432420e-01 -6.294290705028955379e-01 -9.745076998671894364e-01 1.706752766326305182e-01 1.456183121929899849e-01
-3.708873951234324395e-01 9.065061177756087440e-01 2.017156379013543277e-01 8.377021854000908929e-01 2.328077562589893068e-01 4.940198348260593786e-01 4.008710375101532386e-01 3.522033603772832255e-01 -8.457276182226065586e-01
5.790743190067658697e-01 -7.459684335734426686e-01 3.289438085430922976e-01 7.998830471636686479e-01 4.418137111950554696e-01 -4.061868479655841857e-01 1.576706818879614613e-01 4.983289482982466434e-01 8.525304776727625766e-01
-7.344899050617953451e-01 1.330784481647276103e-03 -6.786183083110702841e-01 -6.745461932873535460e-01 1.079709516843672112e-01 7.302942603594203552e-01 7.424292884750414989e-02 9.941531585249007152e-01 -7.840589844590112323e-02
-6.086151468544517273e-01 3.047440706976332625e-01 -7.326108478544186564e-01 -7.071107589190785969e-01 2.105702528597113710e-01 6.750218835204400136e-01 3.599749680744749880e-01 9.288655553874485271e-01 8.733156573970068948e-02
2.256287430462788901e-01 5.593478738707221565e-01 -7.976350207379683255e-01 -9.479012189516747844e-01 3.150475181314913997e-01 -4.720530085824050509e-02 2.248887489877730295e-01 7.667300811338306765e-01 6.012903069759432118e-01
-7.990715692004198845e-01 4.725133593260762987e-01 -3.717737921827804493e-01 -6.011092178906919381e-01 -6.405544725477421153e-01 4.778678435152602932e-01 -1.234242530541120909e-02 6.053272610394072606e-01 7.958810034044727644e-01
-5.251177528313460963e-02 -9.299643458917901118e-01 -3.638802396760079105e-01 4.605558729590744638e-01 -3.458701266127930940e-01 8.174730230409782417e-01 -8.860760697251216511e-01 -1.246602217505884957e-01 4.464627955088486533e-01
-2.288372151599350757e-01 -5.733564790102907427e-01 -7.866993561296259374e-01 -7.507987357652952110e-01 -4.104430447529783810e-01 5.175304487536350750e-01 -6.196247149130513776e-01 7.090831086627482627e-01 -3.365506762407308172e-01
-3.532783411249637486e-03 4.981013319047298826e-01 -8.671116321420808681e-01 -9.758014964407940584e-01 -1.912958721827482389e-01 -1.059118918240473939e-01 -2.186297303325332453e-01 8.457546644509715827e-01 4.867238319356758103e-01
-4.055204479873328327e-01 -6.897324312198277463e-01 5.998519313861871982e-01 8.660573331585373902e-01 -7.999485012656665228e-02 4.935033126895406186e-01 -2.924001743270260856e-01 7.196318484314147002e-01 6.297873774352030773e-01
-7.966807686621564244e-01 2.664994142272332778e-01 5.424737920493651888e-01 -2.170436626785521642e-02 -9.095763699831515003e-01 4.149695743704401862e-01 6.040104910751027401e-01 3.188242296074982884e-01 7.304262024916683416e-01
7.595914677760384759e-01 -3.584840105934741228e-01 -5.426877704819424997e-01 -4.149572317118156023e-02 8.059791625534050707e-01 -5.904876751365879528e-01 6.490754247699911383e-01 4.710486213529658794e-01 5.973393418159617108e-01
-8.335216316241599310e-01 6.735299129077369773e-02 -5.483659947323351602e-01 4.236235565902518596e-01 -5.592355351134041808e-01 -7.125999568960487141e-01 -3.546614891927568070e-01 -8.262682317689633571e-01 4.376026019723453508e-01
-4.657180068693991815e-01 -4.104505882406414008e-01 -7.839879161635756599e-01 8.330480796623012107e-01 -5.022399903424968892e-01 -2.319178498342052142e-01 -2.985592655546742136e-01 -7.611079468207385679e-01 5.758272816025421514e-01
3.424565596446125793e-01 7.168350226133468617e-01 -6.073475570966745396e-01 -8.114493581843775782e-01 5.515014044412507310e-01 1.933808160120588648e-01 4.735751723417704340e-01 4.266072564481887541e-01 7.705405926278068307e-01
9.095659037666291580e-01 4.138745385153687617e-01 -3.738626852048311522e-02 -2.242350989910762149e-01 5.645539672748226545e-01 7.943534719598831506e-01 3.498692428403181731e-01 -7.141335200107535863e-01 6.063042375832398134e-01
-4.444518164072649991e-01 -8.894386345360341117e-01 -1.065903292374980049e-01 -7.307940991199000091e-01 4.288224877029182536e-01 -5.310849825892416387e-01 5.180758318854653544e-01 -1.581461015483985877e-01 -8.405874392240386683e-01
4.911707532305228940e-01 -7.443776559277532900e-01 -4.523861144271170143e-01 -3.731823838089633472e-01 2.894491355157081669e-01 -8.814500021917687222e-01 7.870744561892607516e-01 6.017649900955629461e-01 -1.356196781800732554e-01
1.522074383674303921e-01 -9.416410048577108505e-01 -3.002417587148488720e-01 -8.220418576130944510e-01 -2.892653451075012372e-01 4.904821550799284280e-01 -5.487076453245732788e-01 1.721562606773242576e-01 -8.180966580251769482e-01
4.393857846692800218e-01 -4.897591581978347208e-01 7.530445532582448198e-01 -6.537983211580664644e-01 4.005278230266386963e-01 6.419697954206533552e-01 -6.160258821522478501e-01 -7.744116669723474233e-01 -1.442174835990941151e-01
-7.914997436451796098e-01 -5.329684415386826135e-01 -2.991200363289677755e-01 -5.246266453480480374e-01 8.435536434588384314e-01 -1.148221825178947636e-01 3.135203961474733458e-01 6.604461318795883107e-02 -9.472819381094439439e-01
-6.548638167649705188e-01 7.903928819268127293e-02 7.516024031454459076e-01 -2.205009982156237031e-02 9.920943701272585402e-01 -1.235417089879278091e-01 -7.554251614752279798e-01 -9.747590309298485856e-02 -6.479438816181019023e-01
-2.386248542135906703e-01 2.990607146438148400e-02 9.706512277028810365e-01 -2.979147983290478252e-01 9.490755940192617812e-01 -1.024806800013953884e-01 -9.242861850574776161e-01 -3.136258020739892682e-01 -2.175635640113979252e-01
3.559272602093418447e-01 -3.161237167950821658e-01 8.794211625379131370e-01 -1.228900374858628471e-02 9.393822044792421444e-01 3.426515056067705456e-01 -9.344328578484057957e-01 -1.327662215602381512e-01 3.304668887889962159e-01
4.155083723517567079e-02 -9.283772703694231909e-01 3.693090464454880650e-01 -7.297266406759875812e-01 -2.806779889057602340e-01 -6.234732523786054026e-01 6.824753166326196219e-01 -2.435888142038490911e-01 -6.891240322191416467e-01
4.446148269153074040e-01 -5.254381264669629598e-02 -8.941794022675875198e-01 -7.996435604670151798e-02 9.919635922346465851e-01 -9.805066773343350250e-02 8.921453678908541907e-01 1.150972607557829985e-01 4.368400887251625009e-01
-8.931179188440548922e-01 3.921840132338947349e-01 2.202999836664098487e-01 -3.670700733655328785e-01 -3.523488599784264097e-01 -8.608773676379962714e-01 -2.599998928443749691e-01 -8.497305341316503391e-01 4.586480950415625646e-01
-5.129662112255650719e-01 5.722154604544896772e-01 6.398711846596510933e-01 -7.300380152599771355e-01 1.013167872116667451e-01 -6.758545737837241552e-01 -4.515641287969655582e-01 -8.138208497242882533e-01 3.657669505817541244e-01
-6.090184512278484785e-01 -6.744780388485188682e-01 4.173438644272714493e-01 -2.603957884674422130e-01 -3.269904390946606343e-01 -9.084444320315363530e-01 7.491932724020230472e-01 -6.619340056619973378e-01 2.351197005381032087e-02
-6.055227098887818737e-01 -7.772472858859799105e-01 1.709646290664358914e-01 3.145295544775415786e-02 -2.380311539052429037e-01 -9.707481039714371818e-01 7.952062370244260547e-01 -5.824326796750133317e-01 1.685799936055160653e-01
-4.104468869920010338e-02 9.933527478197072824e-01 1.075437210097480029e-01 -9.494991894972815150e-01 -5.267732528609985442e-03 -3.137252621929136343e-01 -3.110733397023781599e-01 -1.149894316580605674e-01 9.434038413814970214e-01
-5.857880988150564461e-01 3.300206563143561755e-01 -7.402287955034466682e-01 5.957080719927183576e-01 -4.439582636620817979e-01 -6.693526373212163039e-01 -5.495308874388774578e-01 -8.330590774560898693e-01 6.346949833304808830e-02
-5.992733890038232092e-01 1.499348164549706430e-01 -7.863783796916636870e-01 6.716118672230582121e-01 -4.404258566327673985e-01 -5.957873484847178158e-01 -4.356706382544383582e-01 -8.851805553806000315e-01 1.632374936681612876e-01
8.593962309955716083e-01 2.730376157545242460e-02 -5.105806721316792363e-01 4.369627220121496958e-01 4.793369668400824235e-01 7.611173705758412789e-01 2.655215579239076917e-01 -8.772061199195893000e-01 4.000096567000356873e-01
-3.607760238278262532e-02 -2.352192737668437894e-01 -9.712725157518403707e-01 -4.454566289556310954e-01 -8.662246577913310652e-01 2.263255044262066085e-01 -8.945763233653097890e-01 4.408250622218411463e-01 -7.352867597961215695e-02
3.636635604908508568e-02 -9.473954631537478965e-01 3.179926485681811021e-01 4.173261397537068595e-01 3.035261853461060921e-01 8.565691728561743989e-01 -9.080288438293030451e-01 1.015563449762582338e-01 4.064110327846460757e-01
-9.753416879366169079e-01 1.726308276327799818e-01 -1.375034149531298155e-01 -2.202908778233671483e-01 -7.235642626816534140e-01 6.541610557941874848e-01 1.343580741011278848e-02 6.683212963244375970e-01 7.437513858531372701e-01
3.655251498380017172e-01 4.334135375430099302e-01 -8.237378650458898610e-01 -8.896591094163470714e-01 4.228798559639247445e-01 -1.722768018406492796e-01 2.736750516002848799e-01 7.958173992156646337e-01 5.401635245341888103e-01
1.252334195866460498e-01 4.665105200484687686e-01 -8.756052337113697792e-01 -9.612329247255959608e-01 -1.614740679266502554e-01 -2.235114981621672270e-01 -2.456580042296851729e-01 8.696516889372013503e-01 4.282033219004276470e-01
1.382996454332154901e-01 5.124144516171129649e-01 -8.475285469215655398e-01 -9.649793242697274342e-01 -1.228866419024279705e-01 -2.317623286340659283e-01 -2.229083035801655288e-01 8.499001723825438948e-01 4.774741722639402886e-01
3.461840766374937317e-01 -2.663299992541388050e-01 8.995692950406524169e-01 6.460516372335514124e-01 7.629549366088886897e-01 -2.273866161353002222e-02 -6.802748467424720724e-01 5.890399784406974426e-01 4.361857823085126817e-01
-5.936891971352462605e-01 3.950582130357801480e-01 7.010436117089172692e-01 -7.250454198455033583e-02 -8.939105211754695413e-01 4.423427082290506962e-01 8.014213801718280683e-01 2.117852413289855462e-01 5.593485344208080079e-01
-3.845275064488112293e-01 -5.778542530764285701e-01 7.198771138088377874e-01 5.022950667431471672e-01 -7.852591697109940760e-01 -3.620327365174280665e-01 7.744922612329688816e-01 2.223791775015882266e-01 5.922070910618687511e-01
2.712937674856772535e-02 -6.951684049883866123e-01 7.183348005095792077e-01 8.480289441783998017e-01 -3.644571719203563709e-01 -3.847309185281118094e-01 5.292550488685988652e-01 6.196062124783113800e-01 5.796354325827388632e-01
2.868810385577815758e-01 -9.135014149483383639e-01 2.884691224436214396e-01 9.576503667422082700e-01 2.657430041166497503e-01 -1.108441736924978133e-01 2.459765831381466317e-02 3.080516525689196428e-01 9.510515940552513037e-01
4.668515929351493843e-02 -8.255877265228401818e-01 5.623392229931925002e-01 9.969628858084564893e-01 7.363886199196585658e-02 2.534407869706569588e-02 -6.233378074699125887e-02 5.594481422074584209e-01 8.265181643245415044e-01
7.823425292717359758e-01 2.015896741702002948e-01 -5.893231457873139290e-01 -6.118534193289731915e-01 4.257389831286636506e-01 -6.666196152979713130e-01 1.165142057782938834e-01 8.821042577340413304e-01 4.564170443129061394e-01
3.390181383264269099e-01 6.140628672469595761e-01 -7.127366252369294886e-01 -5.622879457155073313e-01 -4.751372477095887614e-01 -6.768137572050322293e-01 -7.542539147984045345e-01 6.302153528020402184e-01 1.842000029964200314e-01
6.867788655877418158e-01 7.129571202062089386e-01 1.415165521389070979e-01 -7.053768406010838543e-01 6.067292109996407223e-01 3.665012650229013125e-01 1.754374604400315840e-01 -3.515278214694012582e-01 9.195922401843814598e-01
4.956378757021770998e-01 7.879282451304676638e-01 -3.653931809640885708e-01 -7.616981551446132537e-01 5.964805278940304989e-01 2.530353735993278175e-01 4.173236353463892212e-01 1.529053967944904169e-01 8.958018324453200787e-01
-7.877704857796324900e-01 4.972981773110453640e-01 -3.634723986462169432e-01 2.975205082714906801e-01 8.238804486924257153e-01 4.823925304357870592e-01 5.393507290181370761e-01 2.718741052499857869e-01 -7.969851077668415051e-01
-5.813744185423521671e-01 3.733240548743263498e-01 -7.229335623117335574e-01 2.016113974611282167e-01 9.269113844843787087e-01 3.165250854624703791e-01 7.882617775068847532e-01 3.826794174559217110e-02 -6.141489516039597696e-01
-9.501240661841963142e-01 -2.103609616263260873e-01 2.302444889270020556e-01 -1.952599861172923945e-01 9.769044093357136527e-01 8.678313685224478546e-02 -2.431826405792234524e-01 3.749721115080497519e-02 -9.692554681180954868e-01
1.976115263455219817e-01 -6.930856332235140194e-01 -6.932402106590140889e-01 -2.534968419909525705e-01 6.470007928834485833e-01 -7.191170454862014783e-01 9.469366587876971719e-01 3.178400211228132322e-01 -4.784020502299935612e-02
-1.259689548518287162e-02 -8.831250575898800248e-01 -4.689684966828869261e-01 -9.251493643301446079e-01 1.882457548944299897e-01 -3.296394840484919153e-01 3.793942170139986692e-01 4.297134724686878515e-01 -8.193938977532340129e-01
1.946380048016461695e-01 -4.495661341194207017e-01 -8.717834238730131080e-01 -8.531500647284252503e-01 3.609603974591065190e-01 -3.766199125378896229e-01 4.839948492915168710e-01 8.170666328513747079e-01 -3.132907648498420294e-01
1.946380048016374542e-01 -4.495661341194199245e-01 -8.717834238730153285e-01 -8.531500647284391281e-01 3.609603974590902542e-01 -3.766199125378743018e-01 4.839948492914963318e-01 8.170666328513823684e-01 -3.132907648498537423e-01
3.444141351939074003e-01 -3.693583200830371505e-01 -8.631067922708461904e-01 -4.757108189876427251e-01 7.239288522992933794e-01 -4.996260937008136227e-01 8.093689641793408995e-01 5.826675280072373120e-01 7.362358065997753886e-02
4.306440937525278234e-01 -6.369669689625810649e-02 -9.002712898457723156e-01 -4.007352034250614148e-01 8.802887994633582514e-01 -2.539742630174053883e-01 8.086760545805340428e-01 4.701429148076844977e-01 3.535656634971720003e-01
6.525657790846638440e-01 3.669026835788978813e-01 -6.629783742704046245e-01 -6.132501115028746730e-01 7.696442287952232064e-01 -1.776852887098921974e-01 4.450642703131056921e-01 5.225229008041744061e-01 7.272465973972332964e-01
-1.609320279997289160e-01 9.638233670234501727e-01 2.124744679802124947e-01 9.004267637136731395e-01 2.315320365290130800e-01 -3.682723981631653709e-01 -4.041441890612999521e-01 1.320508736824854978e-01 -9.051132753460623404e-01
-1.529338734478295769e-01 6.563312479504834762e-01 7.388102079126984689e-01 6.074259383573766824e-01 6.521375095470453020e-01 -4.535971759749374832e-01 -7.795158495905673002e-01 3.794021107025351558e-01 -4.984065395152409983e-01
5.938811894514686163e-01 1.355485370441235904e-01 7.930521590166100809e-01 5.916265383453491733e-01 5.944266934532597135e-01 -5.446420340331101784e-01 -5.452368035461361284e-01 7.926433625631532642e-01 2.728247200005343154e-01
-1.303308596814239384e-01 1.007520756835457998e-01 9.863381196426296293e-01 8.480350656131390163e-01 5.267288086564133609e-01 5.825194951171095564e-02 -5.136636978658510877e-01 8.440413386658575101e-01 -1.540903115641182319e-01
2.976000127467230347e-02 8.922015236700809870e-01 4.506559480190162059e-01 -3.419854502983541485e-03 -4.507621211206697120e-01 8.926375606918932615e-01 9.995512227591489829e-01 -2.810607271714016600e-02 -1.036348190083319354e-02
2.960060969282376497e-01 2.696825594268716930e-01 9.163251102759777389e-01 4.407927582729259108e-01 -8.896276927915592880e-01 1.194332971683911421e-01 8.473972709629511435e-01 3.685564886952056307e-01 -3.822093402903755655e-01
1.864384690414366275e-01 8.480703499281848357e-02 9.787995014696385665e-01 7.815559857213356665e-01 -6.164892054372355101e-01 -9.545313385383238924e-02 5.953242296804635014e-01 7.827827453355707954e-01 -1.812187494722057035e-01
7.002567984325142048e-01 -7.101801870729880228e-01 -7.269469126436357842e-02 4.077605075387942257e-01 4.814774246506233757e-01 -7.758291423010020837e-01 5.859793381517395261e-01 5.136376071130102083e-01 6.267412734282548081e-01
-8.421962406811764890e-01 -3.766784387794667732e-01 3.857704575795790070e-01 4.036522693966377862e-01 -9.148332929763282051e-01 -1.203708739819716114e-02 3.574497693291159850e-01 1.455795309126640402e-01 9.225162668407591582e-01
5.841184713654533622e-01 2.319672595398604431e-01 7.778154034931769045e-01 -6.728367060981267356e-01 6.743693465006154186e-01 3.041656644451442015e-01 -4.539783897243452881e-01 -7.010115369962893750e-01 5.499876786450680344e-01
6.005066876633171624e-01 1.512601860767107398e-01 7.851828285053553680e-01 6.977310304515532691e-01 -5.787750660790447199e-01 -4.221265592570683789e-01 3.905933015511723894e-01 8.013362459000817895e-01 -4.530972233308416808e-01
6.431289875114442056e-01 7.634570546894904330e-01 -5.931636424591098244e-02 6.720439382372623838e-01 -5.255950298641614005e-01 5.216385814533301968e-01 3.670722687715004540e-01 -3.753440957667241173e-01 -8.511020851061309456e-01
8.408534115165217093e-01 5.398470778670115822e-01 3.912381448013228791e-02 1.236433070481223473e-01 -2.619490254634461723e-01 9.571285392678220427e-01 5.269514901423382192e-01 -7.999673996965125378e-01 -2.870092097121094143e-01
6.132926643190727001e-01 5.402509795108383361e-01 -5.761952681426613099e-01 -3.586453843817356546e-01 8.404295250353458480e-01 4.062655556536142187e-01 7.037368799161306532e-01 -4.250991162591164635e-02 7.091877827906137854e-01
-3.201765801980960835e-01 -6.419117220806883628e-01 6.967325875456503725e-01 -3.071007705865494986e-01 -6.254079337143251260e-01 -7.173242175978209456e-01 8.962009117367600863e-01 -4.436375294117749779e-01 3.109388945891922336e-03
6.921063614876322712e-01 -3.177871283388795653e-01 6.480741666279250524e-01 6.312337773234231175e-01 7.019179200334930702e-01 -3.299320413386035433e-01 -3.500467151029333368e-01 6.374343688553225640e-01 6.863998271034621457e-01
8.833622869822692625e-01 -4.653756016370972914e-01 -5.564727610913315636e-02 -4.505171036406573903e-01 -8.758450598607356863e-01 1.730022267046815443e-01 -1.292494072121392612e-01 -1.277535929766933920e-01 -9.833481632752747448e-01
9.653714309241002711e-01 -7.873138551393575602e-02 2.487154383841340133e-01 -2.455558837172048536e-01 -5.961602579363846077e-01 7.643920818723114463e-01 8.809261221815747889e-02 -7.989958171306528190e-01 -5.948490362102822893e-01
9.833506566015823847e-01 -8.983246992658631969e-02 1.579607973774700691e-01 -1.816566004929116018e-01 -4.633326430851569255e-01 8.673659788976516571e-01 -4.729234461925094224e-03 -8.816195263256206838e-01 -4.719371199034809727e-01
6.873682708434675215e-01 7.012826831970240260e-01 1.890170851686273912e-01 4.915263848962532212e-01 -2.575493574896527971e-01 -8.319075317650920232e-01 -5.347211172082899644e-01 6.647337261675908548e-01 -5.217301985766863437e-01
2.338343141358251442e-01 6.840239992532805013e-01 -6.909650367262998305e-01 7.866235558421945662e-01 -5.507807433001601360e-01 -2.790411335339393895e-01 -5.714410686385875682e-01 -4.782799820766824861e-01 -6.668608279228264157e-01
9.128986495724902284e-01 3.609741730733055376e-01 -1.905615438192276023e-01 1.075689942005990662e-01 2.375972765701498679e-01 9.653892715651647416e-01 3.937574978275277249e-01 -9.018010759255565834e-01 1.780726041931026404e-01
4.676723479073827683e-01 1.905089722836914370e-02 -8.836965759340648097e-01 -8.312568638972275270e-01 3.493597215345505824e-01 -4.323884956761080423e-01 3.004906008955059993e-01 9.367949873286554041e-01 1.792220703188152353e-01
-2.451219011333921616e-01 -9.505911944294713756e-01 1.905036342380448666e-01 -9.694465272838983516e-01 2.422404049436195361e-01 -3.863957750728212043e-02 -9.417235366157806695e-03 -1.941544933446106846e-01 -9.809257608974065734e-01
-4.919900875860321390e-03 -9.161036720164126290e-01 4.009112828212957336e-01 -8.550779451388996755e-01 2.117220124942831294e-01 4.733027542307436386e-01 -5.184761347568553891e-01 -3.404817932627469124e-01 -7.843816967167039911e-01
7.432304118554913241e-01 -2.081464993689841059e-01 -6.358329888371272443e-01 -6.688280980175416168e-01 -2.074932520121915147e-01 -7.138736062298723928e-01 1.665923753821364067e-02 9.558355429517374491e-01 -2.934295224322233109e-01
3.387171091710883958e-02 -7.408145160561587783e-01 -6.708550961273435087e-01 1.436971405594202889e-01 -6.606560080970800275e-01 7.368071462467482569e-01 -9.890418792925779190e-01 -1.213568777025439555e-01 8.407537832026547309e-02
-2.567387982613992814e-01 -2.271138531305338937e-02 -9.662139423773882241e-01 -1.788134177786071533e-01 -9.813481123140485041e-01 7.058076281811573316e-02 -9.497952153436164391e-01 1.908928375681386569e-01 2.478890346012878332e-01
6.457289852073702097e-01 8.081626489631377197e-02 -7.592778206896796389e-01 -7.243682263650061959e-01 3.793448473448808866e-01 -5.756632343876967317e-01 2.415051765405355211e-01 9.217191644536302242e-01 3.034946977840419780e-01
6.537999512859420381e-01 6.295322349434302744e-02 -7.540441070323218309e-01 -7.278667424524090102e-01 3.246468042785772279e-01 -6.039987232630761316e-01 2.067743430172583885e-01 9.437379636972217378e-01 2.580756225341762633e-01
5.676221153545442100e-01 -3.247124100377574152e-01 -7.565493935810826409e-01 -7.614473791240961020e-01 1.423649654919785790e-01 -6.324002731067667193e-01 3.130543450991822296e-01 9.350369336918938901e-01 -1.664419107273856224e-01
8.892499612919932961e-01 -1.530683528774343660e-01 -4.310505604793685719e-01 -3.710234384805365382e-01 3.097949446656940165e-01 -8.754248684825324256e-01 2.675371272183882931e-01 9.384013915201578904e-01 2.186931959452858565e-01
8.698915493822313716e-02 -8.646935714915880977e-01 -4.947099294983434148e-01 9.582886233526107800e-01 -6.307673893129288334e-02 2.787548014990078316e-01 -2.722421739482913661e-01 -4.983235419152056145e-01 8.231390200306342164e-01
-5.037554090296574305e-01 6.636155866080697407e-01 -5.530324050941227698e-01 4.181289128843191927e-01 -3.728898907513277794e-01 -8.283244180788348343e-01 -7.559091877226655765e-01 -6.485117443703624085e-01 -8.963156436306228547e-02
-7.552726698122805282e-02 9.558591723508322868e-01 -2.839522399544133768e-01 -5.030715282392124177e-01 -2.823946872508503736e-01 -8.168061447415524423e-01 -8.609382494798391017e-01 8.115715153501144863e-02 5.021940335540773237e-01
-3.781945394944920963e-02 2.759369221065079425e-01 -9.604314155218749427e-01 9.583303363867747005e-02 -9.556875105962955308e-01 -2.783476454972516612e-01 -9.946787011726819783e-01 -1.025680121121715083e-01 9.699707458674333010e-03
-1.310529481103278604e-01 -6.086007123363216254e-01 -7.825792597145123652e-01 9.798493625301045729e-01 -1.995390803040275607e-01 -8.909667826072444410e-03 -1.507327155628130078e-01 -7.679774269958363764e-01 6.224872047551784915e-01
-6.990492878359216844e-01 6.020990774483603314e-01 -3.857548367965384917e-01 4.022811306285934418e-01 -1.148644920717164647e-01 -9.082819168084804717e-01 -5.911852375662569603e-01 -7.901157189911744982e-01 -1.619171562459909564e-01
1.551433679189348769e-01 9.784935532152937432e-01 -1.359444802368946215e-01 -6.949577350901228190e-01 1.029863903229502609e-02 -7.189768316660068992e-01 -7.021141515659523602e-01 2.060201552037854988e-01 6.816094290872385386e-01
1.075970732624155490e-01 9.558158908040452761e-01 -2.735669071942579689e-01 -5.889728773139184526e-01 -1.604008688223567680e-01 -7.920748140608923071e-01 -8.009580635800642723e-01 2.463484202658956512e-01 5.456909713551904018e-01
2.303577265743113334e-01 9.643917698756370172e-01 -1.299378005187524776e-01 -5.593224140818306989e-01 2.195170900407656528e-02 -8.286594955574175803e-01 -7.963000407592532026e-01 2.635652417674543280e-01 5.444626786280907238e-01
-9.710323276420376182e-01 -2.564359445800021894e-03 -2.389343900210248728e-01 2.133136596442556931e-01 -4.598899828245196497e-01 -8.619735995416782925e-01 -1.076731223809412608e-01 -8.879721998791942905e-01 4.471150533793770143e-01
4.947261400466348436e-01 -6.325746023300472531e-01 -5.958988327237603189e-01 8.539411785688951761e-01 2.265483554071437422e-01 4.684659071978288236e-01 -1.613397344082468932e-01 -7.406248815353836390e-01 6.522608948509602822e-01
-9.253817142727827072e-01 3.561734238833414584e-02 -3.773593616312680421e-01 -2.068412682241393685e-01 -8.817232725660416603e-01 4.240056136124373820e-01 -3.176245781563440396e-01 4.704205305220234279e-01 8.232977297517483084e-01
-2.907022350737276106e-01 8.053039021951018395e-01 -5.166989797091547931e-01 -8.385898346347600008e-01 -4.744643986297719662e-01 -2.676763412782969254e-01 -4.607160728370411906e-01 3.554844012642907058e-01 8.132475273171041463e-01
-5.875494285990123799e-01 -6.070446408004436245e-01 -5.350537104146035894e-01 7.892933835369824180e-01 -2.842152763202163701e-01 -5.442771641461406906e-01 1.783300974533345296e-01 -7.421040902607148881e-01 6.461268416964280892e-01
-3.916260825181742122e-01 -7.914275748298794655e-01 -4.693308058186296261e-01 8.902684424624998094e-01 -1.970389029978109330e-01 -4.106065891590328087e-01 2.324889499457203634e-01 -5.786346554643226892e-01 7.817485680503812873e-01
-8.169133698734005744e-01 -2.224498996527400629e-02 5.763312472385387908e-01 -3.946718561126562053e-01 -7.071063753987547607e-01 -5.867151778018241393e-01 4.205789725065622320e-01 -7.067571961373155798e-01 5.688651805071602841e-01
-6.579481681366686763e-01 -4.844525833840448992e-01 5.765499999983757506e-01 -2.952534102854902434e-02 -7.484227949380056755e-01 -6.625643925342892260e-01 7.524841940418083297e-01 -4.529558637104824648e-01 4.781197791846109046e-01
-3.539783754442935026e-01 -9.235733606813999463e-01 -1.473484209534795253e-01 7.957744667646998726e-01 -2.146523900883847424e-01 -5.662749769102478625e-01 4.913677927613659402e-01 -3.177052074943199633e-01 8.109384029430439789e-01
-9.949928012937829802e-01 9.865530711675520037e-02 1.601423589340139619e-02 -9.908632979991736922e-02 -9.946613406122869483e-01 -2.882215706969313423e-02 1.308528258513430229e-02 -3.026463066133058474e-02 9.994562659319321529e-01
4.895028536952411580e-02 -9.665640180781274182e-01 2.517098895929753000e-01 7.648076193101892573e-01 1.983586178634166308e-01 6.129626123707677676e-01 -6.423964313469706644e-01 1.625049466200358117e-01 7.489452365271419554e-01
-6.652931211540077383e-01 7.254826913891393447e-01 1.762382689427286209e-01 9.919729255348458397e-02 -1.480687938565109496e-01 9.839895982356402504e-01 7.399628099406193593e-01 6.721238701166988294e-01 2.654323123008982613e-02
-6.003349783019875652e-01 7.993818098101274083e-01 2.422056918896110800e-02 -1.392270621022428656e-01 -1.342862610467518147e-01 9.811131562019040908e-01 7.875365001100140816e-01 5.856243866496415595e-01 1.919123204895947510e-01
-4.181119953818334123e-01 8.829420762712958393e-01 -2.135313777119301204e-01 -2.391732648230909253e-01 1.197694393564002618e-01 9.635618458563607325e-01 8.763438301897753524e-01 4.539477627943404037e-01 1.610990997564166194e-01
-9.278633841663580517e-01 -1.945060639669787539e-01 3.181775155529179000e-01 2.302073469409360584e-01 3.724861636114538133e-01 8.990320546746025654e-01 -2.933839084506325023e-01 9.074257264361060837e-01 -3.008395473739048365e-01
-9.657477548270565482e-01 -3.625422706332966094e-02 -2.569375509078808961e-01 -2.331286620733734882e-01 5.560245588481488310e-01 7.978018030047316911e-01 1.139399006774109574e-01 8.303748075283607921e-01 -5.454313687860824489e-01
-2.983128327031296378e-01 7.487046974918571962e-01 -5.919887919532443865e-01 -4.404938746949012551e-01 4.422337807422269673e-01 7.812774344153999850e-01 8.467435268137026849e-01 4.938325213309299189e-01 1.978758213502333774e-01
-5.525313157282323306e-01 6.809516552660805910e-01 4.806391456488058322e-01 7.844389420492883236e-01 2.299357660125448954e-01 5.760078903147231033e-01 2.817173962257603081e-01 6.952944604256605654e-01 -6.612117073715257920e-01
-1.364882463378557231e-01 -4.903465373480484502e-01 8.607736240861449950e-01 7.023078942846771033e-01 5.649142866335945534e-01 4.331691013711386207e-01 -6.986662867471419291e-01 6.636506024016222138e-01 2.672700838008705837e-01
-1.098163561885172890e-01 -4.979276995683827312e-01 8.602373939303122885e-01 7.145658828418438580e-01 5.620388417741037923e-01 4.165428422331613478e-01 -6.908950477402000523e-01 6.604395099778347378e-01 2.940810885934432295e-01
5.322974450747470776e-01 -7.865159074186793553e-02 8.428958163620641209e-01 5.051222544193664232e-01 8.285181420088915116e-01 -2.416799463183303687e-01 -6.793459634510191636e-01 5.544110529525075881e-01 4.807467590186111361e-01
7.111990540425493224e-02 -3.196813714000734663e-01 9.448522529131517800e-01 9.970860326312335209e-01 4.898905006478011803e-02 -5.847663213162706403e-02 -2.759352436708648743e-02 9.462578368254178640e-01 3.222339269218627011e-01
7.030392832355113475e-01 -7.101463241310100871e-01 3.778841821131432438e-02 6.111010492310932074e-01 6.304539852428235891e-01 4.786264515466091551e-01 -3.637186740550389374e-01 -3.134006554151667068e-01 8.772050816821503894e-01
-8.579145643544080491e-01 4.855008114141533548e-01 -1.681414951306932082e-01 5.081242222153289356e-01 8.502069821808538874e-01 -1.376875529922474972e-01 7.610765445507781946e-02 -2.035609234777746024e-01 -9.760996749134905892e-01
3.944550626178568997e-01 4.866102829081332959e-01 -7.794970404967611621e-01 -5.944326437983413758e-01 7.820107441531050085e-01 1.873740323951571252e-01 7.007531916174601916e-01 3.894478509340804639e-01 5.977251340212903497e-01
8.791965661572574975e-01 -5.485347303639134808e-02 4.732911308625309399e-01 4.749589540267062371e-01 2.213311370548369864e-02 -8.797295705315113512e-01 3.778081586128897995e-02 9.982490780228882032e-01 4.551250574632586393e-02
1.553784858658743551e-01 -7.414079209514573554e-02 9.850688651447333521e-01 -3.430464456711525556e-01 -9.391721662621470568e-01 -1.657643601184837640e-02 9.263782500914070628e-01 -3.353487514006432968e-01 -1.713608843686692251e-01
-1.710805720020969201e-02 -4.969553278670694740e-01 8.676074668208935137e-01 -1.352777492974901186e-01 -8.586051952269885268e-01 -4.944664288647213635e-01 9.906600047058725655e-01 -1.258273453338282222e-01 -5.253793146291322463e-02
-1.833340224808651941e-01 5.272086307864901622e-01 8.297226619932832614e-01 -9.828950224339908504e-01 -1.133254985998719960e-01 -1.451712996482963647e-01 1.749317225292839478e-02 -8.421451127871756315e-01 5.389671584922448577e-01
-4.934836167418587549e-01 -7.210354111576330327e-01 -4.863968090603776329e-01 -3.154426862083046373e-02 5.737036309552137059e-01 -8.184553151797484549e-01 8.691828801377483593e-01 -3.885512574751849857e-01 -3.058578774364025810e-01
-9.552598769985071181e-01 1.431105302826563286e-01 2.588396096408233649e-01 -6.068927927387447047e-02 7.616805566088502566e-01 -6.451042869685872372e-01 -2.894743145393294248e-01 -6.319510311774549915e-01 -7.189175998789685273e-01
-7.048707272043402972e-01 1.698917533120071488e-01 6.886900972767047158e-01 -4.162040486354725011e-01 6.871412245177337397e-01 -5.954923403938214843e-01 -5.743965945493287872e-01 -7.063807257597292111e-01 -4.136360990596594234e-01
5.901639114321424184e-01 -7.293988554200068197e-01 3.459535624257950026e-01 7.724735987869103537e-01 6.347173990425173384e-01 2.045391233728671015e-02 -2.345018055800718593e-01 2.551688324711424705e-01 9.380286616703138458e-01
4.382490299292272073e-01 -7.137454019149958029e-01 5.463563754650371251e-01 -6.452024983876409880e-01 -6.729965181501796900e-01 -3.616482028602953092e-01 6.258206802594796780e-01 -1.940185243808851268e-01 -7.554503877533098599e-01
6.001559275694430262e-01 -4.295266981679103924e-01 -6.747737977753985872e-01 -5.656860002472841042e-01 3.685037737676389313e-01 -7.377020522156887417e-01 5.655194176396522998e-01 8.244463501526233529e-01 -2.181751572767020794e-02
-5.265920761837401542e-01 -1.011352167677617292e-01 8.440808333505955829e-01 -5.048088316372070228e-01 8.360912616981823753e-01 -2.147543843860223733e-01 -6.840093777146450948e-01 -5.391874164344706566e-01 -4.913329839906380725e-01
-8.412558479975508208e-01 1.964275108208555498e-01 -5.036912061994377465e-01 2.368198245885397291e-01 9.714099527462334294e-01 -1.670551966909653019e-02 4.860092271673195907e-01 -1.333376792144066181e-01 -8.637222322077515724e-01
-8.156958754458304428e-01 5.559226774480495736e-01 1.599694204516978469e-01 5.464412941685492520e-01 8.312245805393053688e-01 -1.023113323862856056e-01 -1.898477042475394672e-01 3.958965300157812721e-03 -9.818055692374590970e-01
-7.577116468803363203e-01 3.665162859738246293e-01 5.399433973092386818e-01 3.040813280171829058e-01 9.303681527122852346e-01 -2.048161281980418191e-01 -5.774145877384767589e-01 8.995139503310252069e-03 -8.164015441754879365e-01
-2.118294645010745936e-02 -6.979455976361944591e-01 -7.158374295326748182e-01 2.885760100386497995e-01 6.812550152035828921e-01 -6.727670404308903063e-01 9.572226330430474439e-01 -2.208246974417072683e-01 1.869793672839691612e-01
4.681966969891474539e-01 -7.339518210111101171e-01 4.920432677752314965e-01 -4.537281555983714298e-01 2.781392166413910738e-01 8.466223107049645202e-01 -7.582365157032155967e-01 -6.196396538316354397e-01 -2.027907435107889067e-01
8.749321603031893213e-01 -4.798011464394528192e-01 6.545666308773601116e-02 -3.949335256047705189e-01 -7.852344297585553967e-01 -4.769008289730082839e-01 2.802163899927708757e-01 3.914048418161727994e-01 -8.765164143256396478e-01
9.743912504798619700e-01 -1.027673618647223369e-01 2.000014008042350910e-01 -1.476993457452787095e-01 -9.631767274458382655e-01 2.246675209573963106e-01 1.695482062857278094e-01 -2.484541427348127829e-01 -9.536896480004392052e-01
9.577407002127062974e-01 -1.989857389771481078e-01 2.076955147320065365e-01 -2.741511992763752681e-01 -8.499918635323225891e-01 4.498388065342680542e-01 8.702799027554364297e-02 -4.877689080010816358e-01 -8.686239815340308645e-01
6.177194021839664817e-01 5.796718405448348932e-01 -5.314163127387480090e-01 -4.855279907859013644e-01 8.127088853731657681e-01 3.221286044406989069e-01 6.186156402233046192e-01 5.903240563343251091e-02 7.834729508772086959e-01
-5.452448843724551075e-01 -7.405459544411133743e-01 3.928100118716027489e-01 -5.371836165668086860e-01 -5.106666188708317705e-02 -8.419180234060290591e-01 6.435384822665020099e-01 -6.700625981239447526e-01 -3.699653178846859514e-01
3.533429249380443116e-01 -1.101888748995443756e-01 9.289818024291973675e-01 3.396492735226094156e-02 9.938952399358804701e-01 1.049696896382675826e-01 -9.348770834212288827e-01 -5.537497735543963143e-03 3.549284082919337280e-01
-3.802560009059399726e-02 -6.807368508375702953e-01 7.315404251642544375e-01 -3.501139136797777329e-01 6.947416862107179680e-01 6.282947054439641521e-01 -9.359349876917624211e-01 -2.322311980609759186e-01 -2.647534125589026122e-01
-8.955160874868582921e-01 -2.563801426385571292e-01 -3.637583806771504391e-01 -4.412704773072634867e-01 4.055381372850633270e-01 8.005118269359808858e-01 -5.771744025205593348e-02 8.773870535105899870e-01 -4.762989139424483875e-01
5.493116889335073472e-01 -3.362835161107543547e-01 -7.649640940548816381e-01 -3.954541450693797033e-01 7.018269247738159189e-01 -5.924989340158973716e-01 7.361200225156654398e-01 6.279748119588210997e-01 2.525370230220110312e-01
4.498609274172686856e-01 -6.660461838743645391e-01 -5.949854006021251251e-01 8.407621364939977804e-01 9.112544912452348600e-02 5.336807869503100710e-01 -3.012377397029187276e-01 -7.403233303552240185e-01 6.009801916123580501e-01
6.039233421635210597e-01 6.768649364722840733e-01 -4.208686904064191103e-01 5.938778402401388989e-01 -7.343113980261807283e-01 -3.287793813494772066e-01 -5.315879115082962070e-01 -5.138704606422853094e-02 -8.454428802911768681e-01
6.743665793393620600e-01 6.670613586786080518e-01 -3.166367957581325276e-01 2.876849953420581030e-01 1.575763288405268581e-01 9.446729825946025283e-01 6.800493071279228863e-01 -7.281475429794374010e-01 -8.563933399928169710e-02
7.229187511152616041e-01 4.581329991761090015e-01 5.172065683572226735e-01 2.130550894800933570e-01 -8.598942642833913297e-01 4.638850968711484279e-01 6.572640322827506543e-01 -2.251577431900327331e-01 -7.192412547601751971e-01
4.264880733853411710e-01 3.973312144257658551e-01 8.125489704030190996e-01 9.044014501215926760e-01 -1.745369975414820807e-01 -3.893518376830462091e-01 -1.288178085594279300e-02 9.009243822497817744e-01 -4.337848743211648039e-01
1.249597633696793442e-01 9.813094904140625685e-01 -1.463445986768442675e-01 9.615675727381487459e-01 -8.343524976818512962e-02 2.615843308659487887e-01 2.444848882795404854e-01 -1.734077366192566250e-01 -9.540214338700820917e-01
7.702555054015268743e-01 6.350706753659208781e-01 -5.823824936338320435e-02 -5.883644751310684873e-02 1.616965305882960280e-01 9.850850239648077933e-01 6.350155343317798184e-01 -7.553406312955642798e-01 1.619129453482414660e-01
9.541641650519036011e-01 6.373120600537260372e-02 -2.924193555698804126e-01 -3.414889929229550369e-02 -9.474989803810041078e-01 -3.179300785614379565e-01 -2.973291085782355236e-01 3.133432870799344183e-01 -9.018932229671169365e-01
5.771185589842491304e-01 -7.943290779488083597e-01 1.896720453860827049e-01 1.598166077670850893e-01 3.376137053193379867e-01 9.276182608499949911e-01 -8.008700398677465193e-01 -5.050329711073758832e-01 3.217901137957643876e-01
2.188284091097645045e-01 -8.909519761175227481e-01 -3.978928293130836735e-01 3.060210596134643191e-01 -3.245384582518474614e-01 8.950005028984993061e-01 -9.265339920583284261e-01 -3.176151214407069712e-01 2.016318332820069281e-01
-5.437458263625738475e-01 -3.021379573417627001e-02 -8.387059096373503664e-01 -8.386372116965126189e-01 -1.861976463427052197e-02 5.443720524814470441e-01 -3.206405263188800980e-02 9.993700170168694497e-01 -1.521399410153942942e-02
-7.390195126141675397e-01 -6.525983251196134649e-01 1.672291422766791769e-01 -2.212931122668226613e-01 4.696132014083462258e-01 8.546887149870808775e-01 -6.363014367725268183e-01 5.946249802304638399e-01 -4.914688336478100772e-01
8.181393082540345807e-01 -5.432294607080746518e-01 -1.885466130918944105e-01 5.128487140002137012e-01 5.410422983401501629e-01 6.665278898554324316e-01 -2.600658932615675378e-01 -6.420085547916185575e-01 7.212425020313489865e-01
1.098180931156328699e-01 -8.898002707381422738e-01 4.429395721978059419e-01 -9.844331265030632494e-01 -1.588948285218257928e-01 -7.512558094566518241e-02 1.372275696347144136e-01 -4.277942398669585811e-01 -8.933983895602234382e-01
9.060489311768202825e-01 2.869544034603430660e-01 -3.110184956687629398e-01 -3.995190933346676743e-01 3.377698504518206191e-01 -8.522300289163718956e-01 -1.394984887889001712e-01 8.964199342163656770e-01 4.206797750844931683e-01
9.667500998223332864e-01 2.525528938148341451e-01 4.014075633643961888e-02 -1.037583029565360276e-01 5.308594904720357333e-01 -8.410840718640144598e-01 -2.337273177467453500e-01 8.089531736766497616e-01 5.394129250744630344e-01
-4.831881183601582364e-01 6.246977059265997889e-01 -6.134183062850450119e-01 -4.394631748095644830e-01 -7.790320210391179501e-01 -4.471926074769192461e-01 -7.572326988857969177e-01 5.349660181498642336e-02 6.509506535309582675e-01
-2.546684728836994815e-01 -6.590380300197605339e-03 -9.670059647213059550e-01 6.723615111720024906e-01 -7.199230267778838899e-01 -1.721651352901386878e-01 -6.950352273184330354e-01 -6.940226238405122761e-01 1.877728158811735326e-01
-2.505117038245458505e-01 -3.668993140616331194e-01 -8.958955182319120469e-01 8.380274469793692615e-01 -5.455187455120685813e-01 -1.092228932867892258e-02 -4.847204187530823605e-01 -7.535211952135402180e-01 4.441305258680094958e-01
9.410206463333735671e-01 -1.369423941825366753e-01 3.093976791281320415e-01 -1.464363133459506694e-01 6.595165014983380702e-01 7.372885394369284029e-01 -3.050189327041297194e-01 -7.391107934044445216e-01 6.005653051626329564e-01
7.361935270646524643e-01 6.205978732242037887e-01 2.699580901875366368e-01 -6.032874557476002320e-01 4.210186800399692841e-01 6.773385540444228914e-01 3.066974672958584502e-01 -6.615145885065554232e-01 6.843501389985309213e-01
-4.735159184192838655e-01 7.711976531309667759e-01 4.254842591786820449e-01 8.521914574250872842e-01 2.790525268600658193e-01 4.426052497934456209e-01 2.226036722411562363e-01 5.721746822940542154e-01 -7.893438655278510740e-01
-3.271216053678318025e-01 6.043867454425483343e-01 7.264352120009996971e-01 9.433842609250493449e-01 1.641780530194409393e-01 2.882216215790285307e-01 5.493260908123413777e-02 7.795910651361458443e-01 -6.238751314320984953e-01
-1.856293451694263352e-01 5.064664745112835709e-01 8.420412438877815653e-01 9.277094942602919225e-01 3.727825613911381897e-01 -1.970421736523524786e-02 -3.238778171954417862e-01 7.775119755468558047e-01 -5.390531396902736860e-01
1.937271481299916165e-01 7.799265279471685464e-01 -5.951339370945797347e-01 9.013029087070011380e-01 9.808957152464209406e-02 4.219377948399643530e-01 3.874569122285985712e-01 -6.181367542561977402e-01 -6.839474352637733290e-01
6.660943680950232038e-02 8.253154068469471527e-01 -5.607295802336268453e-01 9.841658566123852037e-01 3.817044394753456305e-02 1.730912588412785447e-01 1.642581797242723407e-01 -5.633804189265957385e-01 -8.097047325808106599e-01
8.520395683415274979e-01 -5.021627308982711257e-01 1.478552186335480023e-01 4.132171574855914575e-01 4.717886146011837090e-01 -7.788883642038978428e-01 3.213722992728397787e-01 7.247400187856929410e-01 6.094848237902253940e-01
-7.982696388296531831e-01 5.815524557887328250e-01 1.567237215257134553e-01 2.001184665435842003e-01 1.066822175564005257e-02 9.797136257053982167e-01 5.680829015830521911e-01 8.134389529710673861e-01 -1.248955031949261635e-01
1.397494501167662606e-01 9.849954010092156764e-01 -1.012627828116311052e-01 -2.089094599963234877e-01 1.292940903276442455e-01 9.693502337805419700e-01 9.678982016287178691e-01 -1.143114088664867328e-01 2.238436353503331089e-01
1.291858909164774194e-01 9.869688035396320114e-01 -9.593532419116337917e-02 -1.815437053228034225e-01 1.186509846787002775e-01 9.761986615911959486e-01 9.748604457284043567e-01 -1.086946395841234259e-01 1.945060067964340111e-01
2.021529949443501006e-01 9.294813571432148924e-01 -3.085426605159123925e-01 -2.382344633379937793e-01 3.522546219765045894e-01 9.050751470315868685e-01 9.499360542231715110e-01 -1.094581564772478116e-01 2.926438191172240355e-01
-9.575634950771053644e-01 -2.070308690609211008e-02 2.874778862595826490e-01 2.505676349354643562e-01 -5.527072656211814428e-01 7.948147827339431259e-01 1.424359969199034126e-01 8.331182753499744020e-01 5.344398245446515539e-01
6.506468900325588223e-01 -1.578149538962327070e-01 7.428008244594840326e-01 6.831053156390550773e-01 5.489044557373262689e-01 -4.817375075882887603e-01 -3.317012997210385672e-01 8.208522027737025217e-01 4.649472109443547607e-01
3.711011608338907752e-01 -4.095689456914948789e-01 8.333889890998654737e-01 8.395241721953037306e-01 -2.355635941295727287e-01 -4.896008143585424133e-01 3.968413949269011254e-01 8.813416317444190407e-01 2.564251068568674241e-01
9.707091081171855818e-01 1.543226657950974752e-02 -2.397616995405169038e-01 2.402575695575592252e-01 -6.086639206354648585e-02 9.687990413844665971e-01 3.573354625631936605e-04 -9.980266166116942284e-01 -6.279128001547344684e-02
