2.971266023524256616e-01 -7.241384903275628337e-01 -6.223658321281960726e-01 -9.548369948779754646e-01 -2.243490810436938876e-01 -1.948173581774679253e-01 1.447545129280988427e-03 6.521433405785638238e-01 -7.580943001712453500e-01
-3.277465452899502307e-01 -9.197407061552729246e-01 -2.160074894338210871e-01 -4.278065525481480891e-01 -5.937428141068147591e-02 9.019180940106668043e-01 -8.423560741440471178e-01 3.880099588257561183e-01 -3.740113851270623901e-01
-6.670304642163559228e-01 -1.539640180880750067e-02 -7.448713382985376885e-01 -6.829021599920079844e-01 -3.870627933907775375e-01 6.195377582123448024e-01 -2.978506331797237672e-01 9.219248043001500026e-01 2.476684387049903902e-01
-9.138372147251786481e-01 -4.030637871027230035e-01 4.940777782635318721e-02 2.798467764570170546e-01 -5.369184299487723688e-01 7.958670625726144143e-01 -2.942572457730545099e-01 7.411195471094770282e-01 6.034521440862565811e-01
-9.003430333913505779e-01 4.098493360710038225e-01 1.463077029613240876e-01 -2.784561924696386526e-01 -8.009278781224563604e-01 5.300723374423265133e-01 3.344317136561264503e-01 4.365066503140784260e-01 8.352349209250112816e-01
-6.678986282313825740e-01 -2.319905049171930855e-01 7.071717104317053471e-01 4.291141947154884506e-01 -8.963762464189899415e-01 1.112233462429566833e-01 6.080891631169854650e-01 3.777433394304507974e-01 6.982388840616199355e-01
-4.249240787009844200e-01 2.082366032521453525e-01 8.809523508148034976e-01 -3.244141137652515883e-01 -9.435706087721618118e-01 6.655816291964791742e-02 8.451005917226813713e-01 -2.575112101003379506e-01 4.685007647193691338e-01
-7.521271719468186623e-02 -4.591897114195510055e-01 8.851484938125478985e-01 -9.171046764546796071e-03 -8.873067033888094590e-01 -4.610886097297631769e-01 9.971253376950339753e-01 -4.279746543561668837e-02 6.252549782970065473e-02
1.146976746135591335e-01 -3.263750086471829404e-01 9.382557205627867214e-01 -6.605220552182482496e-01 -7.305167280669164764e-01 -1.733664459596164775e-01 7.419939743747948624e-01 -5.998538686588248403e-01 -2.993664614590915152e-01
3.147399132194231841e-01 -7.872583539438288147e-01 5.302481222713411046e-01 -5.731434788587689289e-01 -6.029275061507606281e-01 -5.549639402416092215e-01 7.566011760949739040e-01 -1.292389510653731977e-01 -6.409773427034877180e-01
3.219300165355422072e-01 -7.886389487758855843e-01 5.238412669187986204e-01 -9.155555317908086188e-01 -4.002119578306950198e-01 -3.985545152889336668e-02 2.410791004228187151e-01 -4.667751035380831581e-01 -8.508829943396072348e-01
3.266924391455889309e-01 -9.440526939716490373e-01 -4.512827506096080826e-02 -9.159293092336157072e-01 -3.044602843039743711e-01 -2.614907948061929166e-01 2.331213218303660184e-01 1.267613753728442372e-01 -9.641504047718113535e-01
1.831078308142588540e-01 -9.830736359846272698e-01 -6.143982947726122495e-03 -9.426729708733017077e-01 -1.773495410528465044e-01 2.826920767783351884e-01 -2.789967603385389849e-01 -4.597136630893073478e-02 -9.591910347789379676e-01
5.664524265926212943e-02 -8.689972699244189469e-01 -4.915638934543301031e-01 -9.750217258422075872e-01 -1.540600035195031081e-01 1.599942169306567963e-01 -2.147648728720706890e-01 4.702225645154403111e-01 -8.560179841573224424e-01
-1.612601215110501807e-01 -9.251180410632299234e-01 -3.437321388953523682e-01 -7.608148416782545276e-01 -1.053116583897255737e-01 6.403672628182192073e-01 -6.286143093283304006e-01 3.647822154471601630e-01 -6.868609651167606467e-01
-3.376386366236936443e-01 -6.285148385672755245e-01 -7.006919785181253690e-01 -8.228544304376924634e-01 -1.643847194048294325e-01 5.439561106700214754e-01 -4.570675413633683015e-01 7.602280984855447343e-01 -4.616735869692983885e-01
-5.338002087845103993e-01 -7.093708640852443015e-01 -4.602720003308559682e-01 -4.760617397361165404e-01 -1.977529983408491676e-01 8.568891244534654339e-01 -6.988723467565699510e-01 6.765254827677658067e-01 -2.321437358724251221e-01
-6.849447154267472859e-01 -3.121028231867367664e-01 -6.583635504550967577e-01 -5.829527559244934709e-01 -3.072826624498186665e-01 7.521591917392149718e-01 -4.370547118714206425e-01 8.989823096794617996e-01 2.853043487874139944e-02
-8.270086972634669298e-01 -4.384950670075075663e-01 -3.518219590370467165e-01 -1.796026046932114040e-01 -3.869388679843892564e-01 9.044452536391429653e-01 -5.327283726609627346e-01 8.111722311895556148e-01 2.412469529526980738e-01
-3.176622242637761051e-01 9.481651073056444057e-01 8.581408035193763273e-03 -8.490959450216373217e-01 -2.884762231553618106e-01 4.425127623265022736e-01 4.220506929547726549e-01 1.332831495804853161e-01 8.967211465189736108e-01
-2.874656182818327022e-01 9.576096701565603997e-01 -1.863432125106931000e-02 -8.802050971761479214e-01 -2.564587495085706714e-01 3.993343169646559887e-01 3.776274688247294176e-01 1.311969108750071500e-01 9.166159857682409928e-01
-8.657624573769071574e-01 -4.185387028572812862e-01 2.743733252472690398e-01 4.415841641677726442e-02 -6.099968979248152623e-01 -7.911724330268747885e-01 4.985031611296580900e-01 -6.728514982762887620e-01 5.465944196669881849e-01
-2.233451817018282382e-01 -9.005194054788757674e-01 3.730706771733069971e-01 9.044866360100662916e-01 -3.341382419275473747e-01 -2.650576551634796219e-01 3.633467422308497841e-01 2.782380916365335688e-01 8.891359340802105216e-01
3.471118238325969219e-01 4.694014106938794728e-01 8.118963587762935141e-01 4.073844304186911847e-02 -8.724536604863204481e-01 4.869958824903393713e-01 9.369385043929683299e-01 -1.359666354022777690e-01 -3.219616639341577047e-01
1.911000203522206509e-01 6.035782482794276316e-01 7.740633568547983234e-01 -5.124690742898090345e-01 -6.112355376132898588e-01 6.031306371385378728e-01 8.371715655216244167e-01 -5.119418089612627343e-01 1.925080624793225614e-01
-1.979985360149444096e-01 -9.754643290484992235e-01 9.625966180025878616e-02 -1.190887392717108473e-01 -7.353702787305591015e-02 -9.901566430167864086e-01 9.729411348661406445e-01 -2.075130075093098436e-01 -1.016065932891556528e-01
-8.807897776022101111e-01 1.723096967344595887e-01 4.410427825990668182e-01 -3.985402808993834811e-01 2.331850920854607601e-01 -8.870120389993226828e-01 -2.556853773137791053e-01 -9.570444510263740323e-01 -1.367146904598646739e-01
-9.000287681354729452e-01 1.165718693919070154e-01 -4.199514445683206754e-01 4.199107874564398935e-01 4.899872687357239576e-01 -7.639289280126904114e-01 1.167182381046584505e-01 -8.639001538044670525e-01 -4.899524233539034324e-01
-7.467441287639602354e-01 6.584018086918556056e-01 -9.423515515903385653e-02 4.828825237200283782e-01 4.392479045257824954e-01 -7.575524712226113788e-01 -4.573813227956845529e-01 -6.112023696624568903e-01 -6.459365207794551811e-01
-5.333003402239419044e-01 6.965445829611149886e-01 -4.800170737219188188e-01 8.417694295427327056e-01 3.807845641657768287e-01 -3.826582589993079986e-01 -8.375544522196703978e-02 -6.081354780315040287e-01 -7.894024738718926626e-01
-3.991346015422894689e-01 -2.839246395533411293e-01 -8.718247351997895356e-01 5.574521295794556686e-01 6.797837764319730747e-01 -4.765932652977957207e-01 7.279688819441443304e-01 -6.762254182995421914e-01 -1.130508317819990810e-01
3.573533193502281824e-01 -8.678468108010973792e-01 3.451673769807025449e-01 7.388538756433613020e-02 3.946805721933898670e-01 9.158428879658162547e-01 -9.310421873652353630e-01 -3.017766705950990502e-01 2.051616105188671657e-01
8.523483664087014855e-01 -4.170791542618650927e-01 3.155110796162721165e-01 -3.036033814151101740e-01 -8.858523966259821414e-01 -3.508425831983838505e-01 4.258253739195558274e-01 2.032498720103191880e-01 -8.816814846950453699e-01
8.234771202013958513e-01 2.840334060070318078e-02 5.666380526822534236e-01 -1.143758469117105298e-01 -9.699293765049570304e-01 2.148375438230811785e-01 5.557009970731067172e-01 -2.417235090665071640e-01 -7.954659936267103326e-01
3.203446387837738940e-01 -1.100142741366756938e-01 9.408911583645975796e-01 8.527190517519197543e-01 -3.991311494100877044e-01 -3.369933891783173374e-01 4.126130526071615234e-01 9.102698418912726908e-01 -3.404825636412513873e-02
-2.729205783572204447e-01 9.115129924567852981e-01 3.076660892780307410e-01 7.699980387977785057e-01 1.524847432031922745e-02 6.378640170745466520e-01 5.767299005225369202e-01 4.109885018019109881e-01 -7.060248389609855568e-01
7.121884181856250606e-01 5.573098588384848284e-01 4.268411627803551656e-01 -5.219679272045555374e-01 1.382846883071170256e-02 8.528530098554956140e-01 4.694008308173701072e-01 -8.301894330158788859e-01 3.007463471710609682e-01
7.821792641763662957e-01 8.832456244009208313e-02 -6.167611939497200657e-01 -3.732716291341193343e-02 -9.814798924360301768e-01 -1.878933305165309819e-01 -6.219343064997729931e-01 1.699882125722987358e-01 -7.643963147380561374e-01
9.679186349204206286e-01 3.224570912823915975e-02 2.491861360842667350e-01 2.450595777326718683e-01 -3.401735234771847693e-01 -9.078699120945699086e-01 5.549161680176875611e-02 9.398096552855447205e-01 -3.371624123427630626e-01
1.054865941185227501e-01 9.846211258758983398e-01 1.392616851117087495e-01 9.031518237945453942e-01 -1.534681419542462399e-01 4.009542524798782037e-01 4.161602595609780741e-01 8.347914640190089164e-02 -9.054511971819074745e-01
9.920520604205689263e-01 6.331005644374655683e-02 -1.087407291146863936e-01 1.130334353546246090e-01 -6.870712805132730971e-02 9.912127788960708452e-01 5.528247377999551126e-02 -9.956260177938442979e-01 -7.531720112123098387e-02
-1.329585392558631785e-01 4.392076330420266461e-01 -8.884923645797794256e-01 2.041817418810336904e-01 -8.650842288828269888e-01 -4.581911099319059821e-01 -9.698617649548695319e-01 -2.423343393244669075e-01 2.534215584357901035e-02
2.688886212455934843e-01 6.885483702763214309e-01 -6.734983675959919092e-01 1.221561165141156133e-02 -7.016325400261134160e-01 -7.124342479194039068e-01 -9.630938106937588783e-01 1.833382681447776608e-01 -1.970720458031728628e-01
3.722652349862674570e-01 6.369406791491116770e-01 -6.750741930082112541e-01 4.902855175132981302e-01 -7.525389629139872527e-01 -4.396648958161863407e-01 -7.880600904355813396e-01 -1.673071443226775146e-01 -5.924268843673912155e-01
5.131761402665907523e-01 4.609519788419165209e-01 7.239982888535066996e-01 6.489959833765318598e-01 3.436044951774855361e-01 -6.787784354669453846e-01 -5.616533295745811394e-01 8.182048790465300536e-01 -1.228263541844355489e-01
-9.442429532494387434e-01 2.337271810688508200e-01 -2.318983615043161695e-01 2.988742140241159584e-01 9.039402322553700131e-01 -3.058860256722684690e-01 1.381283802491179991e-01 -3.581391647665987388e-01 -9.233942220038190429e-01
-9.628610029357016487e-01 -6.524870184492964631e-03 2.699187194225891595e-01 -1.075787562130356007e-01 9.261963822116960898e-01 -3.613683339608251832e-01 -2.476398599525350130e-01 -3.769849965808212966e-01 -8.925003149106712774e-01
-9.242802021809415347e-01 -3.751068339511153260e-01 -7.071754364744475829e-02 -2.942378108662829783e-01 8.181506730444217945e-01 -4.940178001383930262e-01 2.431670588566126612e-01 -4.358030969602327831e-01 -8.665710831587299934e-01
9.299675884541207527e-01 3.281434550717802212e-01 -1.657774330793597706e-01 4.120025865614804217e-02 3.550596363679563439e-01 9.339353260846926519e-01 3.653256398221914614e-01 -8.753596560933164517e-01 3.166743585652260773e-01
-9.755368690689630862e-01 1.737886259994808336e-01 -1.346303478430376233e-01 -1.538714924237864490e-01 -9.771790267710487310e-01 -1.464401360900174920e-01 -1.570075823213682720e-01 -1.221419793191473174e-01 9.800152835449051913e-01
-7.798987438327542598e-01 5.510253425262958693e-01 -2.968653251255028991e-01 -4.531847059548032575e-01 -8.242740006808961795e-01 -3.394053536557267714e-01 -4.317193204580383470e-01 -1.301669838910348431e-01 8.925665155314539412e-01
-3.538109713412955215e-01 9.206036741225773756e-01 -1.652473048208069339e-01 -9.303554692396933667e-01 -3.282243792048237796e-01 1.634241651390584971e-01 9.621069282735239536e-02 2.115599964256469623e-01 9.726180496464484904e-01
2.990981896870643086e-01 7.651154177023029579e-01 5.702093216706929368e-01 -9.448153480220052858e-01 3.211592946994585862e-01 6.465806655169770156e-02 -1.336571399812911398e-01 -5.580816293539656581e-01 8.189509532991855467e-01
1.528838902358624630e-01 7.791685696645133108e-01 6.078839166759604229e-01 8.774609452157042799e-01 -3.900034359748396628e-01 2.792124810050264361e-01 4.546304056346341937e-01 4.907073058094570950e-01 -7.433152321173784882e-01
1.681943381521778524e-01 4.210349686681375547e-01 8.913137605648031592e-01 8.897329753296645549e-01 -4.540957487656037128e-01 4.660776291594034143e-02 4.243652874877651970e-01 7.851920823031941499e-01 -4.509850293122824039e-01
3.457916852062875579e-01 3.959900813178119927e-01 8.506585483847844964e-01 9.214831224265271903e-01 -3.142429426927884073e-01 -2.282985502600380912e-01 1.769094839889993054e-01 8.628112357089990914e-01 -4.735607733005939846e-01
2.187106196046640638e-01 1.556190104171337463e-01 9.633007777786416481e-01 9.756349967263108214e-01 -1.729254943156460778e-02 -2.187174453421768250e-01 -1.737866608791130418e-02 9.876657791636546113e-01 -1.556094169195939292e-01
-5.000771240646122440e-01 1.808956602714314466e-01 -8.468763959883575110e-01 1.385126842308362916e-01 9.820567674543357883e-01 1.279794585248343886e-01 8.548316245287345128e-01 -5.330352326163836224e-02 -5.161604674066594400e-01
-6.989515063820754825e-01 -7.104884706002631001e-01 8.168797261731076953e-02 -5.959525119588928721e-01 6.417702251133832192e-01 4.826712977252773928e-01 -3.953573006991439875e-01 2.886816781543581900e-01 -8.719836543662216055e-01
-3.691357657880903753e-01 -7.984456513933371191e-01 -4.756294021474177791e-01 -9.293003550102854060e-01 3.105994404909969697e-01 1.998220151645898057e-01 -1.181679287276505078e-02 5.157640248580254161e-01 -8.566491896152432783e-01
4.863249991437530728e-02 -9.831823662476109060e-01 -1.760321409624598099e-01 -7.714890006930006372e-01 -1.489121396492404104e-01 6.185708500041047220e-01 -6.343812747565882315e-01 1.057242137111176900e-01 -7.657563508540902175e-01
-1.509334331003552299e-01 -9.154756394181349233e-01 3.729925634707720872e-01 -4.145499971945781348e-01 4.011513727572738608e-01 8.168389535036454374e-01 -8.974226421249447139e-01 -3.133575859799992563e-02 -4.400575776356682178e-01
8.108547753472188091e-02 -8.518699025625775523e-01 5.174387059749121498e-01 -4.476091432067417220e-01 4.327295412833563337e-01 7.825542786404167117e-01 -8.905454509741167479e-01 -2.950640832238335953e-01 -3.462166757113036009e-01
-7.601274807806046585e-01 -6.371514940189045850e-01 -1.274526838933176531e-01 -4.372521029002429671e-01 6.466685281131909768e-01 -6.250043305907847513e-01 4.806420825015710885e-01 -4.193540132363085537e-01 -7.701463498005786112e-01
-6.216816507177664874e-01 3.650103132496452796e-01 6.930219306647004140e-01 -6.782308442064488574e-01 1.917296583387496645e-01 -7.093959825656714901e-01 -3.918097078019393553e-01 -9.110473145422813834e-01 1.283664424117801073e-01
-8.171779520337614233e-01 1.562384952584617570e-01 -5.548060267420307223e-01 5.122032332325888726e-01 -2.445790098455078720e-01 -8.233036838306223570e-01 -2.643256373793312353e-01 -9.569590589687539950e-01 1.198387119492188291e-01
-6.685848821300229838e-01 5.367602390756587294e-01 -5.146675637094544342e-01 2.879962331733579295e-01 -4.511888418225014075e-01 -8.446814776546407444e-01 -6.856036938823624194e-01 -7.129635858599733256e-01 1.470731116572582542e-01
-6.781287590033943102e-01 7.231218027631609591e-01 1.312868789372066969e-01 -2.709640657202074254e-01 -7.994470050025130614e-02 -9.592639469667879615e-01 -6.831689844400811173e-01 -6.860784964058279645e-01 2.501528242267654911e-01
7.790102090920357492e-02 9.652942255021280671e-01 2.492759297516526640e-01 -1.843211693450985400e-01 2.596703820849144972e-01 -9.479435632985386828e-01 -9.797740236771740330e-01 2.789894048385312478e-02 1.981527482709213028e-01
-3.050087877367015921e-01 8.939693422806127554e-01 3.283115204584757252e-01 2.761571302617622514e-01 4.129495708765021367e-01 -8.678766567424778255e-01 -9.114312254959097137e-01 -1.740444396563162743e-01 -3.728292561156421603e-01
1.523431436316249887e-01 6.544310950877284538e-01 -7.406156279546840526e-01 8.363979178207022747e-01 -4.845875002134615306e-01 -2.561512789389547295e-01 -5.265264377537260954e-01 -5.804264780479482244e-01 -6.211883884356073082e-01
3.343216108569442291e-01 6.774144562349831977e-01 -6.552394333355415768e-01 5.316903162585745468e-01 -7.096096690440384380e-01 -4.623413513801980512e-01 -7.781609525740004196e-01 -1.938137561760587546e-01 -5.974125541081742874e-01
4.790716882971700619e-01 4.016477485336876208e-01 -7.804930515833685689e-01 5.228639555114847903e-01 -8.447861895533423926e-01 -1.137962124450029866e-01 -7.050557435401710871e-01 -3.535751405822584181e-01 -6.147202766000589014e-01
2.246954938813046920e-01 3.119545962870335365e-01 -9.231447691910682485e-01 9.733684422974743233e-01 -2.766687849002755217e-02 2.275706909380175169e-01 4.545118886041665807e-02 -9.496940947957989154e-01 -3.098633823819181288e-01
-1.638455776459913082e-01 9.386255087298809308e-01 3.035404108968422499e-01 9.766221589183996521e-01 1.977416241123755580e-01 -8.430544942626365390e-02 -1.391538191909074407e-01 2.826312163491011553e-01 -9.490815613790060112e-01
4.265979209237245606e-01 8.592254490979364112e-01 2.823930620358900412e-01 4.566440149734281029e-01 6.489357643336257642e-02 -8.872795880254630285e-01 -7.806986982520872642e-01 5.074647291784305514e-01 -3.646766940556513403e-01
2.521225098514021101e-01 4.493964917562258687e-01 8.570163552835070586e-01 -1.534419624078902644e-01 8.929874189165237786e-01 -4.231182267750003834e-01 -9.554526697846656980e-01 -2.482464207197107586e-02 2.940985089172560296e-01
-8.790525917023205293e-01 -1.335557003734194337e-01 -4.576345877653903993e-01 1.376024115469441922e-01 -9.901805610119739365e-01 2.465832375645097760e-02 -4.564341325513453507e-01 -4.129565947866626480e-02 8.887983748580569054e-01
-9.024808059845187413e-01 1.179848758890988392e-01 -4.142559159396133617e-01 -2.025001205648144786e-01 -9.650588158898371072e-01 1.662984757733554642e-01 -3.801606186873772164e-01 2.339680553723939571e-01 8.948390095790926813e-01
-9.159167903251658194e-01 -2.408010767460502799e-01 -3.211094433964672978e-01 7.420364645792351665e-02 -8.878364684719001199e-01 4.541367900794782142e-01 -3.944493022592310272e-01 3.921240195260773387e-01 8.310526465019647535e-01
-6.779009396868869164e-01 -6.154008461058910751e-01 -4.021593149285362379e-01 5.841892407765229001e-01 -7.830350474892242563e-01 2.134924948669122136e-01 -4.462883002416555001e-01 -9.021038197293038130e-02 8.903307475605413135e-01
-5.599174065996272986e-01 -8.155120167607452508e-01 -1.463989354659714359e-01 7.650102284401165686e-01 -5.767037129446965782e-01 2.866568991979817072e-01 -3.182009556377042303e-01 4.850750451861210455e-02 9.467814815661682593e-01
-7.727230638687062614e-01 2.457487633049312004e-01 5.852406444356510473e-01 -3.019559813708859730e-01 -9.533204896478310042e-01 1.621521496901281740e-03 5.583203846177429153e-01 -1.754639260694820235e-01 8.108580386039090371e-01
-5.420801049337374833e-01 -2.149932232241948682e-01 8.123589562519144547e-01 1.190494341814563595e-01 -9.766154833193245732e-01 -1.790235458313723937e-01 8.318511838400564073e-01 -3.342284158514178074e-04 5.549986452553401506e-01
2.282394893237578715e-01 -9.584949169782793765e-01 -1.708631898333630994e-01 8.730054018090978030e-01 1.237893492727983602e-01 4.717390861681412528e-01 -4.310084731479952302e-01 -2.568339758159321473e-01 8.650248579903442314e-01
-9.820017384754423651e-01 1.788546934565267699e-01 -6.069253874885394140e-02 4.489067668104543274e-02 5.331553174091165914e-01 8.448255646377557104e-01 1.834595671485332591e-01 8.268956440488464121e-01 -5.315883567900228091e-01
-9.020987197424393811e-01 2.833207260605350442e-01 -3.254954162865948963e-01 -2.078383680331708783e-01 3.757763270203893224e-01 9.031031861445146802e-01 3.781813224001954743e-01 8.823386641395678520e-01 -2.801024261802144699e-01
-7.373504277096555315e-01 3.369916520930880122e-01 -5.854493771249220657e-01 -2.949178378206786522e-01 6.191229452623944196e-01 7.278119589459862704e-01 6.077316971259307810e-01 7.093119236761702417e-01 -3.571257190951762084e-01
-7.539007833883916154e-01 3.123024777768802496e-01 -5.780145077597889092e-01 -2.941732482229557077e-01 6.262072505460573035e-01 7.220294865124990968e-01 5.874484733458120722e-01 7.143750007789809731e-01 -3.802271024344610617e-01
-7.747515886834558385e-01 4.841004030542238046e-01 4.067023181581332358e-01 6.078423297675940029e-01 3.932259816767811889e-01 6.898558033944743872e-01 1.740335541646059470e-01 7.816777642334917786e-01 -5.989091708496082633e-01
-5.152469618226596104e-01 -4.027962396984074434e-01 7.564890994702712090e-01 3.066088680217115003e-01 7.376235124846096669e-01 6.015833740058907919e-01 -8.003196676222341654e-01 5.419102721989037530e-01 -2.565573746793231580e-01
-6.936956146015141877e-01 -5.570578619756418881e-01 -4.565883624160321785e-01 -3.303746230507024206e-01 8.093825717268648967e-01 -4.855434697624020357e-01 6.400304701549243136e-01 -1.859741675500470870e-01 -7.455029217094547578e-01
-4.296110890827374851e-01 -1.499390656727040139e-01 -8.904788536076199135e-01 -4.955656502742723790e-02 9.885471941166116272e-01 -1.425432982179682950e-01 9.016531811066975655e-01 -1.710910837451216915e-02 -4.321213017322828032e-01
4.246723698126146362e-01 -1.584518093123610805e-01 -8.913733238342826937e-01 -5.743058548177775169e-01 7.139670865229705843e-01 -4.005293803005254283e-01 6.998758200136363516e-01 6.820146798182135095e-01 2.122022928073589165e-01
-1.317260618964462560e-01 2.620207774657730138e-01 -9.560299978523090214e-01 -7.674280365114848346e-01 5.835049240110289359e-01 2.656618384921146103e-01 6.274571327137661303e-01 7.686788118786124224e-01 1.242192850386129033e-01
-9.596753704639962579e-02 2.876795688943599716e-01 -9.529064473882015163e-01 -7.131157411994926143e-01 6.480232208863555554e-01 2.674543789986848497e-01 6.944466656891272738e-01 7.051995255477906399e-01 1.429596365427135418e-01
-3.008131478931738156e-01 -5.135970585643014896e-01 8.035729658772109429e-01 -9.395196835004042679e-01 3.042712452978403315e-01 -1.572315922459660842e-01 -1.637504637242281069e-01 -8.022699487822032571e-01 -5.740633370204906161e-01
2.042446608573601496e-01 -5.796112577690262224e-01 7.888820624013894722e-01 -7.000517154377255968e-01 4.768174035331927962e-01 5.315757325166023950e-01 -6.842599756115800291e-01 -6.608297462699997959e-01 -3.083704464127004496e-01
8.552678208818744743e-01 -5.173627701345326901e-01 2.920134659040482528e-02 -5.047590225943952014e-01 -8.445276144834287235e-01 -1.788615036403308489e-01 1.171976265694876229e-01 1.382348452947083084e-01 -9.834408186936454133e-01
3.629312539201830501e-01 -7.747162327273187099e-01 -5.177795512346107243e-01 -5.122182961950052515e-01 2.983159947725106398e-01 -8.053818872472694457e-01 7.784043434944396544e-01 5.575144177612614271e-01 -2.885556307149663713e-01
-5.702539044090847442e-01 -2.933277659663807713e-01 7.673130431703651944e-01 -6.669945268819259532e-01 -3.799057592812309370e-01 -6.409289470561514435e-01 4.795089004551950085e-01 -8.772858347073225760e-01 2.099472805554138469e-02
2.778226995771022056e-01 -2.000807923937914790e-01 9.395649121347411370e-01 -9.533217445942930857e-01 6.301109975697227750e-02 2.953087411356291603e-01 -1.182886253339027471e-01 -9.777511328668914148e-01 -1.732354562268537956e-01
7.843282234427177979e-01 -2.381705899515801361e-01 5.728036382507591950e-01 -1.183680817540327945e-01 -9.638548266974583667e-01 -2.386899040049307863e-01 6.089484667301995335e-01 1.194095604804269600e-01 -7.841703397431009082e-01
8.655387924035192748e-01 5.617030750264691286e-02 4.976821228452112944e-01 -1.630831347412181609e-02 -9.900033281339607472e-01 1.400979985414174123e-01 5.005763056281108403e-01 -1.293766085455147208e-01 -8.559702421258426064e-01
8.798439016829933124e-01 1.732204847246938684e-01 4.425713189340103604e-01 2.351040365540579546e-01 -9.679281576186514746e-01 -8.855040194686442101e-02 4.130384978028510123e-01 1.819608346889657058e-01 -8.923505219206515626e-01
5.890645328306562956e-01 -7.973124145313870148e-01 1.315138387970268552e-01 6.353095889974995358e-02 -1.165493238275984583e-01 -9.911508827502539809e-01 8.055847524762861367e-01 5.922070319993331111e-01 -1.800105075437918867e-02
-6.450468207060959802e-01 1.263349276810185884e-01 7.536272852974403857e-01 -3.074523393143608341e-01 -9.457962848635328434e-01 -1.046061498596825012e-01 6.995624762285961307e-01 -2.991803362291229340e-01 6.489248556394986434e-01
-1.642663360085790392e-01 3.950584877899747660e-01 9.038502984894207781e-01 -6.918459036996449374e-01 -6.992735690958055139e-01 1.799047556292926731e-01 7.031115248581395472e-01 -5.957728315298645994e-01 3.881867035622802997e-01
-1.819489556104527950e-01 5.892365225481094315e-01 7.872070236269982368e-01 -9.013625414915240608e-01 -4.199004261970956109e-01 1.059679238045079935e-01 3.929887356505348817e-01 -6.902781704319709277e-01 6.075161735105369942e-01
-6.824456086541288435e-01 -7.308906454619877868e-01 -8.176527677110531980e-03 -1.890284678587127454e-01 1.872829894059359346e-01 -9.639467413805411500e-01 7.060709805449334464e-01 -6.562956241323990580e-01 -2.659695925796435878e-01
-9.467801784373677254e-01 -1.909966723905726915e-01 2.590898779455390044e-01 -3.214888215052069675e-01 5.213977590415239671e-01 -7.904361546093841007e-01 1.588179351644678633e-02 -8.316637830290588562e-01 -5.550523584604389882e-01
-6.396897061741523005e-02 3.162636018486891243e-01 9.465121789728022650e-01 -9.914850956974901042e-01 8.765824096409367827e-02 -9.629817132645845934e-02 -1.134251991749950506e-01 -9.446128132397817456e-01 3.079632401039740230e-01
-9.743961118476065497e-01 -1.709953996559622491e-01 1.459890081915926618e-01 1.015414049324624562e-01 -9.139931789846402754e-01 -3.928177845437921811e-01 2.006029917538833252e-01 -3.679361929275912768e-01 9.079545129759214461e-01
4.264124128198095720e-01 -6.257171156025350678e-01 -6.531849243784123571e-01 -5.271216196283456251e-02 7.037100762813220944e-01 -7.085291500858240665e-01 9.029916290721595740e-01 3.365564139667819310e-01 2.670878096121723777e-01
-3.742936762725866950e-01 9.064164305381623432e-01 -1.957383415501652013e-01 8.475715881583639755e-01 2.487664801158963879e-01 -4.687618172563297603e-01 -3.762002749189066741e-01 -3.413568408882475813e-01 -8.613645339400356482e-01
-5.412266421375113712e-01 7.922184511599298373e-01 2.818929716795300355e-01 4.295651703278263733e-01 5.486807966264630743e-01 -7.172329801776936575e-01 -7.228744609417183664e-01 -2.670941950981192692e-01 -6.372701190728372600e-01
-8.769089451715155192e-01 4.579044747694137607e-01 -1.461307423656202364e-01 3.767679839411808840e-01 4.660587112678133415e-01 -8.005218072784051619e-01 -2.984570122397499636e-01 -7.570421188002238733e-01 -5.812147986823711365e-01
-1.121855842684309039e-02 6.087898084966100187e-01 -7.932522379530264622e-01 7.004980218958728466e-01 5.708940263205862786e-01 4.282318671367643104e-01 7.135661603991553248e-01 -5.508674793288593774e-01 -4.328606645920556328e-01
5.958132833179421439e-01 7.957988412669563250e-01 -1.082161524914997258e-01 7.622542939676283380e-01 -6.027727816144741180e-01 -2.358672615533189965e-01 -2.529326446898586545e-01 5.804462061999351302e-02 -9.657411139986092907e-01
9.884963345326742978e-02 6.227835695981129849e-01 7.761245875533047123e-01 3.535041323985422812e-01 7.070943612916008592e-01 -6.124152125860176099e-01 -9.301954516892182445e-01 3.349002682415399557e-01 -1.502605470123010711e-01
-8.819799501076163173e-01 2.128950306245230017e-01 -4.204605493307900788e-01 3.818367118168280450e-01 -2.001409214355987509e-01 -9.022994719469927816e-01 -2.762464354830285185e-01 -9.563573168551035009e-01 9.522914144645096279e-02
5.320412984766866860e-01 6.648986272770535111e-01 -5.242536334259698672e-01 -3.099989534069716446e-02 6.340404427393888653e-01 7.726782794020455869e-01 8.461507331463509196e-01 -3.948449473096112827e-01 3.579474882995596907e-01
7.520347591208258464e-01 -3.610614022137672574e-01 -5.514330284862438702e-01 -2.748499809330376964e-01 -9.321914470935467323e-01 2.355346979677270802e-01 -5.990836411179918386e-01 -2.556892248546472485e-02 -8.002780898835989420e-01
3.347739089609351182e-01 -9.180008196794030573e-01 -2.126050915358327908e-01 -4.942989561828262796e-02 -2.424216162091528404e-01 9.689109584547532794e-01 -9.410011239622310120e-01 -3.138570615144519738e-01 -1.265331167692163583e-01
-5.645026328731842513e-01 -1.235938348197094389e-01 -8.161258122825191252e-01 -3.599147571346082985e-01 -8.529302998805150526e-01 3.781154203976234696e-01 -7.428311686217667908e-01 5.071828738633568090e-01 4.369981548973947416e-01
-3.483949247551798023e-01 1.626879437029734102e-02 -9.372066488958398223e-01 -6.233700646359603414e-01 -7.507201503574995050e-01 2.186984644732834493e-01 -7.000219560275174890e-01 6.604200043736946357e-01 2.716885696941601092e-01
-1.716003335797381124e-01 -2.868214836501814524e-01 -9.424896614987516852e-01 -4.142113934670136888e-01 -8.470065851419221747e-01 3.331797806715398047e-01 -8.938580687320765161e-01 4.475637175229120746e-01 2.654188613557114523e-02
-5.027004180020063773e-01 -7.533209436546307591e-01 -4.240281188693801884e-01 2.673287714864858722e-01 -6.019387107494921230e-01 7.524660234434282780e-01 -8.220873540422177772e-01 2.649100684242421400e-01 5.039792039075912111e-01
-9.321754844556243702e-01 6.925235323216581695e-02 -3.553209503417010251e-01 -2.003924379481790696e-01 -9.161427958578035602e-01 3.471674645052909569e-01 -3.014825649902619920e-01 3.948246309054874170e-01 8.678835024571202039e-01
-1.285412500770518607e-01 4.602131009754616975e-01 -8.784537829158564071e-01 -9.388486506916666752e-01 -3.417974828159689449e-01 -4.168563103881740145e-02 -3.194375652972981650e-01 8.193768256615618917e-01 4.760055245957944825e-01
-1.269132477298329231e-01 4.731585519896617242e-01 -8.717878252359996250e-01 -9.481627775671122027e-01 -3.160160490159676372e-01 -3.348438442852234159e-02 -2.913423669617684619e-01 8.223471538488991150e-01 4.887379499995165855e-01
-5.820498251420614944e-01 -7.920249845867132210e-01 -1.841586947241762584e-01 -5.200886834401292624e-01 1.885094120172502719e-01 8.330497961937350926e-01 -6.250806047299889423e-01 5.806553412923429747e-01 -5.216451017876656548e-01
-1.213061728178009974e-01 -9.891618265177442026e-01 -8.272661842707033919e-02 5.325230298093463349e-03 -8.398941406649003405e-02 9.964524174525545286e-01 -9.926008534947822204e-01 1.204352908613086359e-01 1.545594890590523858e-02
-1.265812508301575046e-01 -9.750122370648517389e-01 1.825604680977402638e-01 2.054834233252712528e-01 1.542754956349235429e-01 9.664241481798383493e-01 -9.704399773694403208e-01 1.598443274576611672e-01 1.808204670462054964e-01
-7.632786719764275696e-02 -9.736749943439173549e-01 2.147814286162379183e-01 1.896642300031505801e-01 1.972986320038549457e-01 9.618215685181529251e-01 -9.788776923325871460e-01 1.141501432271573163e-01 1.696119342936945329e-01
-9.681831561392553187e-01 -1.960441985456065905e-01 -1.555250731709888201e-01 -2.499151292579762929e-01 7.892842823404594421e-01 5.608678541495094594e-01 1.279860680697638038e-02 5.818908779719071944e-01 -8.131661587872944796e-01
1.698712665866048965e-01 4.501410947240744309e-01 -8.766508698614716710e-01 -9.752708671308235600e-01 2.044216109148707383e-01 -8.401512195349694623e-02 1.413877240574810124e-01 8.692438091994564298e-01 4.737348537465495002e-01
-9.258305133735906800e-01 3.741680512323559971e-02 3.760822293073198264e-01 1.579552914191995339e-01 -8.657041548166432010e-01 4.749804651202797490e-01 3.433481999648017036e-01 4.991555859925556060e-01 7.955851397263271618e-01
2.762709301293667097e-01 -9.315898090824312749e-01 2.362515624905243417e-01 3.860261705546437772e-01 3.326800528718215633e-01 8.604114004754466194e-01 -8.801466746016664011e-01 -1.465073719474946912e-01 4.515278741702076215e-01
-9.843325131102202974e-01 1.661261939747061545e-01 -5.908968869097625670e-02 1.333814873354421393e-01 9.207372862877679642e-01 3.666772811010018951e-01 1.153207807392210293e-01 3.530508990427810301e-01 -9.284698057636450175e-01
-7.596777075639090659e-01 1.018480096324319434e-01 -6.422746792178223307e-01 -3.517492052153139426e-01 7.663495599693849192e-01 5.375693895350867058e-01 5.469572901615253890e-01 6.342990894433344629e-01 -5.463537204691828464e-01
-1.283992318177324121e-01 -1.364616288636591179e-01 -9.822890924348559594e-01 -7.693714322055970369e-03 9.905950538176830911e-01 -1.366098316808575519e-01 9.916927165349893603e-01 -9.983145787706598426e-03 -1.282415407410352481e-01
1.496316966435701779e-01 -8.898749311191163081e-01 4.309674724678354552e-01 -9.866867723974505067e-01 -1.624775904126644355e-01 7.088426454172742919e-03 6.371474347016027606e-02 -4.262905576944465702e-01 -9.023396211433306613e-01
3.992592073555333854e-01 -8.696865058523856051e-01 2.902369150885184546e-01 -7.956676147603152227e-01 -4.859560175666345905e-01 -3.616072397123807902e-01 4.555273122036282984e-01 -8.655709404228593973e-02 -8.860038020841070061e-01
5.755642343587989984e-01 -6.528289102235991237e-01 4.924837318158216681e-01 -7.327975632720081789e-01 -6.790414434889673334e-01 -4.370868663122762232e-02 3.629511584078184971e-01 -3.357337218700079950e-01 -8.692234031649951342e-01
6.992644061066507488e-01 -5.496301363590100353e-01 4.570951799770913149e-01 -4.439088696579604476e-01 -8.350528919713884335e-01 -3.250101276102215220e-01 5.603340127025175921e-01 2.435940919227585350e-02 -8.279084571330928011e-01
5.050093725385192966e-01 -8.597203996995603781e-01 7.646154581669983852e-02 -5.220738670132977211e-01 -3.748099277563680665e-01 -7.661307952543403577e-01 6.873168199819009727e-01 3.469846572914922489e-01 -6.381200800588184840e-01
-2.125421687573779972e-01 -7.491547984318489561e-01 6.273698386808582717e-01 -8.869420073571508967e-01 -1.215323271906249558e-01 -4.456049472715709059e-01 4.100728009575597688e-01 -6.511505059770488213e-01 -6.386261163471590452e-01
4.746290257357004272e-01 -3.809191340140899440e-01 7.934909585314352531e-01 -8.775261944970226269e-01 -2.748155458465444956e-01 3.929684385960779958e-01 6.837445356822710596e-02 -8.828233283636209849e-01 -4.647019528646558761e-01
5.201549727871258577e-01 -1.555882745433050662e-01 8.397803838560775613e-01 4.732886687682331117e-01 -7.659734701934298728e-01 -4.350660627714239004e-01 7.109406728415658128e-01 6.237603159743907444e-01 -3.247867422095767065e-01
4.582236992986731261e-01 6.680413423710929166e-01 5.863035103801340631e-01 5.835993743397964728e-01 -7.236522904284460322e-01 3.684279208038693243e-01 6.704049609536300025e-01 1.733439570354048109e-01 -7.214631389669677874e-01
1.507020553224212300e-01 5.449163710188750231e-01 8.248363711168524848e-01 5.949660379617068839e-01 6.163444541947025179e-01 -5.158826683031552118e-01 -7.894962344392447706e-01 5.684942061086057929e-01 -2.313223582518538490e-01
-1.788472618082617149e-01 8.159717697581208018e-01 -5.497305957480330685e-01 7.051131806356102372e-01 -2.833723953936851392e-01 -6.500119137544928538e-01 -6.861698473684344490e-01 -5.038751397783434172e-01 -5.246720728948076617e-01
6.993079781714139909e-02 5.852177234232630587e-01 -8.078551229694290736e-01 3.556469272447148611e-01 7.419952174846085047e-01 5.682942550926950442e-01 9.320005078636229845e-01 -3.270524627965088471e-01 -1.562425675694287253e-01
4.001075201619362365e-01 -5.623326438444199021e-02 9.147413800012195173e-01 6.202088389231491528e-01 -7.182227885429200986e-01 -3.154314856497860142e-01 6.747258468677964638e-01 6.935371987098468693e-01 -2.524899712349652492e-01
-1.063850882593014441e-01 1.246845079170033344e-01 9.864765514098935428e-01 -1.961054069414798484e-01 -9.752511417082224687e-01 1.021169915593180266e-01 9.747947898734264927e-01 -1.825896603926521478e-01 1.282034849499762152e-01
-3.347034307098317174e-01 -4.547883610011486111e-01 8.253127650587731567e-01 4.875826127886064010e-02 -8.830124923131215109e-01 -4.668099938690599693e-01 9.410612336230472774e-01 -1.160020910020956170e-01 3.177220002691195089e-01
-6.311807749584058547e-01 -9.576848795701130290e-02 7.697007379737493826e-01 -3.792946139665390182e-01 -8.274931048741637207e-01 -4.139936680695616711e-01 6.765696011046317127e-01 -5.532481885195323912e-01 4.859732675373984456e-01
7.215259225461145842e-02 5.672902465005593697e-01 8.203510100294106877e-01 -6.839229140693451336e-01 -5.705326699455262052e-01 4.546888168140101327e-01 7.259775830160563048e-01 -5.938638301413581289e-01 3.468173874072653096e-01
-4.292495265013595573e-01 2.243245463326957179e-01 8.748847592174576748e-01 6.186231479620882823e-01 -6.327512089516678095e-01 4.657588521710338547e-01 6.580655323019395375e-01 7.411507306093902958e-01 1.328357998181666777e-01
3.458743279777351520e-02 -7.717568334365461080e-01 6.349764558914409163e-01 7.814550863907451239e-01 -3.751810627420087974e-01 -4.985650590583044495e-01 6.230021327784467378e-01 5.134496666702320633e-01 5.901167531512172548e-01
-9.766787774252869703e-01 2.100686688537457270e-01 4.438152873732819498e-02 -2.129523830103729476e-01 -9.214178695658242768e-01 -3.250236794680985142e-01 -2.738335803458670156e-02 -3.268948822034279944e-01 9.446639019735839637e-01
-5.589359902961452686e-01 7.206393224621667759e-01 4.102066865287997688e-01 -7.536172325123339233e-01 -6.478328886915224460e-01 1.112367528744359207e-01 3.459069609188550332e-01 -2.469646032346882181e-01 9.051833290207100813e-01
-8.147217646990999596e-01 7.501086895531929033e-02 5.749798393545232367e-01 3.242588634045677209e-01 -7.631229529856207172e-01 5.590165902100616702e-01 4.807126331075175507e-01 6.418852920616534563e-01 5.974099398283925222e-01
-1.578638795854207244e-01 -9.821641132028811061e-01 -1.021403458905359857e-01 9.224339537479683271e-01 -1.097615891456030363e-01 -3.702269500200165986e-01 3.524125373693903773e-01 -1.526631857542294080e-01 9.233089164630863266e-01
-3.135824878878351596e-01 -9.299692974783253518e-01 -1.918935356851462770e-01 9.258526930026594881e-01 -2.545687858066167930e-01 -2.792696262622710868e-01 2.108620737586520688e-01 -2.652392109787232721e-01 9.408428916719229207e-01
-9.444826087914557355e-01 6.088078641321635620e-02 3.228716951610873798e-01 -3.063825326292050621e-01 1.917288279864231004e-01 -9.324000215672813008e-01 -1.186690582679407746e-01 -9.795578524848141955e-01 -1.624317341074063281e-01
-9.454104705574623013e-01 -3.258582670689108007e-01 3.928351201746090385e-03 -1.594992938285133277e-01 4.521750233057035273e-01 -8.775521201425544593e-01 2.841813108360988216e-01 -8.302735320852597800e-01 -4.794651650434508805e-01
-9.312631777793389798e-01 -2.330615384253301725e-01 2.800557319876640361e-01 -3.639447130804285835e-01 6.311621459192735539e-01 -6.849661242568004793e-01 -1.712131808980131911e-02 -7.398085325713651406e-01 -6.725995804350991536e-01
-3.956849045481577454e-01 6.710962585616508935e-01 6.269475799915567027e-01 -6.832239226602967452e-01 2.410838306674191467e-01 -6.892631268937868816e-01 -6.137088298349573368e-01 -7.010765994777441446e-01 3.631157857313977999e-01
-4.302049225781521824e-01 4.888656904716414120e-01 -7.589031962439026779e-01 6.975320340362864968e-01 -3.536292577035076712e-01 -6.232137751921623670e-01 -5.730382064773055228e-01 -7.974689240188312933e-01 -1.888664320135305108e-01
-4.054649846418510450e-01 -4.655709859999148104e-01 -7.866649879233540421e-01 7.672703062756647263e-01 2.944502685291838784e-01 -5.697326710578739517e-01 4.968847183573181225e-01 -8.345913349407353410e-01 2.378295194142432956e-01
-9.857500407275371357e-01 7.568193360670027667e-03 1.680463616235554070e-01 -7.444221975339136710e-02 8.762155091338641455e-01 -4.761352092331249120e-01 -1.508483116373764699e-01 -4.818600460741058744e-01 -8.631660807015147929e-01
-4.382218018108098856e-01 6.845548753572521239e-01 5.825343552463704277e-01 -2.941321396473332572e-01 5.031894540952296380e-01 -8.125802469380036808e-01 -8.493809138685478599e-01 -5.274324562557392015e-01 -1.915899903096745030e-02
-5.678771492533178644e-02 6.385141103566669418e-01 -7.675121408218854580e-01 9.290653169564274672e-01 -2.476603378896173047e-01 -2.747762614656762969e-01 -3.655308362672187728e-01 -7.286728263849523435e-01 -5.791572496532811920e-01
-2.018710787925288574e-01 6.460427573027867354e-02 -9.772790569251481596e-01 8.363539087154532314e-01 5.306178603142508443e-01 -1.376837887767098922e-01 5.096667606618308088e-01 -8.451455341376964414e-01 -1.611484384149706461e-01
-8.373116014416959185e-01 5.064990503644299924e-01 2.058348708821554629e-01 5.356385842324813407e-01 8.354094367097908425e-01 1.232168013610738799e-01 -1.095472006605677229e-01 2.134239560971572802e-01 -9.707984475632787102e-01
-8.571817380145286824e-01 4.241905106551859816e-01 -2.920648535590765205e-01 1.972784458052641299e-01 7.942883191987621938e-01 5.746192485507818359e-01 4.757317341055265492e-01 4.349350257848847989e-01 -7.645330866028300365e-01
-9.496895693651469239e-01 2.052616091209905347e-01 2.365531518709984848e-01 3.110308721137627352e-01 5.295231272841360859e-01 7.892180017355034938e-01 3.673579223583184339e-02 8.230874373311080072e-01 -5.667252880157327422e-01
-9.057064273325951542e-02 4.260129137307808178e-01 9.001721813128279459e-01 1.649095451849780514e-01 8.978242012831619823e-01 -4.083093747357951497e-01 -9.821414361393009385e-01 1.114661425046318127e-01 -1.515701108179617340e-01
3.833842158490281538e-01 8.859374782855157227e-01 -2.610197839377849660e-01 9.171516422785784828e-01 -3.985009907036525800e-01 -5.461270357164571196e-03 -1.088549865809229356e-01 -2.373009586523184555e-01 -9.653180030016836888e-01
-3.134236512937733921e-02 5.448208450264614422e-01 -8.379665285515586204e-01 6.769629030952059034e-01 6.283753474746519574e-01 3.832305448669531822e-01 7.353494978450778596e-01 -5.552609021989239890e-01 -3.885182704947465204e-01
-7.866013511311970019e-01 4.722869685272972351e-01 3.977478268424244345e-01 5.953575826944412785e-01 4.093100010632539365e-01 6.913860511738944004e-01 1.637304587631976394e-01 7.806473867175210968e-01 -6.031434277883643835e-01
-1.305812500062652759e-01 5.541242203107014097e-01 8.221282659122352010e-01 7.556181051043108221e-01 5.924725218266201354e-01 -2.793162904647272793e-01 -6.418643286438124873e-01 5.847415320852989984e-01 -4.960720958380601675e-01
9.514511331641213321e-01 2.526686367830916491e-01 -1.757819705967711421e-01 2.762148582394867713e-01 -4.488933875328915413e-01 8.498235574029386896e-01 1.358163955067659689e-01 -8.571191787700351838e-01 -4.968909539286566757e-01
5.638162606487224782e-01 7.107873713033439900e-02 -8.228359723274428772e-01 -1.068386286896407661e-01 -9.816416398009268907e-01 -1.580037924502575297e-01 -8.189607631918692787e-01 1.769957743475924217e-01 -5.458715638456423935e-01
3.763422121111605900e-01 -2.050703882977635284e-01 -9.035002353218748450e-01 -5.035462498091899941e-02 -9.782819531522797263e-01 2.010692216118419307e-01 -9.251113182348976727e-01 -3.017542012906426069e-02 -3.784950368151807631e-01
5.667794176527942707e-01 -2.471376298843699915e-01 -7.859288031496850513e-01 1.386588611607696420e-01 -9.117261366128219802e-01 3.866900206090879699e-01 -8.121174865416691535e-01 -3.281439374911478413e-01 -4.824797864585080864e-01
8.615799979130407404e-01 -3.447574678721531116e-01 3.725885069920248927e-01 3.480760695148159556e-01 -1.330200911511884576e-01 -9.279809832002198222e-01 3.694901311635829799e-01 9.292189966291644065e-01 5.394374496386056782e-03
2.336103343064311055e-01 6.731486441161820267e-01 7.016388776498800883e-01 9.180361913346259950e-01 -3.904567707108562713e-01 6.894245140596295951e-02 3.203681680583316260e-01 6.280242138091456372e-01 -7.091895541844599471e-01
3.775966279895103805e-01 6.681677322886214743e-01 6.410714999586494267e-01 5.735837104356733551e-01 -7.122826893375786561e-01 4.045430726052194337e-01 7.269267594839229352e-01 2.149540695085982167e-01 -6.522056687486668114e-01
2.337815456911518652e-01 9.574052909820877089e-01 1.694735899594979334e-01 5.491102110890281329e-01 -2.738543869668837449e-01 7.896086060933956707e-01 8.023865433642434208e-01 -9.153624166687458763e-02 -5.897431233083474389e-01
4.920482081813174480e-01 8.661376601529418018e-01 8.771610165951446159e-02 3.638132586945831970e-01 -2.961193305391024988e-01 8.831496220228497451e-01 7.909035804847411866e-01 -4.026399082876175872e-01 -4.608173506179598644e-01
4.837949891526165946e-01 8.710844841188494225e-01 8.458268143194548616e-02 3.434247702234852206e-01 -2.778486638279624166e-01 8.971396475499021639e-01 8.049856120874252507e-01 -4.049838781191349435e-01 -4.335737801064768471e-01
1.081203421946017040e-01 1.911422332648891054e-01 9.755893799474415484e-01 3.702852890050882251e-01 -9.184724115340129336e-01 1.389144844762900399e-01 9.226043552629377142e-01 3.462269139067698509e-01 -1.700827085169257791e-01
6.928679298958249078e-01 5.048693201470411118e-01 5.148213294883372537e-01 3.807383053665739925e-01 3.501705097002809075e-01 -8.558147912736929763e-01 -6.123498791936387020e-01 7.889788233599875911e-01 5.039882678224092555e-02
6.700553248506617710e-01 -5.575630874866153164e-01 -4.900502679436744558e-01 -4.919081473654499659e-01 -8.279230088776486918e-01 2.693879468841755553e-01 -5.559246677336461273e-01 6.055489115978619080e-02 -8.290240460697514413e-01
5.499170650385161174e-01 -6.009332779142345649e-01 -5.800607011983124339e-01 -6.711321733768913500e-01 -7.313314782078578213e-01 1.213914117255406738e-01 -4.971647890165140637e-01 3.225421902287555209e-01 -8.054773169274244138e-01
6.597474028662897449e-01 -4.268474599739876529e-01 -6.184938239990284137e-01 -6.125745472820496307e-01 -7.822066380860589474e-01 -1.136010534999443988e-01 -4.352996536104505876e-01 4.538215742424114296e-01 -7.775346875341072606e-01
5.899709943937350154e-01 -4.702272510776329684e-01 -6.563692239266256667e-01 -7.619150094041430288e-01 -5.932837933997405777e-01 -2.598073496533515048e-01 -2.672447272047711597e-01 6.533763638464332724e-01 -7.082934299766311392e-01
6.600262801842022853e-01 -8.658130231124595844e-02 -7.462365493302334229e-01 -6.679147017284020604e-01 -5.223325912379126468e-01 -5.301496160007552749e-01 -3.438826263149472595e-01 8.483350412547959740e-01 -4.025821619222074155e-01
-1.043517868890986577e-01 -3.851757384986931876e-01 -9.169243998525937744e-01 -1.487777983535087112e-01 -9.055377046262484964e-01 3.973243413350207032e-01 -9.833493129555413992e-01 1.778794984595251649e-01 3.718887922017988235e-02
7.155205789477331324e-01 -6.964422708837451070e-01 -5.475823617131228560e-02 -1.024674369751929492e-01 -1.821636055167094870e-01 9.779145387941053924e-01 -6.910359798606986459e-01 -6.941070408456071483e-01 -2.017044629811627354e-01
-2.957475605656669226e-01 -9.247607763624779986e-01 -2.394804520643061541e-01 -9.501894372347153839e-01 2.589702774684830566e-01 1.734198049689598675e-01 -9.835351436035354167e-02 2.788402802490419496e-01 -9.552877494889189247e-01
2.703620554532017994e-01 -5.919337913979799692e-01 -7.592883151822718002e-01 -9.580519673108003342e-01 -8.752550489381563659e-02 -2.729023890056445634e-01 9.508305265937418149e-02 8.012201149461337657e-01 -5.907669087742468683e-01
3.529911658026328447e-01 -6.142280377238602540e-01 -7.057769864051919306e-01 -7.832841026958746733e-01 2.185692280610190552e-01 -5.819738026824997634e-01 5.117257579301800474e-01 7.582555045752762402e-01 -4.039620507573409292e-01
6.457220328642603313e-01 -2.585519467303972752e-01 7.184663855154039824e-01 -5.662099841649814724e-01 -7.934220555034029454e-01 2.233555364718921299e-01 5.122980676379121912e-01 -5.510284318278658722e-01 -6.587247962630405906e-01
3.940144719812672669e-01 -2.975281473097270979e-01 8.696146258129313633e-01 -1.481674198739524606e-01 -9.543410765456695755e-01 -2.593829703460667768e-01 9.070826927889317215e-01 -2.664791128951628577e-02 -4.201081732919356160e-01
7.413110094550373619e-01 -6.618793651594709893e-01 -1.112371036877964070e-01 -3.230967382984791803e-01 -2.066613031013820601e-01 -9.235256377065680367e-01 5.882741579923751463e-01 7.205600681251597139e-01 -3.670513632474720067e-01
-3.641223021482857813e-01 -8.636809880129044936e-01 3.485256088485973458e-01 -9.276262342005603401e-01 3.028803069596762709e-01 -2.185705590396381237e-01 8.321369299051631363e-02 -4.028879131980326878e-01 -9.114586171065666154e-01
-6.037111636439025375e-01 -7.909106535348537914e-01 -9.996583924919349995e-02 -7.065752907003155503e-01 5.889243691403717174e-01 -3.923256886878300764e-01 3.691668856540222254e-01 -1.662180061175252133e-01 -9.143781411313508523e-01
-8.492341923697456219e-01 -3.033571848599675436e-01 4.321755487113324024e-01 -4.282553491700504256e-01 8.745021897187749138e-01 -2.276911857852776389e-01 -3.088667065537236134e-01 -3.784446307861998315e-01 -8.725714979368469626e-01
2.652043943774131107e-01 -1.876886337021650697e-01 9.457481726030055880e-01 -8.416528399851679332e-01 4.334854726869997732e-01 3.220416772938404781e-01 -4.704116560501143685e-01 -8.813985033731016605e-01 -4.300641933300075603e-02
-8.404656390477754924e-01 -3.334761155197298321e-01 4.270962303250713243e-01 -1.365339626035500520e-01 -6.324360154215212804e-01 -7.624848611307124546e-01 5.243815277408110376e-01 -6.991554668137988093e-01 4.860099243725297113e-01
-8.841115827204888422e-01 -9.671488248782000863e-02 4.571574573435717159e-01 -2.563455576560431659e-01 -7.175956090593990089e-01 -6.475673686410415852e-01 3.906835859995716476e-01 -6.897120945467301034e-01 6.096421591937994933e-01
-9.193627360454068587e-01 -2.112229416473705157e-01 3.318991239713288688e-01 -4.686583779148177642e-02 -7.788354085894512169e-01 -6.254750191457731923e-01 3.906094632996062188e-01 -5.905931554370865699e-01 7.061331120487550628e-01
-7.171181291656729684e-01 -6.575176181772077744e-01 2.311107323524737300e-01 1.845971771781541038e-01 -4.989510519151163503e-01 -8.467418319480006783e-01 6.720606155695946216e-01 -5.645515296050223064e-01 4.791827411550287907e-01
-3.585805781889383481e-01 -9.153461858109656069e-01 1.831975138122903524e-01 7.667334570492705392e-01 -4.007381319621980409e-01 -5.015264254580434899e-01 5.324845300916836166e-01 -3.937397252964798533e-02 8.455234565050654405e-01
-3.585805781888921628e-01 -9.153461858109882554e-01 1.831975138122653446e-01 7.667334570492869705e-01 -4.007381319621458604e-01 -5.015264254580603653e-01 5.324845300916913882e-01 -3.937397252964690286e-02 8.455234565050607776e-01
-8.693294280377330541e-01 2.104423209545409623e-01 -4.471916536551797661e-01 -2.549414050657530240e-01 -9.660880869058424691e-01 4.097179910266644798e-02 -4.234043286631441472e-01 1.496256591961272198e-01 8.934992650133728453e-01
-2.470565007916021294e-01 9.060487965737826777e-01 3.435675532465334858e-01 -9.408797378505727727e-01 -3.090999997691761259e-01 1.385731180457925593e-01 2.317507374720667590e-01 -2.890203597843860051e-01 9.288481185378252292e-01
-5.440219882904655524e-01 3.363578714143143911e-01 7.687024512736514437e-01 4.732874481918225573e-01 -6.334715232688021835e-01 6.121379097814286796e-01 6.928485170948710525e-01 6.968337043693677568e-01 1.854284789731697747e-01
-1.727557280398710204e-01 -9.689657083679739102e-01 1.768075632894837990e-01 9.522000258861866850e-01 -2.102103372520462699e-01 -2.216454935583536678e-01 2.519336601801343556e-01 1.300656377346901260e-01 9.589642124442961935e-01
8.828341911048243063e-02 -9.737300669426279809e-01 2.098947227589789688e-01 9.038264530223217852e-01 -1.026470628800964062e-02 -4.277760846773815406e-01 4.186929432498859294e-01 2.274739381483660561e-01 8.791767892386727068e-01
-9.804723002744946125e-01 1.958844742317411569e-01 1.741669168918338201e-02 1.704026808962089828e-02 1.728542747546821245e-01 -9.847999943960538127e-01 -1.959175787362522347e-01 -9.652723307201898084e-01 -1.728167523365055913e-01
-6.188200484758265008e-01 7.059858563300326628e-02 -7.823538760119971291e-01 5.526761593588485066e-01 7.468809556309126130e-01 -3.697538383738666057e-01 5.582211125358199633e-01 -6.611994236404584724e-01 -5.012030643330079860e-01
-4.852290222852497226e-01 8.727143566613287939e-01 -5.405966712165271443e-02 8.383693948782744432e-01 4.467895612632747926e-01 -3.122752722800933856e-01 -2.483738183938409838e-01 -1.968469954644308795e-01 -9.484522690747752005e-01
-2.859187149817611906e-01 5.144184523385969543e-01 8.084702494939076667e-01 -3.418547901316746351e-01 7.334198877803531635e-01 -5.875632482314419036e-01 -8.952015364638329364e-01 -4.443747563732859396e-01 -3.384205979215394039e-02
-9.328978775192184880e-01 1.196233406328989640e-01 -3.396936951077586531e-01 2.286363327540925638e-01 -5.320458982622621180e-01 -8.152622826348969731e-01 -2.782570348884236822e-01 -8.382227738006932105e-01 4.689942473175707782e-01
-6.140882607904722956e-01 -3.222557125868777961e-01 -7.204490708332247362e-01 6.836694916481190765e-01 2.388792624112175966e-01 -6.895888080439496193e-01 3.943242753736264095e-01 -9.160174418071941327e-01 7.362344841195779532e-02
-2.592823152776613238e-01 8.597845321718563527e-01 4.399354943878454605e-01 6.384413797830648107e-01 4.943750028914414840e-01 -5.899033489452185641e-01 -7.246828862095145984e-01 1.279215179479583631e-01 -6.771047184010299258e-01
-1.282649004212696731e-01 8.797723381798514541e-01 4.577649487384101157e-01 4.811140276492991141e-01 4.588240434124069012e-01 -7.470005285043375132e-01 -8.672239662964760232e-01 1.244231898009668935e-01 -4.821218332753261504e-01
6.015096597578668547e-01 2.671706279035387932e-01 -7.528651836840406508e-01 6.979710459670184219e-01 -6.342092386417231831e-01 3.325884252543860886e-01 -3.886161965354527070e-01 -7.255332502422716656e-01 -5.679603459601766380e-01
4.039549534203267789e-01 1.784167191513047479e-01 -8.972111623996144036e-01 -1.394815210602303179e-01 -9.573144070102834746e-01 -2.531679904989451169e-01 -9.040825741545440719e-01 2.274128414532347042e-01 -3.618260613226467748e-01
1.119584434459209854e-01 -9.767705126349098821e-01 1.827147300797121177e-01 1.270805726155186943e-01 1.964346419868692739e-01 9.722468613943696658e-01 -9.855535678007962819e-01 -8.563175272307586849e-02 1.461210728153046756e-01
-8.593902282918037816e-01 -4.955032409413058225e-01 -1.261941905684395848e-01 1.026337589126736227e-01 -4.089411551532196598e-01 9.067708879057629900e-01 -5.009139118132143187e-01 7.663182562347139459e-01 4.022953928562578718e-01
-5.458701443925639829e-01 -1.854026874236439637e-01 -8.170995220638256340e-01 -8.345550602423544850e-01 3.365142439511536326e-02 5.498958383731052946e-01 -7.445560344743563930e-02 9.820862615535720375e-01 -1.730980588655102459e-01
-5.459428914294860435e-01 -6.475519324446958602e-02 -8.353161822001797798e-01 -8.376003193282476333e-01 6.513855150521555282e-02 5.423860932666147994e-01 1.928896987479392436e-02 9.957729329800415474e-01 -8.980089969201586475e-02
2.424343414903814553e-01 1.478729969281851186e-01 -9.588321890954653037e-01 -9.700014308607510793e-01 5.524863234929023453e-02 -2.367378566085881764e-01 1.796703075693359061e-02 9.874619817506951058e-01 1.568311844078512929e-01
9.691284163432034582e-02 2.151021490573886141e-01 -9.717710463876017002e-01 -9.606944204279728172e-01 -2.349791278029300934e-01 -1.478209729894102153e-01 -2.601425218700755271e-01 9.479007727435755370e-01 1.838749394213632649e-01
6.720114646699970606e-01 -6.480566615447271861e-01 -3.583617652311535395e-01 -5.460205818097382258e-01 -7.605162770556395113e-01 3.513922545725573499e-01 -5.002620469236503942e-01 -4.046672411911744760e-02 -8.649279326318619621e-01
7.566970640341436072e-01 -5.959662611106857355e-01 -2.687634069211388699e-01 -6.187906275843527704e-01 -7.855559095200176367e-01 -2.687600060709243572e-04 -2.109685106736796656e-01 1.665116471479639038e-01 -9.632061871002498554e-01
5.724452768035996897e-01 -3.356781709680195513e-01 -7.480819277330628125e-01 -7.577331132562314941e-01 -5.651681899459541913e-01 -3.262291313605099052e-01 -3.132841108965934707e-01 7.535947734749620652e-01 -5.778823264739560983e-01
8.430945074684634832e-01 -1.274794951242534113e-01 -5.224372017758447395e-01 -5.233181822337062972e-01 -4.181637864922124748e-01 -7.424803888387254691e-01 -1.238132933901631011e-01 8.993820244975774258e-01 -4.192639292742945112e-01
6.348755039959017576e-01 3.865822130752682440e-01 -6.689449057730970649e-01 5.018629630972891720e-01 -8.646314767707971027e-01 -2.336612180828207333e-02 -5.874237488365264825e-01 -3.208840942006606634e-01 -7.429446395202424780e-01
4.087252942682268464e-01 8.199027160764726929e-01 -4.008779988921500337e-01 5.713134204096251834e-01 -5.723897079247678432e-01 -5.881929937713079592e-01 -7.117194738695908907e-01 1.138237375164672174e-02 -7.023715769324465619e-01
7.301916403201018646e-01 6.387879124183734048e-01 -2.424255996276300229e-01 2.206137249673073286e-01 -5.562438253935284571e-01 -8.012005935267543233e-01 -6.466449974775098086e-01 5.315475610514551752e-01 -5.470899721047363107e-01
4.113556136297939481e-01 6.940921245969030595e-01 5.907814161835265310e-01 -8.997565684245065754e-01 2.056222450077751784e-01 3.849124704850690470e-01 1.456869133182947806e-01 -6.898953652044054197e-01 7.090978129688934040e-01
-4.075974118382915123e-01 -8.973720517460034296e-01 1.690791252872298756e-01 -9.128871225801151734e-01 4.049696553289223733e-01 -5.134860942783125298e-02 -2.239310809432797089e-02 -1.752797164761012993e-01 -9.842639735873366380e-01
-3.353808541694699441e-01 -9.419981370147099131e-01 1.261715171393267346e-02 -8.359321335672569298e-01 2.913885828305332604e-01 -4.650915628838126481e-01 4.344388918205308037e-01 -1.665298881787563301e-01 -8.851726642960231484e-01
-3.356604241188367865e-01 -8.457302161129747198e-01 -4.148162017494782527e-01 -7.464084842020949351e-01 5.074282496870224923e-01 -4.305704891544424595e-01 5.746359320400125092e-01 1.650968593676632179e-01 -8.015837901526204901e-01
-3.426627775068044057e-01 1.874066402733240086e-02 9.392715307210888209e-01 3.908130304027582769e-01 9.120280670249082400e-01 1.243783752354989253e-01 -8.543110652325273113e-01 4.096993928121255846e-01 -3.198421663111987168e-01
-9.619205698486320566e-01 2.483661846148898233e-01 1.141186033998216887e-01 1.268838580149538875e-01 3.595634077106679705e-02 9.912656698048187831e-01 2.420935849569838538e-01 9.679986466406849122e-01 -6.610080350856747944e-02
-3.070401508982320560e-02 1.000617233062871952e-01 -9.945073730175859605e-01 8.811938117200525389e-02 9.913732716678946844e-01 9.702582586279544230e-02 9.956365994273346232e-01 -8.465629185991256633e-02 -3.925651702969294027e-02
3.320028462751648535e-01 2.862691058289518198e-01 -8.987903588229468888e-01 3.106988211757433782e-01 8.664778227644749364e-01 3.907459854910075303e-01 8.906404171073715181e-01 -4.089818843240218271e-01 1.987296296720240940e-01
-9.766074142066074604e-01 -1.715578563030979165e-01 -1.296374192020567639e-01 1.876134638930959109e-01 -3.852457599074455841e-01 -9.035413065484992901e-01 1.050673435598247496e-01 -9.067268642838486326e-01 4.084204290963681094e-01
-4.478557551988872065e-01 -8.929440445348231226e-01 4.556485339629750414e-02 6.991861746300090941e-01 -3.815292859789518043e-01 -6.046272381779089766e-01 5.572826174765269647e-01 -2.389274728242505308e-01 7.952042171595471443e-01
-1.043129801589161992e-01 -2.156752892948873290e-01 9.708774236524053691e-01 -5.456147015312307058e-01 -8.037736901698391279e-01 -2.371759947038179217e-01 8.315187307832285768e-01 -5.544655305592282035e-01 -3.383157960134629272e-02
-2.579076407410401117e-01 6.651301604993667405e-02 9.638774131305969384e-01 -7.496460314353750043e-01 -6.431414509088011489e-01 -1.562046787907303003e-01 6.095198736715510268e-01 -7.628532577231766920e-01 2.157323127872907975e-01
-7.144692621456705250e-01 -4.634261226713313198e-01 5.241849886011973325e-01 -2.851496393407750296e-01 -4.912839761646702330e-01 -8.230004483277378879e-01 6.389235921711196031e-01 -7.374796835097547909e-01 2.188615082135392798e-01
-4.474938639887671710e-01 7.130507931309219005e-01 5.397293841433560280e-01 -5.491540839208226554e-01 2.572348902375586333e-01 -7.951477871173091572e-01 -7.058179891483959967e-01 -6.522183512136364714e-01 2.764637201056958093e-01
-9.490909312431183853e-01 1.448402099028902046e-01 -2.797279353717775363e-01 2.565308115180294224e-01 8.707418733456705473e-01 -4.195241742073679281e-01 1.828068570212064980e-01 -4.699254234426559762e-01 -8.635691920328496529e-01
-3.751024871016156448e-01 -5.714498877293334722e-01 -7.298925605760857582e-01 5.496719879820641808e-01 4.969064655855796597e-01 -6.715241396160627207e-01 7.464307267242074051e-01 -6.530918697039337362e-01 1.277191447222856824e-01
-2.222173296368016027e-01 -4.893069129566546827e-01 -8.433256804710252963e-01 6.660928662846915538e-01 5.554477532328849776e-01 -4.977932170220724095e-01 7.119970167730571564e-01 -6.723514991143910713e-01 2.024937276680392473e-01
-8.382982490405596065e-01 2.740919576553609849e-01 -4.713063169576494071e-01 1.620259375359333828e-02 -8.515401185063637968e-01 -5.240390276781151657e-01 -5.449711199790209237e-01 -4.469373841186481400e-01 7.094035896906584204e-01
-1.794066344154555126e-01 -9.434793397366727508e-01 -2.786754295193083486e-01 6.515027506061942253e-01 -3.261961632683167411e-01 6.849381205784891291e-01 -7.371278216702189523e-01 -5.867536586235783808e-02 6.732011407897614541e-01
-9.912735442208426839e-01 1.317004785143586765e-01 -5.634224608439374581e-03 -6.125831079735330476e-02 -4.223862257641979312e-01 9.043435716822074699e-01 1.167226622644643858e-01 8.967970005769227981e-01 4.267680398883346715e-01
3.685250850968917469e-01 1.525084925318913598e-01 9.170225849781340477e-01 7.622477033214863917e-01 5.150944420456137207e-01 -3.919899929269076710e-01 -5.321350396614077383e-01 8.434565047940338900e-01 7.357597491833943459e-02
4.818234716317701949e-01 -4.148299208951463507e-02 8.752858410553718826e-01 -5.113343716087053181e-01 -8.244868752292169312e-01 2.424016356922785442e-01 7.116061428882125561e-01 -5.643585331525190485e-01 -4.184688082303124612e-01
4.175330716945343523e-01 -7.783971810693051108e-01 4.687898916835624985e-01 -5.931624147380630818e-01 -6.243113994675331124e-01 -5.083243317381140880e-01 6.883491002270840653e-01 -6.582632450813070968e-02 -7.223866078619630704e-01
6.675370902998417622e-01 -5.569124404961933728e-01 4.942092337204917474e-01 1.569212028795217428e-01 -5.436107873813864622e-01 -8.245380815519883777e-01 7.278529859531148727e-01 6.279616592302138534e-01 -2.754889932029438993e-01
8.946366884614432857e-01 3.613638154278543957e-01 2.627572806948778039e-01 3.199682618350533914e-01 -9.286458586600851994e-01 1.877156909044320476e-01 3.118421188309852266e-01 -8.386335369454778199e-02 -9.464256076576254006e-01
8.594623298094890007e-01 4.687538052297938185e-01 2.039469875262542586e-01 4.896231067043350094e-01 -8.695209037527774631e-01 -6.482755061043513067e-02 1.469480078791162714e-01 1.555739953190817815e-01 -9.768331561535048557e-01
8.093713458105784575e-01 5.867356861018595549e-01 2.567604399734307874e-02 5.793999266085552158e-01 -8.048698603596163847e-01 1.283753595153402927e-01 9.598827859053506162e-02 -8.902663949218943273e-02 -9.913932155476724573e-01
9.033826658960638634e-01 4.063598472977639764e-01 1.370088809627271476e-01 2.806812181537906015e-01 -8.018416665335955651e-01 5.275111331396999947e-01 3.242187729515748629e-01 -4.380885941390896265e-01 -8.384274392879869087e-01
6.247079473995511556e-01 6.458583906623650561e-01 -4.388700487238333392e-01 5.190482880031237478e-01 7.643395711310568830e-02 8.513205770572321862e-01 5.833771123183238982e-01 -7.596214777183776246e-01 -2.874827915059997019e-01
-4.586753439389439913e-01 5.976762517362975702e-01 6.575713094204620468e-01 7.270357305423624794e-01 -1.730650817397194341e-01 6.644302250779673402e-01 5.109167988794504067e-01 7.828355993392701606e-01 -3.551513044181325851e-01
-2.406762891131742355e-01 5.324991035699156994e-01 8.114922233490277081e-01 9.134942760184064925e-01 -1.582886543058116546e-01 3.747971579396814912e-01 3.280291626369813418e-01 8.314982902058741798e-01 -4.483385571690094995e-01
-2.627080054421491173e-01 4.884112165840326369e-01 8.321291891236078930e-01 9.221998717851060956e-01 -1.265496612424344969e-01 3.654210991704757716e-01 2.837814306048609958e-01 8.633884796279891471e-01 -4.171671522178231339e-01
3.971261434119673084e-02 3.106801996118791487e-01 9.496845380605658526e-01 9.788704023832134338e-01 -2.028927618725374360e-01 2.544135448161622196e-02 2.005882439234982773e-01 9.286077432096163653e-01 -3.121730540114415198e-01
6.104294061879592115e-02 2.684111456345850688e-01 9.613684082076654480e-01 9.923575807250933911e-01 8.716153132978300688e-02 -8.734586099917573954e-02 -1.072389452486840061e-01 9.593530759607628022e-01 -2.610392389403800029e-01
3.829902470114479596e-02 9.968957846286161661e-01 -6.878938360413629216e-02 9.952063641089682333e-01 -3.185375772801126576e-02 9.246421445950729623e-02 8.998598526409373743e-02 -7.200092157952615868e-02 -9.933369970698510132e-01
6.131085705592571877e-02 9.920251638220881629e-01 1.101229002107494553e-01 3.760387982014152253e-01 7.924317177369283316e-02 -9.232092622880688770e-01 -9.245733075610084173e-01 9.801323416255508514e-02 -3.681814836119451373e-01
8.352239871972189089e-02 3.692132429618112388e-01 -9.255839184718622770e-01 5.376458047213025226e-01 -7.987386568774504925e-01 -2.700991423073936804e-01 -8.390238361200994532e-01 -4.750769824262476293e-01 -2.652185196985382132e-01
1.850452800389214281e-01 3.143722332990631640e-01 -9.310898685228387039e-01 9.742831331458751132e-01 -1.826426589460814764e-01 1.319622506649620330e-01 -1.285714618520536756e-01 -9.315641459736763164e-01 -3.400847264044078999e-01
4.292319471151875288e-01 -7.196503725972444587e-02 9.003227026949345291e-01 9.020066661035186506e-01 8.525766581726225424e-02 -4.232199247722243096e-01 -4.630237445876827368e-02 9.937565918430923961e-01 1.015082572398990080e-01
-9.001700021937619756e-01 3.105379825288721030e-01 3.053852133902040245e-01 4.051709981445996700e-01 3.398372703214597723e-01 8.487326386813269785e-01 1.597824440074421537e-01 8.877368929515981888e-01 -4.317323007138237911e-01
-8.987066878648574120e-01 -7.448689496935350166e-03 4.384869510165110840e-01 3.816111071489735052e-01 4.794066222884324491e-01 7.902798576495110305e-01 -2.161000973796920743e-01 8.775612842022912918e-01 -4.280034350115814457e-01
-7.182897948541329125e-01 -7.153016549434007554e-02 6.920572274261430623e-01 6.268335328540729501e-01 3.650810194898160277e-01 6.883280985823247988e-01 -3.018931809400298150e-01 9.282237255277572263e-01 -2.173964642520239965e-01
-7.383367955503227220e-01 6.599675519262658829e-01 1.389302225612995267e-01 -2.697754657057965799e-01 -4.778013677805797443e-01 8.360185709960201716e-01 6.181261800309879595e-01 5.797833072376770147e-01 5.308213844682972971e-01
-7.861465710957945552e-01 4.408524228512299969e-01 4.331543720436460410e-01 -2.720965491835062103e-02 -7.248600484404160715e-01 6.883585874049817921e-01 6.174408501496714274e-01 5.293647621830885885e-01 5.818416839014654007e-01
-6.896664910774771284e-01 5.626714390883902350e-01 4.558080546886816853e-01 -1.586614119437800841e-01 -7.315815173020961959e-01 6.630347199822715920e-01 7.065314483056549522e-01 3.849536792604570934e-01 5.938215029610759421e-01
-6.894323742759727036e-01 6.599384854478097528e-01 2.986037453299038025e-01 -3.073229304918958515e-01 -6.397918437751903831e-01 7.044281461104574538e-01 6.559234846337403946e-01 3.938877912091127698e-01 6.439074391885358795e-01
-9.905911974256351726e-01 -2.575267545984054329e-02 1.344093720300283124e-01 9.581696301332622012e-02 -8.317609099004801276e-01 5.468024308289324287e-01 9.771483603705916066e-02 5.545363725385250575e-01 8.264025788621822688e-01
-9.959667665834219807e-01 8.864915385076886645e-02 -1.383934185234628016e-02 -8.225377054638899343e-02 -8.405149944155846375e-01 5.355080404564174223e-01 3.584016032700453741e-02 5.344865495820381174e-01 8.444167284129453499e-01
4.410422896352190203e-01 8.956715244462707393e-01 5.704576276479710745e-02 -3.740729640348904872e-01 1.256775819678559447e-01 9.188441450914648367e-01 8.158131626368104738e-01 -4.265884031321139913e-01 3.904756304581865622e-01
-8.608716948928655244e-01 4.604227145444119151e-01 2.165891245280802679e-01 5.088209446786053913e-01 7.780780861139700022e-01 3.683690244382571977e-01 1.082214700030176367e-03 4.273235493636836635e-01 -9.040981213179056786e-01
-9.052439031234176259e-01 4.244456561254170701e-01 -1.947718804512487203e-02 3.967044602213920523e-01 8.607188152771524381e-01 3.190434018567840924e-01 1.521809682527180407e-01 2.810854069925363685e-01 -9.475399447398011876e-01
-9.390532089264554960e-01 3.205033633366037860e-01 1.243248361947514313e-01 3.401167607070905152e-01 9.187808100763544816e-01 2.004056189869778959e-01 -4.999659879474329521e-02 2.304765001586126238e-01 -9.717926337360222044e-01
3.255181696685517378e-01 -3.259204327585910610e-01 8.875887520276993792e-01 9.256312112596536412e-01 3.014390513170367436e-01 -2.287823399720168571e-01 -1.929890721196994008e-01 8.960526602000229435e-01 3.998060131999515154e-01
-8.709158809272165014e-01 -6.968519645305668031e-02 -4.864663418409019280e-01 -3.166130250981822325e-01 -6.775090282498704708e-01 6.638807942530756678e-01 -3.758480021058357434e-01 7.322059068562722928e-01 5.679901313208151059e-01
-7.693326262011128680e-01 -3.507251777054720687e-01 -5.339655044906590486e-01 -1.057642405555411780e-01 -7.543674977772926171e-01 6.478762256148443699e-01 -6.300327258819247156e-01 5.549067741708434420e-01 5.432653461220404711e-01
-6.799426754121457028e-01 -1.942784156868369583e-01 -7.070600083101760136e-01 -3.039523006625378665e-01 -8.028420595140061122e-01 5.128914372430674051e-01 -6.673012491186598449e-01 5.636492922673830286e-01 4.868352064622634146e-01
-6.806152700115196685e-01 5.006712859696933471e-01 -5.348748616570047076e-01 -7.295919349224796457e-01 -3.966454284487437310e-01 5.571068233173824824e-01 6.677172098439931869e-02 7.694157962351477753e-01 6.352486676732311821e-01
-9.976731785887831272e-01 -6.336135771919881865e-02 2.517075828286438957e-02 3.002793223906049039e-02 -7.691197547695255432e-02 9.965856066157484650e-01 -6.120908437479757186e-02 9.950225557122879261e-01 7.863562560180109573e-02
-5.397131468017224432e-01 -8.390369449210538511e-01 6.875117618577021583e-02 5.930959674783040647e-01 -3.210083424042387557e-01 7.383703795981100271e-01 -5.974503264124613189e-01 4.392842464332491481e-01 6.708818512265893874e-01
-3.718103128007900771e-01 -2.630580459797571269e-01 -8.902570166756849090e-01 -4.007880551499785615e-01 -8.195362127653398332e-01 4.095477149433769948e-01 -8.373326854626400584e-01 5.090784422970155987e-01 1.992814929800754142e-01
2.585263129062414372e-02 9.281948812178949515e-01 -3.711952369525355899e-01 -7.500087295090657191e-01 2.635048180971445442e-01 6.066729897562512797e-01 6.609224970566128787e-01 2.627155749484387237e-01 7.029665565046196996e-01
-9.923075101037811541e-01 -1.015529870419340092e-01 7.080110320111891731e-02 -6.756483538935538491e-02 9.234836140540890748e-01 3.776413743122015165e-01 -1.037342682552108986e-01 3.699527069727421291e-01 -9.232411365364393552e-01
-7.038627997363163802e-01 -3.070128579430781990e-01 6.405624592535670292e-01 3.306169807702587504e-01 6.565496573789587620e-01 6.779638334173370140e-01 -6.287046772322539834e-01 6.889743481822787619e-01 -3.606172158578841436e-01
-9.285673268473201292e-01 -2.039370576577178851e-01 -3.101167457999246535e-01 -3.233378335366879353e-01 3.419808547452587999e-02 9.456654463147516898e-01 -1.822508296700556252e-01 9.783865123067624348e-01 -9.769579121326966986e-02
-1.789921707094015990e-01 -9.573469546650243966e-01 -2.268228630855814998e-01 6.518254965454550742e-01 -2.880804093382360875e-01 7.015220593885735934e-01 -7.369432304309521120e-01 -2.228196914813023594e-02 6.755872918971126406e-01
3.225496675574123784e-01 -1.637138375444742444e-01 -9.322872365076465551e-01 -2.930252720859130022e-01 -9.538160545555862679e-01 6.611447641017600962e-02 -9.000543882886075098e-01 2.518585187530424929e-01 -3.556253430985255592e-01
7.106203102827002294e-01 -2.625435629798690829e-01 -6.527554305799032619e-01 1.068162921525562248e-01 -8.767559013660392031e-01 4.689236282707499592e-01 -6.954200560413101861e-01 -4.029515689976401749e-01 -5.949966207448922351e-01
5.460780367370221544e-01 -4.399801393551667772e-01 -7.128928774833199755e-01 3.334457761193519998e-01 -6.665055945484845701e-01 6.667714802117244988e-01 -7.685132999380055452e-01 -6.018203796886404389e-01 -2.172545475008937632e-01
6.955408937497813415e-01 -5.818567801498129022e-01 -4.215039175564651575e-01 2.019158922786004895e-01 -4.047158189585166599e-01 8.918716714472287865e-01 -6.895308822432043572e-01 -7.054415590808562619e-01 -1.640102714907783754e-01
-3.999993239614000329e-01 -3.490578957305817132e-01 -8.474426979203736332e-01 -9.054761836328006908e-01 7.427835417398864423e-03 4.243320729508802680e-01 -1.418217955894010007e-01 9.370717222759155085e-01 -3.190347404384792918e-01
-7.274041703357990718e-01 -6.369345889192324917e-01 -2.553380160030546686e-01 -5.836169377167359507e-01 3.785107655897531065e-01 7.184155276320238759e-01 -3.609355108440120974e-01 6.715980418158975507e-01 -6.470561237178926728e-01
3.912794840135303542e-01 -8.983497921149107279e-01 -1.996697683606668550e-01 3.909758148669668643e-01 -3.413922665138466317e-02 9.197675931412003791e-01 -8.330895975699232903e-01 -4.379522396457659061e-01 3.378750630189226167e-01
9.270299083260566952e-01 -3.729635950322511828e-01 -3.890637286618506274e-02 -3.742056423871000237e-01 -9.134084693496741236e-01 -1.601721115735940670e-01 2.420095606874467231e-02 1.630433221598028004e-01 -9.863220512715172861e-01
5.340555112848078823e-01 9.566081230347052433e-02 -8.400200711029248701e-01 -8.401236274103425217e-01 -5.130079588061858126e-02 -5.399634422892936048e-01 -9.474703970684580923e-02 9.940911614793964679e-01 5.296943586007027416e-02
-6.029505847298993748e-01 -7.861445123117383194e-01 -1.357475529650960799e-01 -7.434302606498027766e-01 4.919517932225745405e-01 4.530947811388477686e-01 -2.894167236426383183e-01 3.741126019091485233e-01 -8.810662410788014931e-01
5.951774592333513025e-01 -8.034479705411168293e-01 -1.533462271768701139e-02 4.579882616127971262e-02 1.486293228857432994e-02 9.988401077079527290e-01 -8.022881399739010266e-01 -5.951894252060822010e-01 4.564305620871649677e-02
8.314197949862027759e-01 -4.174647964979468773e-01 3.666936980506059762e-01 -3.921669343273692654e-01 -9.083954637666376009e-01 -1.449923343782986429e-01 3.936320872659821446e-01 -2.325564647829599096e-02 -9.189738596834530204e-01
8.442455714408245715e-01 -5.234233480453494014e-01 -1.152276608438832922e-01 -4.984893632597159341e-01 -6.878917853819072059e-01 -5.275540221825775200e-01 1.968699312223156084e-01 5.028249102074092702e-01 -8.416705649215918683e-01
9.462244352478942355e-01 -2.241564049343453546e-01 2.332664233590296399e-01 1.441180009066754253e-01 -3.534775828826038357e-01 -9.242746346266004220e-01 2.896365307665241251e-01 9.081891347766620770e-01 -3.021641532663176255e-01
5.421352644066967930e-01 7.196432600650659595e-01 -4.338236200688067035e-01 8.165586172997699732e-01 -5.730167223649906827e-01 6.988462208219203831e-02 -1.982961915926990393e-01 -3.921293334258568741e-01 -8.982834776766323026e-01
-8.034714606893504640e-02 9.684241685412509071e-01 2.360062836107646722e-01 4.975606168808186514e-01 2.441299089097788699e-01 -8.323665178903357775e-01 -8.637000455295558154e-01 5.054915786529539518e-02 -5.014648681526484575e-01
-7.427675458366531647e-01 4.121702512256698037e-01 -5.276476635562443729e-01 5.826659647817274967e-01 9.681301969255344184e-03 -8.126540751618483993e-01 -3.298435179547632434e-01 -9.110554079729447086e-01 -2.473485339889389678e-01
-4.686160370197915426e-01 3.648044235435490834e-01 -8.045599681881545617e-01 8.786731401921041851e-01 9.837226775120239131e-02 -4.671792050620752201e-01 -9.128265198169992212e-02 -9.258729013749917858e-01 -3.666426706571987437e-01
-3.244093381118676178e-01 6.899575282639255347e-01 -6.470836039784615412e-01 8.441641397628324439e-01 -9.747599334705421559e-02 -5.271483053747615388e-01 -4.267850588812796553e-01 -7.172566067405301560e-01 -5.508152808362920538e-01
3.327589393013113406e-01 3.725107944271118798e-01 -8.663181842431501023e-01 9.361137085840005589e-01 -2.414004317414186473e-01 2.557673868110741933e-01 -1.138534712521989400e-01 -8.960812126087341900e-01 -4.290406128718889378e-01
4.688105884772182375e-01 3.354177223345538583e-01 -8.171362087654331363e-01 2.738498881831433196e-01 -9.347059600166153226e-01 -2.265634724563898028e-01 -8.397754883739610987e-01 -1.175573045510892728e-01 -5.300541569245148521e-01
2.702676691486040061e-01 2.799810182577387452e-01 9.211764306734839813e-01 1.404196089055164964e-01 9.350892999577969933e-01 -3.254079509465905851e-01 -9.524902731512810972e-01 2.172984825529087061e-01 2.134095804606737645e-01
-9.439742546126919098e-01 -8.987950712626312233e-02 3.175441399666406594e-01 -2.019265063206811261e-01 -6.037620517771886686e-01 -7.711660462435593333e-01 2.610331256249615040e-01 -7.920814724714492217e-01 5.517867779259704175e-01
-8.050828954737287990e-01 -5.246132203840567776e-01 -2.768076957273882255e-01 3.506041766422739459e-01 -4.445302694183560221e-02 -9.354681393381081289e-01 4.784540131889695735e-01 -8.501793324904914906e-01 2.197199578313089319e-01
-9.164664403422653205e-01 3.917314486253303807e-01 -8.146002629681173279e-02 1.542987235161673854e-01 1.581778614797115790e-01 -9.752803023023620677e-01 -3.691627928809436132e-01 -9.063808450621656521e-01 -2.054083641352907053e-01
-6.122973841360915825e-01 5.857916180080879887e-01 5.309803138079283169e-01 -6.474931583621561515e-01 1.386078981110848256e-02 -7.619452003786179040e-01 -4.537009182868151913e-01 -8.103431734625023974e-01 3.708091395427327019e-01
-6.122973841360694891e-01 5.857916180081061963e-01 5.309803138079335350e-01 -6.474931583621637010e-01 1.386078981112525907e-02 -7.619452003786112426e-01 -4.537009182868344537e-01 -8.103431734624886307e-01 3.708091395427386971e-01
4.220345133060903198e-01 8.931328195528206448e-01 -1.555655367236602471e-01 -7.137596179371632488e-01 2.215449178979363443e-01 -6.644283687168933694e-01 -5.589580282818081836e-01 3.914481012742630495e-01 7.309817416516556365e-01
-2.992534561940223270e-01 9.541720552686479007e-01 -1.748685316759478062e-03 9.436298142408929834e-01 2.962178332661158375e-01 1.477083915382796930e-01 1.414572113101011663e-01 4.255213507607061990e-02 -9.890294096581947469e-01
-3.574447420980924606e-01 8.622707051114831822e-01 3.587791625122255801e-01 9.338752524774747155e-01 3.256766899764075296e-01 1.476878682090841388e-01 1.050091217756950711e-02 3.878452329377747865e-01 -9.216646928958938112e-01
-1.731206094206870216e-01 8.681095852865267082e-01 4.652042589309180465e-01 9.321917164914302889e-01 2.968736876292358273e-01 -2.070860142505510648e-01 -3.178802577993331546e-01 3.978086996623797500e-01 -8.606395181342512135e-01
7.901215172703475176e-01 -4.336502767647398837e-02 -6.114143131470044512e-01 5.886215436843593718e-01 -2.245590536278074534e-01 7.765937868309441550e-01 -1.709756305940889343e-01 -9.734950979888921108e-01 -1.519033506363554331e-01
-2.769311543742057902e-01 2.277616725736734682e-01 -9.335061629380990711e-01 3.631799639803696134e-01 -8.746268159612742288e-01 -3.211358693211660009e-01 -8.896119656907652828e-01 -4.279632616333868822e-01 1.594929377493766454e-01
9.272311233333682123e-01 3.689079806364584657e-01 -6.441541542729264935e-02 -1.179350305109622132e-02 -1.431579168979858763e-01 -9.896295893490721918e-01 -3.743038300735433421e-01 9.183750392144593988e-01 -1.283897587041743782e-01
9.154005400392374314e-01 2.059140673572567859e-01 -3.458919602423043971e-01 -3.716313857356935979e-01 1.020778527425715565e-01 -9.227514427599853297e-01 -1.546995941560321552e-01 9.732314775241587279e-01 1.699662517210460411e-01
5.973075261074475839e-02 -2.840684293439562080e-01 9.569416725394563894e-01 -5.226634135409103932e-01 -8.256394546378480470e-01 -2.124675200850254519e-01 8.504441153528653485e-01 -4.874675562490029535e-01 -1.977882409707604483e-01
1.233973901357457714e-01 -2.394128330184523978e-01 9.630444327723228781e-01 -5.608768085217084032e-01 -8.174144146419566326e-01 -1.313426069409709684e-01 8.186515069125502864e-01 -5.239419530077988885e-01 -2.351479111286858825e-01
2.515458634826465284e-02 -1.290784950805385911e-01 9.913152822858078972e-01 -6.844303280990706728e-01 -7.249971647296661326e-01 -7.703399971534659330e-02 7.286442017636909352e-01 -6.765484855069066050e-01 -1.065822405209466139e-01
4.916878228259023431e-01 3.445665747870680362e-01 7.996980432789817517e-01 -6.094324825497786646e-01 -5.197953264582885202e-01 5.986692474190863367e-01 6.219607174877991307e-01 -7.817203426620220608e-01 -4.558696930519806623e-02
1.971573216802984807e-01 4.504236406833426187e-01 8.707741006836472453e-01 -1.293246350772275233e-01 -8.684970235651147119e-01 4.785269677047244152e-01 9.718045736000594514e-01 -2.069576381100716733e-01 -1.129796740918795478e-01
8.292994932227862881e-01 -5.578917661836766406e-01 3.192378055443186730e-02 -2.100981316857533920e-01 -3.642262104593494976e-01 -9.073026191280267883e-01 5.178041382632870837e-01 7.457184755917473096e-01 -4.192646295104501264e-01
-3.361054376484914896e-02 -9.340309340976521435e-01 3.556072911183045804e-01 -9.718383467553096677e-01 -5.249168405365377960e-02 -2.297277755978103797e-01 2.332392744023563946e-01 -3.533140773502789211e-01 -9.059628047676039353e-01
-1.406242286265773911e-01 -9.645231894412130691e-01 2.234274901468712160e-01 -9.383100437318565579e-01 5.782859824896421919e-02 -3.409253804815380318e-01 3.159099367780342504e-01 -2.575866267000482823e-01 -9.131538980862911048e-01
-2.774345955937532193e-01 -8.955837579615837374e-01 3.477927222400410412e-01 -9.517194379466282772e-01 2.066861872821932067e-01 -2.269601978790655172e-01 1.313779151999491246e-01 -3.939677048466764808e-01 -9.096863695447774401e-01
-2.308755809419656135e-02 -8.076654857419688360e-01 5.891887879130398575e-01 -9.996818233605756499e-01 2.464012496025002816e-02 -5.395950742796125875e-03 -1.015956218163510845e-02 -5.891259011307626858e-01 -8.079773857684042770e-01
1.535324501290648569e-01 -8.733248229038352850e-01 4.623110862366932583e-01 -8.315498271033827660e-01 -3.669327837763338707e-01 -4.169954642852659599e-01 5.338095838421230699e-01 -3.204123685036754376e-01 -7.825491948166355405e-01
-4.850017929761830243e-02 -6.437750808392228574e-01 -7.636762258303916306e-01 -5.236104115040993712e-01 6.674837174739866041e-01 -5.294314156447608166e-01 8.505761985693035543e-01 3.741913042783857613e-01 -3.694604149700395079e-01
-9.929459319580221655e-01 9.514884378565976672e-03 1.181856301894491784e-01 -6.882150064498601671e-02 7.654268725117254757e-01 -6.398322466755569371e-01 -9.655038714053351678e-02 -6.434525388963672210e-01 -7.593726706504730917e-01
-8.700896211628108556e-01 -1.086774235342592293e-01 4.807632148560363472e-01 -3.658147158342665572e-01 7.960919211685443253e-01 -4.820967192683132674e-01 -3.303386819975081545e-01 -5.953376106581298455e-01 -7.324271189080984179e-01
-8.589644970798754331e-01 -4.522724456877439958e-01 2.400617162896729884e-01 -5.062137325460589476e-01 6.795876596219837529e-01 -5.309503459564766104e-01 7.699123156635398479e-02 -5.775900343332993625e-01 -8.126881951282142191e-01
8.834602076264593817e-01 2.624670597673886899e-02 4.677704265619876400e-01 -4.630655836029011763e-01 2.006356003013613776e-01 8.633166401583010074e-01 -7.119218231742716063e-02 -9.793142837297347247e-01 1.894075153202723349e-01
-7.238770888446121043e-01 9.389998918406715356e-02 6.835091457157556061e-01 -1.654607355830416404e-01 -9.854106244021396677e-01 -3.985782602833459060e-02 6.697945246313742329e-01 -1.419460931009313420e-01 7.288529353904079633e-01
-3.178102142271552188e-01 9.311087611325050695e-01 -1.789780508195956132e-01 -9.412102732404932226e-01 -3.326147818950437318e-01 -5.908154036134070919e-02 -1.145420851890075198e-01 1.496792631168547272e-01 9.820775065713245322e-01
-7.320234679273595058e-01 2.350541199056966069e-01 -6.394460126695302726e-01 4.211013472788702749e-01 -5.817175645492098646e-01 -6.959010924081500127e-01 -5.355513959682320912e-01 -7.786875084462926422e-01 3.268493023798325625e-01
-7.304908016260224235e-01 -1.342852400937108726e-01 -6.695899215435857643e-01 5.764803693193124579e-01 -6.469111616517384533e-01 -4.991756531721748824e-01 -3.661332715408971983e-01 -7.506486683018712691e-01 5.499754578591549148e-01
-9.426102885939728893e-01 1.561191265563218744e-01 -2.951485425342276203e-01 3.618492031791083197e-02 -8.309866097427317522e-01 -5.551143179290800589e-01 -3.319284491850222341e-01 -5.339363939193252362e-01 7.776473698727813799e-01
-3.308145472184291780e-01 9.283418686383138052e-01 -1.695379316901976796e-01 -3.106587577343232764e-01 -2.767699722970445864e-01 -9.093346571409565149e-01 -8.910964434850098259e-01 -2.481526896243873292e-01 3.799570647330431927e-01
-7.354122986582276589e-01 5.017618684879195934e-01 -4.554160496883408737e-01 5.974096492257089386e-01 1.629125152142635313e-01 -7.852141258272027358e-01 -3.197975328144940788e-01 -8.495260677095636259e-01 -4.195652491421192898e-01
-3.156671552147575777e-01 3.837414597464858246e-01 8.678114652332373780e-01 2.639538704454130191e-01 9.139878574895713426e-01 -3.081469627280293277e-01 -9.114179071071120131e-01 1.317903199527931113e-01 -3.898059904250219532e-01
-9.077441247690467563e-01 -2.432156218022710759e-01 3.418285612095808279e-01 -2.662825880085143981e-01 9.636557812256898448e-01 -2.147367303917472117e-02 -3.241823364570706190e-01 -1.105155944726364664e-01 -9.395169589249543485e-01
-8.040192014149444288e-02 -4.645628876827752607e-01 8.818825628310169584e-01 -6.912729040471170538e-01 6.633945653367848694e-01 2.864427042392320710e-01 -7.181067492844126487e-01 -5.865909768053547690e-01 -3.744779333454961723e-01
-5.545095438260061460e-01 -7.436172053036165241e-01 3.735674206650177465e-01 -2.529624239447663125e-01 -2.770412571398677692e-01 -9.269617866526915773e-01 7.927983210614556464e-01 -6.085076776991406033e-01 -3.448518962302420804e-02
-3.282541887749340637e-01 5.313355882065188274e-01 7.809812291322646427e-01 -7.734470400447474026e-01 -6.258138829912425205e-01 1.006809818259774697e-01 5.422442842462517065e-01 -5.709986659885085691e-01 6.163859664541485595e-01
-9.415697207451932949e-01 -7.620475878250569657e-02 3.280842814197584278e-01 9.922042763531045695e-02 -9.936009434761692294e-01 5.396732217863695752e-02 3.218722847896120509e-01 8.336665917599683784e-02 9.431056316352632862e-01
8.942878475574211894e-02 -9.551988632374331933e-01 2.821305090326588494e-01 5.536275343675688410e-01 -1.877993918441162036e-01 -8.113124808685410194e-01 8.279486974729762805e-01 2.287499073068580413e-01 5.120297200943578764e-01
-8.976274091863762905e-01 -2.958809229030532895e-01 3.266795275792342967e-01 -3.751568384708060533e-01 1.238576871194361356e-01 -9.186493454468979136e-01 2.313490454398799134e-01 -9.471608906640209824e-01 -2.221798063969698811e-01
5.634043305331484230e-01 8.143635952109135046e-01 -1.392389856744522814e-01 -4.178226002261432037e-01 4.262458912193718419e-01 8.023332941856945455e-01 7.127410715517659145e-01 -3.938608574277966401e-01 5.804082958654895874e-01
-2.654272392306179507e-01 -1.308840817655488042e-01 -9.552055997610157112e-01 -2.999006017224097390e-02 -9.891424056951627630e-01 1.438676389826832880e-01 -9.636643487051276269e-01 6.683306364349542172e-02 2.586201164618616710e-01
8.417968685091427039e-01 5.052870850939157332e-01 -1.899025903074912647e-01 -1.032926196927777401e-01 -1.945193577461546142e-01 -9.754449518958139276e-01 -5.298194663139550453e-01 8.407420419482526386e-01 -1.115533594988443733e-01
-1.284269379936393840e-01 9.301677707269695450e-01 -3.439395875708382011e-01 8.927247956269922513e-01 -4.261118094186912980e-02 -4.485830207793035096e-01 -4.319131404233071958e-01 -3.646535418168312392e-01 -8.249114095283914816e-01
-3.039240159257401985e-01 9.525873696262301404e-01 -1.440471353934861913e-02 7.346177822184934980e-01 2.246998025511898756e-01 -6.401927153458082387e-01 -6.066027584770393721e-01 -2.051518997280715184e-01 -7.680792872132478077e-01
