1.271713653014160672e-01 -8.755233195334682916e-01 -4.661398511181705229e-01 -9.918800513883568870e-01 -1.116907124832737935e-01 -6.082062481436441986e-02 1.186383245336331818e-03 4.700894613773798358e-01 -8.826179755685469308e-01
-2.443183221484705181e-01 -9.239942555596365459e-01 -2.941822108070940578e-01 -6.530469229918766105e-01 -6.748071300045824228e-02 7.543050243394852084e-01 -7.168251347667699003e-01 3.764053255013048438e-01 -5.869248308777359480e-01
-4.954998721856373467e-01 -3.556491368251911700e-01 -7.924604520980927935e-01 -7.392228814020862515e-01 -3.064021198344207830e-01 5.997226630473215803e-01 -4.561024098550841566e-01 8.829674016839295092e-01 -1.110817684767185926e-01
-7.868057981269001022e-01 -5.148009618122848519e-01 -3.404652783339855993e-01 -7.899561741626640043e-02 -4.630955747536439349e-01 8.827809360609319977e-01 -6.121244387074533666e-01 7.214724238394277789e-01 3.236992634782271949e-01
-9.214387820804648133e-01 1.455775408135158711e-01 -3.602190312695303653e-01 -3.507296308767119397e-01 -7.105501410696072329e-01 6.100059205049133126e-01 -1.671505216957316908e-01 6.884226003238491653e-01 7.057868137477454340e-01
-9.644563007481105066e-01 -2.147461329832844878e-01 1.539744859254149056e-01 2.621973764189788336e-01 -8.500890159960523551e-01 4.567288043049924640e-01 3.281127468225744637e-02 4.808666792902053788e-01 8.761795803384923031e-01
-8.916478877359114152e-01 2.740758885001646772e-01 3.603421313681389182e-01 -2.069542149309667178e-01 -9.546561377013284000e-01 2.140131109803553033e-01 4.026586609255969895e-01 1.162500154495801769e-01 9.079382890315718102e-01
-7.123297506835324366e-01 -2.307740640522154829e-01 6.628194759147930659e-01 1.850046560885054703e-01 -9.727354249331333635e-01 -1.398537461269113158e-01 6.770226019245668692e-01 2.300270507963895344e-02 7.356026590777856589e-01
-5.338005872417217468e-01 1.483618807927717873e-02 8.454802307468044509e-01 -3.312096170630132175e-01 -9.236276954388449312e-01 -1.929043021378750999e-01 7.780469925559542199e-01 -3.830036132226494749e-01 4.979468943903858635e-01
-3.004953008925377866e-01 -4.611087768142588250e-01 8.349139297474689192e-01 -1.543678033831063223e-01 -8.403170688491268248e-01 -5.196516189520504758e-01 9.412083485712281483e-01 -2.850366989453644861e-01 1.813309814514660057e-01
-1.269177811149492519e-01 -3.642810695997664161e-01 9.226002271667332888e-01 -6.251739013371617748e-01 -6.927464294057409377e-01 -3.595274365503551839e-01 7.700970522757054626e-01 -6.224160078892950754e-01 -1.398171777694795781e-01
5.931923084353942638e-02 -7.442951214925151993e-01 6.652112453759129185e-01 -5.608666953982404113e-01 -5.761070246930277694e-01 -5.945832541304915120e-01 8.257782867363301360e-01 -3.378246116282666578e-01 -4.516245707808890786e-01
1.447643776755930811e-01 -7.268839891178529022e-01 6.713292346682928624e-01 -8.634423299759589332e-01 -4.241522068547258217e-01 -2.730608873968464745e-01 4.832293635137310250e-01 -5.401245891314182535e-01 -6.890245354511921327e-01
2.305458156345873977e-01 -9.353381874173566368e-01 2.683115764408925408e-01 -8.509253508596956728e-01 -3.275418109942925260e-01 -4.106609420372036023e-01 4.719901208263658221e-01 -1.336369604914492693e-01 -8.714163692706945463e-01
2.073924240050119550e-01 -9.454193060175744012e-01 2.513378568273666458e-01 -9.764293142171313056e-01 -2.157573935128874187e-01 -5.877200182728433038e-03 5.978441939826939500e-02 -2.441947643864903483e-01 -9.678815734600170195e-01
1.823682992714057149e-01 -9.718809978686169249e-01 -1.489601604549239122e-01 -9.820646176419409734e-01 -1.726745395659416982e-01 -7.571387033746740380e-02 4.786324473585013006e-02 1.600963127857466528e-01 -9.859403026734248066e-01
7.760068956264666584e-02 -9.878872913917118304e-01 -1.343757139000554268e-01 -9.380529273880499064e-01 -1.179998009863109792e-01 3.257802209863286946e-01 -3.376904475967774100e-01 1.007707619993958581e-01 -9.358474315442391056e-01
-1.600169599121521041e-02 -8.774150038472308122e-01 -4.794651778275134668e-01 -9.510360484666031677e-01 -1.346761669896265889e-01 2.781955509385661274e-01 -3.086654827518535149e-01 4.604402687306428654e-01 -8.322982510427489045e-01
-1.571786898591965853e-01 -8.992234087123766040e-01 -4.082794639433146022e-01 -7.776335188122878161e-01 -1.421435221818279360e-01 6.124388373718334666e-01 -6.087536200087564353e-01 4.137541302820288425e-01 -6.769243309268743181e-01
-3.376703778747770501e-01 5.263489062071373681e-01 -7.803432224607678158e-01 -9.408345853991545438e-01 -2.137884864996363599e-01 2.629158914120556800e-01 -2.844290461092648797e-02 8.229528005753096176e-01 5.673972939682992989e-01
-7.484038524442014895e-01 1.246599770164203980e-01 6.514227227975266654e-01 5.968524165854377506e-01 -3.017391394351658374e-01 7.434518710374254935e-01 2.892384249417784825e-01 9.452054707116284149e-01 1.514191258527405326e-01
-4.483689353587909654e-01 6.491898690707981201e-01 6.144247811580065832e-01 4.070836861826672703e-01 -4.636592112595475657e-01 7.869580727447340607e-01 7.957689176194027159e-01 6.029698580443423328e-01 -5.638421801204343553e-02
-4.350593842090840768e-01 7.889088904305721073e-01 -4.339885883421555346e-01 -7.114454362830343603e-01 -5.766902460551837084e-03 7.027176773271421872e-01 5.518774532481427464e-01 6.144831205457274015e-01 5.637745747732242352e-01
-9.154431643582072731e-01 -1.988100411725652050e-01 -3.499119608684378435e-01 2.403569724675518882e-01 -9.674526151804145879e-01 -7.914520305621258744e-02 -3.227883805468603207e-01 -1.565567146740743654e-01 9.334332629997688091e-01
-8.238777662186228534e-01 -5.534309306401560269e-01 -1.222277846538296769e-01 5.270930673816379697e-01 -8.274434491136853920e-01 1.936755969064354599e-01 -2.083226455497060314e-01 9.513960021788306354e-02 9.734218673430102831e-01
-9.045735550599296459e-01 2.351334830301795020e-01 3.556106419166009669e-01 -5.817344581294896233e-02 -8.944220115868377619e-01 4.434243062701940796e-01 4.223298872782846325e-01 3.804228047147690250e-01 8.227490236788255196e-01
-4.672694765584106680e-01 8.563463116760914318e-01 -2.198413763502772567e-01 -8.388346727511849510e-01 -5.079701765729454088e-01 -1.957618234050339801e-01 -2.793127782025766614e-01 9.293704423536496007e-02 9.556919366310218100e-01
-9.611688141947793973e-01 -4.379452768069382051e-02 -2.724638507483644334e-01 2.741095823594371650e-01 -2.656904128381007979e-01 -9.242686521702738744e-01 -3.191312391692296274e-02 -9.630631567405871785e-01 2.673778387427024894e-01
-9.631016540207614218e-01 2.688982018173057265e-01 -1.135610328825140472e-02 2.746415511219466379e-02 5.621800271643030700e-02 -9.980407087662052090e-01 -2.677329344821952617e-01 -9.615265431749636660e-01 -6.152871332603779969e-02
-9.752042904660580547e-01 4.306381016824172014e-02 -2.170762541375402255e-01 2.186945280176414153e-01 3.377829186963794972e-01 -9.154645832865934141e-01 3.390125767185295236e-02 -9.402383783332547429e-01 -3.388251711982417369e-01
-6.209339091505704511e-01 -5.682868238756121348e-01 -5.398992186291444728e-01 7.110817613759833344e-01 -1.185310699759817288e-01 -6.930462568175220772e-01 3.298542240224022204e-01 -8.142484088162029732e-01 4.776983563242195863e-01
-7.452899446577175846e-01 6.651136920760673810e-02 6.634147542512345286e-01 -3.822813612143101669e-01 -8.578453968425536758e-01 -3.434563086975920831e-01 5.462635437773880609e-01 -5.095856286063911167e-01 6.647696050945761659e-01
-8.669994954974770407e-02 -3.998747421554523784e-01 9.124600316365545360e-01 8.395662426940995182e-01 -5.223808684039145112e-01 -1.491534527058784032e-01 5.362943621525250171e-01 7.531390435448707121e-01 3.810117297560978722e-01
5.852756842801878356e-01 5.519662105591616186e-01 5.939576380444295811e-01 4.044286503412314882e-01 -8.336254293839385765e-01 3.761729791832671976e-01 7.027729648851956945e-01 2.004858811497084448e-02 -7.111316431864550536e-01
7.361782119250611656e-01 5.146611015655441213e-01 4.395060759786605376e-01 5.887533425909391438e-01 -8.072801070076160990e-01 -4.084520066994987153e-02 3.337830760760884252e-01 2.888300181163876990e-01 -8.973104695477878145e-01
8.233915211088507213e-01 5.618460453781193298e-01 7.972091481551218939e-02 5.417008215556322615e-01 -8.200573395220983608e-01 1.845702571431598882e-01 1.690757903781836269e-01 -1.087886997298285335e-01 -9.795807245546871433e-01
6.694111921709565705e-01 6.449991332624699369e-01 3.685983910530827856e-01 1.437531300748766394e-01 -5.992540660762359916e-01 7.875465712481858338e-01 7.288509404466283481e-01 -4.742053166949533050e-01 -4.938680230874488153e-01
6.891968744719093598e-01 7.106571996801490654e-01 1.413294476070720007e-01 2.349183036731990193e-01 -4.036723278700710127e-01 8.842296321155863614e-01 6.854349413456088946e-01 -5.762074246785846565e-01 -4.451560905208590269e-01
-4.464008333582125121e-01 6.732029363108739117e-01 5.895117492633296097e-01 8.899319572856436711e-01 2.651408870131764517e-01 3.711083688568739269e-01 9.352757549961801531e-02 6.902884299887139807e-01 -7.174639196815962849e-01
-7.518561010662874189e-01 6.575027248667034696e-01 4.901601862922738001e-02 5.736362242476685802e-01 6.156788028233709520e-01 5.402602095146928907e-01 3.250444362241562968e-01 4.343152985410962952e-01 -8.400692447250284189e-01
5.770965490948285481e-01 8.138840937420628308e-01 -6.747040074359399175e-02 1.200948389192264265e-01 -2.856077113595572019e-03 9.927583152451990856e-01 8.077975010408272594e-01 -5.810202447223179467e-01 -9.939151138307820987e-02
5.571888785016746448e-01 5.178935727224842633e-01 -6.490969118758674883e-01 3.970517748175602102e-01 -8.526935155940221778e-01 -3.395050170146719504e-01 -7.293081939675927217e-01 -6.855666121281359104e-02 -6.807419058755527219e-01
4.169147584621204494e-01 2.164601954415584784e-01 -8.827950316839545675e-01 3.969995039696608274e-01 -9.170576600411394219e-01 -3.737167386823474213e-02 -8.176634258815271838e-01 -3.348883873013104862e-01 -4.682694630513631329e-01
1.942443838359955710e-01 2.880995065881583050e-01 -9.376928034552864943e-01 9.627964266230849832e-02 -9.568835530863525340e-01 -2.740512657180326217e-01 -9.762168559070225626e-01 -3.704780879481948258e-02 -2.136073737175518406e-01
6.355253296669639562e-01 7.086495280650816353e-01 -3.064692508634992985e-01 1.698133864626246436e-01 -5.155153738356216264e-01 -8.398852975955792832e-01 -7.531739301979274437e-01 4.817257993010721218e-01 -4.479612540811437893e-01
7.449860528274120375e-01 5.099421014178943112e-01 -4.300637560805781190e-01 -2.471927140076257412e-01 -3.877669875766840968e-01 -8.879935391021986923e-01 -6.195898185365678046e-01 7.678514286938626920e-01 -1.628270254552887930e-01
3.716907157945044671e-01 -2.010186612461652422e-01 9.063318981603643021e-01 -9.134419092054940625e-01 -2.534852689423400807e-01 3.183851393144034869e-01 1.657404304905461256e-01 -9.462223397595458385e-01 -2.778369907711704667e-01
-6.781192654907582940e-01 -7.334582033736867235e-01 4.683295500091800428e-02 -5.654545587042467680e-01 4.799629093594057760e-01 -6.707434290992649872e-01 4.694841890957140995e-01 -4.813259493764061037e-01 -7.402093802742854001e-01
-7.854854199238597845e-01 2.073499861534595090e-01 5.831111715009394958e-01 -1.541630531063895304e-01 8.469477970686599688e-01 -5.088351227042618996e-01 -5.993716777959684494e-01 -4.895767685283940462e-01 -6.332994391070794205e-01
-8.764617571148556330e-01 4.676783161165355418e-01 -1.144193207004046559e-01 4.725187736813209471e-01 8.811374467282068190e-01 -1.796687207049114596e-02 9.241643162252204113e-02 -6.981255336756585217e-02 -9.932700592278318474e-01
-8.792710396882148505e-01 2.483151679122150568e-01 -4.064751113541080763e-01 3.336847563584299237e-01 9.300822735959048959e-01 -1.536276268015888680e-01 3.399072257831858845e-01 -2.707148716406269084e-01 -9.006533940051398845e-01
-7.168681624696084942e-01 3.904711704630323132e-01 -5.776091262044573682e-01 4.737695733903315998e-01 8.806184572642068442e-01 7.316013610684252849e-03 5.115099500175829261e-01 -2.684090120745538655e-01 -8.162806951473077222e-01
-6.794279013063386774e-01 2.434287490592105807e-01 -6.921850699472884560e-01 3.225871125853869148e-01 9.464013064488776550e-01 1.619018053270793525e-02 6.590260098966408409e-01 -2.122899227079008966e-01 -7.215384307134214970e-01
-9.813439736911083733e-01 -1.720864558466679017e-01 8.573363992201910033e-02 -1.004600643919522640e-01 8.391752800744031182e-01 5.345022214868823118e-01 -1.639261442312068551e-01 5.159177269935395493e-01 -8.408074204069024837e-01
-5.347197265629557439e-01 3.206577957163240233e-01 7.818269578818487497e-01 2.976368495667462977e-01 9.373845866665914128e-01 -1.808934561002298047e-01 -7.908774366514826903e-01 1.359732132673639182e-01 -5.966776059727131321e-01
-7.913124553432203390e-02 9.918301661928561330e-01 -1.000558214700103393e-01 9.775424020716194651e-01 9.687145960687212898e-02 1.871544080850967851e-01 1.953179411427311551e-01 -8.299904664203057447e-02 -9.772216023626775216e-01
1.811408102696899225e-01 9.784890865095117185e-01 9.872747559125451267e-02 9.827274347562728884e-01 -1.762254831531787080e-01 -5.649219472444164808e-02 -3.787869892427343788e-02 1.072552407540549868e-01 -9.935096967310356186e-01
-2.663973943947192669e-01 6.614758751850500218e-01 7.010578398448138460e-01 6.968683915894788861e-01 6.346656858225073750e-01 -3.340268133592564359e-01 -6.658880334284416058e-01 3.995611765269725946e-01 -6.300349142303022232e-01
-8.614760180829608149e-01 -1.846939903236951563e-01 -4.730192387273875476e-01 2.820679751829763826e-01 6.005358956281757754e-01 -7.481940225892220742e-01 4.222519717468497524e-01 -7.779747862240626866e-01 -4.652510122025764749e-01
-2.606499870267644514e-01 1.092140799606160229e-01 -9.592360861650818249e-01 7.633645220003759668e-01 6.315931843940160162e-01 -1.355162572467388804e-01 5.910466908917477724e-01 -7.675691070941972338e-01 -2.479949092633395302e-01
-1.343566211521355913e-01 6.059243756359793398e-01 -7.840943497837044029e-01 3.065595882137482353e-01 -7.270360793850144665e-01 -6.143612602912752463e-01 -9.423213449916109097e-01 -3.229151440899224457e-01 -8.806981600177186953e-02
1.473285370313791656e-02 1.755539564039003408e-01 -9.843595640886004805e-01 3.831829567966063554e-01 -9.102988133358289602e-01 -1.566106383997954710e-01 -9.235549602716515150e-01 -3.748824866945891787e-01 -8.068058333520596037e-02
6.827202190539698179e-02 1.973496435992319609e-01 -9.779529892567462301e-01 -1.212060839666519695e-02 -9.800037267224722681e-01 -1.986096333568960759e-01 -9.975931143893504993e-01 2.541286645229403826e-02 -6.451483815087970253e-02
1.204737024933297401e-01 -1.727004570218719504e-01 -9.775789682434792294e-01 -3.149388511738356912e-04 -9.847579858215487203e-01 1.739299001730481020e-01 -9.927164689986104351e-01 -2.064610145095207433e-02 -1.186918306953275021e-01
1.441615120576698328e-01 -1.647377730061943824e-01 -9.757453174810556407e-01 7.452814582751250416e-01 -6.305950145362012593e-01 2.165767198786406056e-01 -6.509784991783902353e-01 -7.584269205316011009e-01 3.186847690748596806e-02
1.757122811571410481e-01 8.295129928657661855e-01 -5.301258236658857870e-01 7.478032222546381336e-01 -4.626932715792871353e-01 -4.761357760354040791e-01 -6.402464642902250258e-01 -3.127668957900366919e-01 -7.016133791923654384e-01
3.494923354267660820e-02 7.864484014358155139e-01 -6.166664114039538402e-01 6.572226267446399373e-01 4.467607870631909450e-01 6.070117116148205927e-01 7.528857615665576208e-01 -4.265017128004633951e-01 -5.012577371059879772e-01
-1.020537677779401048e-01 5.854234109715641399e-01 8.042788436660173179e-01 7.301927758336879126e-01 -5.049861389007654910e-01 4.602254986834070638e-01 6.755764491178035680e-01 6.342463475689208430e-01 -3.759362073448946351e-01
-1.695068778598020909e-01 6.255873724481426645e-01 7.615168138601088321e-01 4.268680499648834781e-01 -6.498505393490573434e-01 6.288703717197343668e-01 8.882854756650024886e-01 4.316650506366812023e-01 -1.568891257590265542e-01
-2.238806632564344368e-01 3.231787714884070128e-01 9.194742684159808999e-01 4.754832513762159429e-01 -7.873114151218544299e-01 3.925002079993397675e-01 8.507603224648886409e-01 5.250678215983786146e-01 2.259770876376388307e-02
-4.831210271513678572e-02 2.746061055898731396e-01 9.603423491151505953e-01 8.519921610330700723e-01 -4.904879894641035465e-01 1.831144170448108233e-01 5.213207249567598511e-01 8.270507958790833669e-01 -2.102657432068607557e-01
-1.208538015545170541e-01 -8.534528540182835521e-02 9.889947122758048215e-01 8.990577248415726475e-01 -4.317682704296982865e-01 7.260418757098283105e-02 4.208201112738279015e-01 8.979378279757612713e-01 1.289111749913703642e-01
9.990263677387194452e-01 -2.012134009912177821e-02 -3.926128163211938665e-02 -3.694498934064959633e-02 1.048162862887108693e-01 -9.938051186682739235e-01 2.411191252058635451e-02 9.942880255747117424e-01 1.039708510753910298e-01
-8.590682357943323355e-01 -4.643654920645022277e-01 2.153287162198904703e-01 -3.419244125006291046e-01 2.075597676961178084e-01 -9.165187608390967799e-01 3.809061070464911936e-01 -8.609782997344510580e-01 -3.370859015163058525e-01
3.061867554026164728e-01 -3.538658259021598140e-01 8.837582520545994580e-01 -9.440833653727338515e-01 6.388342150096782204e-03 3.296449427961340439e-01 -1.222958300291203532e-01 -9.352743802452602173e-01 -3.321228140527730521e-01
4.776428012501952591e-01 -2.173093234165588694e-01 8.512543758302240082e-01 -3.436497926828708249e-01 -9.379402181372712421e-01 -4.661509615594495309e-02 8.085556099631530103e-01 -2.702680246659703300e-01 -5.226786971364606460e-01
2.684258158159978924e-01 -9.207809264057615906e-01 -2.830372183492184668e-01 -5.083861469629017416e-01 1.141600369858505049e-01 -8.535285651526866024e-01 8.182243622501903513e-01 3.730013023070247180e-01 -4.374687663108450808e-01
-8.972743805628105029e-01 -1.964527625623729290e-01 3.953542690641351776e-01 -4.346762775220259223e-01 5.496742390986605331e-01 -7.133826214808600685e-01 -7.717007026833302974e-02 -8.119510717727520532e-01 -5.786019679381154690e-01
-9.913499989219534125e-01 -7.062103767530894527e-02 -1.106248103957944706e-01 4.063918746917698221e-02 6.362893205838051625e-01 -7.703793591165620791e-01 1.247943751909034032e-01 -7.682112792381157185e-01 -6.279154356854511621e-01
-3.472941619080830988e-01 -8.413012403425017549e-01 -4.142450821708453801e-01 -2.050891705213398475e-01 4.991884100990555129e-01 -8.418725339133273922e-01 9.150547509517836797e-01 -2.074202358039002880e-01 -3.459069940599979742e-01
7.444079650427049000e-02 -9.943440273922556916e-01 7.575303957703354019e-02 -5.281348409369450714e-01 2.512565730422982799e-02 8.487887199612975664e-01 -8.458913391236002610e-01 -1.031923278852660136e-01 -5.232773508009901375e-01
4.545106353145249578e-01 -4.587768942219812573e-01 -7.635075924403241787e-01 -5.506075160777226252e-01 -8.184876547913265687e-01 1.640406114134994597e-01 -7.001795809824137296e-01 3.458348164691162352e-01 -6.246173501377185744e-01
4.272860972739113694e-01 -4.771732684631744270e-01 -7.679402730294864199e-01 -6.453081506797139211e-01 -7.558706612493121257e-01 1.106206767691078063e-01 -6.332487518682983207e-01 4.482914401666611148e-01 -6.308968243148347366e-01
8.190549609278852117e-02 -8.969488481945592229e-01 4.344815915919197358e-01 -6.732502127016600779e-01 2.716470334984818491e-01 6.877078160735448087e-01 -7.348643689872059737e-01 -3.488418737966074157e-01 -5.816216177886684990e-01
-8.897571460232155394e-01 -4.026364596008975005e-01 -2.149793071453095505e-01 -4.562074959119197803e-01 7.696512231435754803e-01 4.466673430948071566e-01 -1.438547094808654593e-02 4.955006317994489762e-01 -8.684884467348710224e-01
-9.596042653380679743e-01 -2.748741898980417986e-01 6.003193877330775113e-02 -2.079984831415534752e-01 8.367607657332845061e-01 5.065254701792007985e-01 -1.894631493346391748e-01 4.735774494814370961e-01 -8.601326144187634304e-01
-9.942328594497399363e-01 -4.287428611690313057e-02 -9.829962756979127025e-02 -8.791594827097279352e-02 8.507653985582471767e-01 5.181399643490576246e-01 6.141504074743726893e-02 5.237938833224315971e-01 -8.496282484498722809e-01
-7.804942891922549419e-01 -2.716182038580710056e-01 -5.630738991208813493e-01 -5.183826667343289785e-01 7.846293475552318375e-01 3.400532278694868293e-01 3.494396591225481519e-01 5.572973517683058597e-01 -7.532008937490387579e-01
-7.165217588871698462e-01 -6.490665885771519650e-02 -6.945384760235860933e-01 -3.471518944471750912e-01 8.967872000484186090e-01 2.743324261020848032e-01 6.050472140444695945e-01 4.376755001884915508e-01 -6.651000115108852695e-01
-5.919961989151509840e-01 -1.562442068516064868e-02 -8.057892888021449540e-01 -4.605835967037184564e-01 8.270166284998078376e-01 3.223449187319037401e-01 6.613646882904165025e-01 5.619602954507235681e-01 -4.967870523870928090e-01
-9.655085457416544559e-01 2.361418917791761191e-02 2.592983188709588882e-01 2.603658149224366003e-01 9.406703167867885851e-02 9.609167684929523778e-01 -1.700152820036716830e-03 9.952857698272553622e-01 -9.697085056735638142e-02
-3.175442338244311991e-01 -3.033319536898685942e-01 8.984182686452578670e-01 3.295329449756142365e-02 9.433529277843224481e-01 3.301504717890076379e-01 -9.476706917208173042e-01 1.344432203996712150e-01 -2.895604954788434937e-01
-5.640417098626074877e-01 7.075536752492933568e-01 -4.257049990033990317e-01 8.210163376200384500e-01 4.254385176084882203e-01 -3.807022998302897476e-01 -8.825600770625137426e-02 -5.642427353332165607e-01 -8.208781960360771457e-01
-4.409674625951771065e-01 8.452974894106881631e-01 -3.016949640420919510e-01 7.456701547625064208e-01 1.579594252791933495e-01 -6.473212805569790174e-01 -4.995234901672103156e-01 -5.104125530994071402e-01 -6.999680767075839860e-01
-5.098106687803765080e-01 8.602742323269305658e-01 4.618137288528412557e-03 6.302638066277143070e-01 3.771462303760705348e-01 -6.786223213012249067e-01 -5.855430095670587365e-01 -3.430582546848716663e-01 -7.344728843461283407e-01
-4.879225298643773412e-01 8.727833701533259658e-01 1.344595234815043616e-02 6.263670648964695387e-01 3.608108897492555700e-01 -6.909991330322586833e-01 -6.079439981311831609e-01 -3.287319434161418696e-01 -7.227305199824610726e-01
-5.376318585434539665e-01 8.253271996668164467e-01 1.725891021161027328e-01 4.941635624736256949e-01 4.742700316436423424e-01 -7.286084755258575019e-01 -6.831942316812158467e-01 -3.064358833016622152e-01 -6.628293077577694925e-01
-2.761996602913374121e-01 9.040573372726867785e-01 3.261810518383457813e-01 5.389078176587829283e-01 4.266897712598921588e-01 -7.263017301152666638e-01 -7.957965265827677825e-01 -2.482277231899800499e-02 -6.050551365398043613e-01
-2.207259242727288850e-01 8.987246921557435764e-01 3.789115913554417792e-01 2.655938464901960172e-01 4.291967721474923558e-01 -8.632786569148548361e-01 -9.384774771194520637e-01 -8.991139242463823400e-02 -3.334306021524883201e-01
-1.677735345415920509e-01 2.795218575767777214e-01 -9.453674271119399952e-01 5.869667336961147397e-01 -7.421284661003072491e-01 -3.235975793137513823e-01 -7.920366750609068029e-01 -6.091903404851662929e-01 -3.956051589693312942e-02
-2.153284202690362859e-01 3.447844519802491514e-01 -9.136505639997827277e-01 1.845602586360345077e-01 -9.043687321485851527e-01 -3.847787770189000089e-01 -9.589427419594150903e-01 -2.514773906032901629e-01 1.311027828031078590e-01
-1.564656786347808637e-01 7.128475419616261410e-01 -6.836423577636374649e-01 1.243460417952668706e-01 -6.724430450547261851e-01 -7.296289557352949595e-01 -9.798247564229065620e-01 -1.991701109022014360e-01 1.657448714131272774e-02
1.380471554720328342e-01 6.989146989132870580e-01 -7.017558168686813813e-01 -3.829535263890229135e-01 -6.157660163240692430e-01 -6.886064258824471374e-01 -9.133945366008560107e-01 3.638000230667056134e-01 1.826471016040823181e-01
1.705433607521512074e-01 6.397660553193936783e-01 -7.494093384555761128e-01 -3.494612570903611326e-01 -6.718416230759542973e-01 -6.530740105803417572e-01 -9.212989698768725422e-01 3.732669660761988584e-01 1.089953216431036181e-01
-7.034004522079663202e-01 -9.448230092762704979e-02 -7.044862657604121781e-01 1.026354525640532228e-01 -9.942400563883163622e-01 3.086541997009270566e-02 -7.033447004922983581e-01 -5.059451634692735400e-02 7.090461389818156768e-01
-8.109126946351291609e-01 7.352293437168774815e-02 -5.805299129252257107e-01 -8.460312960583241115e-02 -9.963825159406692888e-01 -8.012015267112444078e-03 -5.790189220919230717e-01 4.261760257356361076e-02 8.141995012344266369e-01
-6.580289423745716570e-01 2.799889629485293741e-01 -6.990022114588834157e-01 -2.571093313322837526e-01 -9.560534024037152800e-01 -1.409137448730475028e-01 -7.077377358451847345e-01 8.699466868312988321e-02 7.010985842814436708e-01
4.569635270861915344e-01 -3.982354986987855783e-02 -8.885935064970422737e-01 8.424161309162134792e-01 -3.012919461015857725e-01 4.467194036377602484e-01 -2.855160193143367331e-01 -9.526999780046606636e-01 -1.041314295725113553e-01
9.838707167530268416e-01 -7.789083412004262075e-02 -1.610323901454923656e-01 -1.018027712778642596e-01 -9.840297255586979430e-01 -1.460195020434638113e-01 -1.470870778689710445e-01 1.600578557177318173e-01 -9.760875341622846646e-01
9.617875705529461694e-01 -2.391133414696393067e-01 1.333772059277203159e-01 -2.611424041586409839e-01 -9.475166189687828089e-01 1.844367141547785249e-01 8.227584019690685480e-02 -2.122193834436197080e-01 -9.737523398743148650e-01
8.268184142353380839e-01 -4.825021744571733051e-01 2.890725886787956500e-01 -4.206353584573513937e-01 -8.716100578737367988e-01 -2.517177034473270791e-01 3.734129150107372563e-01 8.653068044018040472e-02 -9.236207209919791161e-01
9.728301290780466681e-01 -2.154730184144520999e-01 -8.469308291328692118e-02 -2.228826216295536622e-01 -7.726350729530593320e-01 -5.944395520306151592e-01 6.264883824564432269e-02 5.971653224846419361e-01 -7.996678689857964484e-01
6.623297255555344876e-01 -3.322515199863974034e-01 -6.715119225391747992e-01 -1.578304045727535188e-01 -9.380526776984077220e-01 3.084586475611406642e-01 -7.323994115494162349e-01 -9.831633297461611631e-02 -6.737395643959861458e-01
8.970100079477378863e-01 -4.173396326892062635e-01 -1.456045213186675236e-01 -2.042477873354515971e-01 -6.834987039186809499e-01 7.007940946598050225e-01 -3.919896516620970939e-01 -5.988799151151441569e-01 -6.983458743785245781e-01
5.213563880283794694e-01 -8.464573465748139736e-01 1.081548754866240442e-01 -8.142039386977407700e-01 -5.313771525442030352e-01 -2.339022615604655908e-01 2.554593174481748497e-01 3.388631262826043156e-02 -9.662257784521031123e-01
8.604051475138408955e-01 -7.710122639994772265e-02 -5.037443627667805846e-01 -4.803010614922418320e-01 -4.530846758074166258e-01 -7.510160896265232200e-01 -1.703345897377026297e-01 8.881270615379940336e-01 -4.268681882065895605e-01
-1.817890366314633410e-01 -4.834496986431029431e-01 -8.562879977218518235e-01 -2.645861205635099966e-01 -8.146351685887477379e-01 5.161043759778977114e-01 -9.470728224195628098e-01 3.203840367126254418e-01 2.017766225228180554e-02
3.607767633250932304e-01 -7.554957351899100892e-01 -5.468695650285605447e-01 -9.339460491582438073e-02 -6.126775442076090039e-01 7.847953074505162885e-01 -9.279642098795011229e-01 -2.320612439283876727e-01 -2.915990470648398003e-01
3.562284442135429940e-01 -8.792058631352794862e-01 -3.163832261068007523e-01 -7.490832234433860704e-01 -6.631111686972028518e-02 -6.591488148628931176e-01 5.585477776241394299e-01 4.718049236793089851e-01 -6.822202680242624995e-01
3.543554199374022162e-01 -9.068831423981871254e-01 -2.280245653322842403e-01 -7.409021561424248281e-01 -1.235113857502031787e-01 -6.601582633078002527e-01 5.705227702594296568e-01 4.028745507277102789e-01 -7.156786045365979287e-01
-4.898768272450691463e-01 -8.599634926038874916e-01 1.431205279365210525e-01 -8.242567943040917111e-01 5.103509434116281218e-01 2.452399877719857735e-01 -2.839391328645052837e-01 2.169319567293885760e-03 -9.588398525722467980e-01
-7.067032148145747650e-01 -6.701878861187925418e-01 -2.267570582592076944e-01 -7.067465548470621695e-01 6.538149563881486825e-01 2.702504579366566406e-01 -3.286142697075449676e-02 3.512466371408956012e-01 -9.357061111880471405e-01
-7.760121671898465578e-01 -3.388344569423585306e-01 5.319739910577351294e-01 9.011576070605861744e-02 7.752241637785967088e-01 6.252252758535473687e-01 -6.242469591801681483e-01 5.331216621769867547e-01 -5.710490585509803152e-01
-9.822117123389143556e-01 1.872608135663614004e-01 1.391185993036282882e-02 5.420602711075071800e-02 2.118251926876100200e-01 9.758031534934316076e-01 1.797828099934088708e-01 9.591993929550421960e-01 -2.182078499631771029e-01
-9.600255824770390634e-01 2.182640337980522871e-01 -1.752475179277148964e-01 -9.127592226230274441e-02 3.477529618829064972e-01 9.331326719801597003e-01 2.646121444771352693e-01 9.118271157691399953e-01 -3.139294888081449741e-01
-9.964874922683066849e-01 -1.946973392797394023e-02 -8.144695951105623832e-02 -8.138083372458912446e-02 4.544642742173042871e-01 8.870396740633590404e-01 1.974430690382801556e-02 8.905521618192350219e-01 -4.544524281197918625e-01
-8.683975619168424753e-01 -6.191255856674710012e-02 4.919883225734155707e-01 4.714870950523894488e-01 2.041934281323422584e-01 8.579073161517047907e-01 -1.535760191434291655e-01 9.769707667066001022e-01 -1.481301027636714174e-01
-8.818983933700792477e-01 3.621836573277064097e-01 3.017916866581983326e-01 1.978140167263904847e-01 -2.967865822992677982e-01 9.342308811817834346e-01 4.279308805845222219e-01 8.835953389034183481e-01 1.900906060548730181e-01
-6.430315163377126053e-01 4.966185025382638396e-01 -5.829927374616897806e-01 -3.539374837215444325e-01 4.823615019612828569e-01 8.012837444017675281e-01 6.791455857275989771e-01 7.215936837045540120e-01 -1.344017448711456453e-01
7.337838560062600601e-01 -6.148484291131284252e-01 2.890028752135567758e-01 -3.663681525627646152e-01 1.194774575330175980e-04 9.304699686249330304e-01 -5.721325278747321219e-01 -7.886452909529452215e-01 -2.251732124508004362e-01
-3.154658178909155453e-01 -7.295513670278434004e-01 6.068246209657459644e-01 -5.769170369324408965e-01 -3.602737301109868451e-01 -7.330549583005413483e-01 7.534242166532135743e-01 -5.813412442444814143e-01 -3.072365660216414551e-01
-4.619189838528856562e-01 -4.866505713174779646e-01 7.414863948803711580e-01 -6.281940204032085973e-01 -4.106526716299563895e-01 -6.608605420304898281e-01 6.261015293752052457e-01 -7.710613495173724852e-01 -1.160227141316624161e-01
-5.950161667932413190e-01 -5.451434320419781265e-01 5.905712486704469688e-01 -3.906195129920019826e-01 -4.460290166545683999e-01 -8.052791518300037588e-01 7.024045538894013729e-01 -7.098427676631297034e-01 5.245081383333418529e-02
-7.072330787862085577e-01 -2.911128661631590120e-01 6.442628899951100552e-01 -4.578475965581994545e-01 -5.057810633606079076e-01 -7.311368505770265980e-01 5.386993137144886479e-01 -8.120583815835432651e-01 2.244197725323139880e-01
-3.958017435829710440e-01 -1.946951433069089299e-01 8.974601834897092401e-01 -8.242987052519074043e-01 -3.554688996396858647e-01 -4.406512293287972448e-01 4.048118381380530484e-01 -9.141857921460244674e-01 -1.979174427981154200e-02
-4.233931183391149156e-01 -1.154468467709658108e-01 8.985601220362059438e-01 -8.421839395881575152e-01 -3.153630220760732517e-01 -4.373469746171994021e-01 3.338629647667604727e-01 -9.419226029126210875e-01 3.629505309903348353e-02
-1.305776612107373558e-01 4.220237440452809241e-02 9.905394661432498360e-01 -9.318875311969497810e-01 -3.462680132919371823e-01 -1.080929792840813891e-01 3.384303526464316203e-01 -9.371859060855939338e-01 8.454273382223470579e-02
-2.387919915736057275e-01 -1.529247814660310567e-01 9.589538028361314081e-01 8.953655409705342516e-02 -9.867827204230601446e-01 -1.350669025146064017e-01 9.669341188730163905e-01 5.360852439707147754e-02 2.493281690287564023e-01
-2.339195811229246025e-01 1.920546254925493967e-01 9.530984473779151589e-01 2.534289898704447305e-02 -9.787582987916523258e-01 2.034451523566071507e-01 9.719255974806965126e-01 7.174408249735447773e-02 2.240835103000773931e-01
-2.606794431425349390e-01 1.363588708409726735e-01 9.557470827922379675e-01 3.014873817607247042e-01 -9.289670646269655441e-01 2.147685998404384455e-01 9.171431657936293114e-01 3.441314446273897598e-01 2.010521381550191000e-01
2.698210873260936150e-03 -9.547258548261849942e-01 2.974748086552774784e-01 4.098247867589973059e-01 -2.702909406814302251e-01 -8.711982848602780605e-01 9.121602730967983685e-01 1.242632267082988823e-01 3.905410179123520731e-01
-9.296574895176816788e-01 3.643513132362049545e-01 -5.463581908175579871e-02 -1.394432318125327086e-01 -4.852342541920299790e-01 -8.631936652109890584e-01 -3.410169164211032666e-01 -7.948558605821292034e-01 5.019079832129441643e-01
-7.320623302198040472e-01 5.507646772642056376e-01 4.009276929213123619e-01 -6.627531613014698841e-01 -4.396293780425371556e-01 -6.062047980236053846e-01 -1.576165976604579633e-01 -7.094957929684911901e-01 6.868571379129387866e-01
-8.856936485039623719e-01 -1.519632209381272803e-01 4.386957265370269310e-01 1.010086556051133511e-01 -9.853526483335216524e-01 -1.373950869389551077e-01 4.531489959081751451e-01 -7.737789028026872962e-02 8.880701828139414555e-01
-6.273412068283216181e-01 -7.471476852411511604e-01 -2.195753780686146017e-01 6.903341573541231790e-01 -4.030684004670912479e-01 -6.008116308253973470e-01 3.603911228170836867e-01 -5.284942771532068484e-01 7.686429844934200561e-01
-6.375112508670655043e-01 4.416703464226622855e-01 -6.312738788424522296e-01 2.297422447635313614e-01 -6.731092396867830452e-01 -7.029526672680710409e-01 -7.353896286927924519e-01 -5.931705121962541627e-01 3.276443765302718414e-01
-7.388295558033823873e-01 6.406996229793034958e-01 -2.088896373340612123e-01 -2.960730352580405178e-01 -5.870703097685912031e-01 -7.534515307445476262e-01 -6.053690157783665482e-01 -4.948256708199260667e-01 6.234387782558467039e-01
-5.569796064067825681e-01 8.159108103365797504e-01 -1.551233948276393437e-01 -3.395384643160453964e-01 -3.941545925425304353e-01 -8.540232950145644208e-01 -7.579494371637514050e-01 -4.230031994601669565e-01 4.965691733783070827e-01
-5.283041954571688903e-01 8.347417530838636690e-01 -1.552445899889317027e-01 -3.893279411875342766e-01 -4.006544717052007432e-01 -8.293972199816578295e-01 -7.545319285974779744e-01 -3.777329744159287350e-01 5.366557264819468154e-01
-2.799627128715463931e-01 -1.012049341531954666e-01 -9.546614272634312837e-01 2.202208563885939552e-01 -9.746802356408841295e-01 3.874548570485383120e-02 -9.344108592118771650e-01 -1.993890657836536739e-01 2.951615602222679713e-01
-2.774501428903363154e-01 -4.288903839543326546e-01 -8.596943973073442047e-01 9.500043167277096856e-01 -2.558722902768356677e-01 -1.789445983180407151e-01 -1.432243568980159643e-01 -8.663615928813973577e-01 4.784395196586064825e-01
-4.544691923775066589e-01 8.492705343582057642e-01 -2.686955761650436925e-01 7.338675640970562242e-01 1.860110305423078036e-01 -6.533286270192374401e-01 -5.048724111555218386e-01 -4.941047014424336248e-01 -7.077883811327320140e-01
-4.728951802099528590e-01 7.438768473742547460e-01 -4.722471646021144109e-01 8.620646553808399837e-01 5.014618502165494318e-01 -7.335218279307520461e-02 1.822489464367627876e-01 -4.417954829080251722e-01 -8.784088301040438029e-01
-4.762660980129416743e-01 8.345163689483936498e-01 2.770433789873273378e-01 8.768025383337247902e-01 4.744599869417792104e-01 7.813468860080546863e-02 -6.624132135657603837e-02 2.801252411840025047e-01 -9.576752772190265661e-01
-2.994564024782051526e-01 8.607666701702071377e-01 4.115903333885590487e-01 7.405693569441117452e-01 4.816845235872071473e-01 -4.685478068371998761e-01 -6.015670291581778351e-01 1.645015478974569401e-01 -7.817009339697278403e-01
-4.162280809141068877e-02 8.177745716224915640e-01 -5.740316122429460766e-01 9.245160351658618936e-01 -1.863337647935793817e-01 -3.324903439485819567e-01 -3.788636200109231633e-01 -5.445406119891348373e-01 -7.482899700829335199e-01
-1.116480414141087507e-01 7.183718128747009768e-01 -6.866415755803823018e-01 8.603117821046515346e-01 4.157128350134712269e-01 2.950363983934542467e-01 4.973915484005655974e-01 -5.577856015282023350e-01 -6.644372583679436506e-01
-2.399686676592312218e-01 8.286827015605982005e-01 5.056678936575688121e-01 9.165472425830644143e-01 2.173515488690158301e-02 3.993353667726222134e-01 3.199315405758484387e-01 5.592964895082672694e-01 -7.647426012512270610e-01
-2.915912934793939981e-01 8.490699097631684289e-01 4.405165217126132959e-01 7.566696746490207959e-01 -7.698610033775619976e-02 6.492489074471594623e-01 5.851713604010019276e-01 5.226408218744018619e-01 -6.200169757973490459e-01
-3.402520670281637405e-01 5.795033902295749773e-01 7.405432813789423196e-01 7.994366671251799117e-01 -2.363827980280675811e-01 5.522899492587260983e-01 4.951055908983926224e-01 7.799352495616871384e-01 -3.828465232339229307e-01
2.266748299684184231e-01 6.299659401888790811e-01 7.428064590865718353e-01 7.934154354238369677e-01 3.229039588941806649e-01 -5.159699411416024395e-01 -5.648986354116923847e-01 7.063115088488983728e-01 -4.266305007586787545e-01
8.159033508122685019e-01 4.480912846832080798e-01 -3.653983069531996364e-01 4.861663368225909165e-01 -8.737529017061865799e-01 1.407692084662751260e-02 -3.129600854323372761e-01 -1.891297632604960754e-01 -9.307448187205841217e-01
7.809612116543624971e-01 5.195725826501297329e-01 -3.466178259259393712e-01 5.919897053011217158e-01 -7.926872964645140796e-01 1.455851600997534190e-01 -1.991174897110787878e-01 -3.188905476524098725e-01 -9.266396515955404034e-01
7.294147437325063654e-01 6.587038952956590920e-01 -1.845624825038063854e-01 6.691383282731033777e-01 -7.430989999568170523e-01 -7.600914356535252124e-03 -1.421549480725845527e-01 -1.179536120070255878e-01 -9.827913899465019476e-01
7.977289145410823012e-01 4.887987343392555806e-01 -3.531350679463156061e-01 2.937618749207384083e-01 -8.264354334326501350e-01 -4.803211792228613830e-01 -5.266237174189549730e-01 2.794284732723739118e-01 -8.028618739089005141e-01
7.919093307839245588e-01 -7.336201007100738927e-03 -6.105946216370896629e-01 4.624098961453125545e-02 -9.963362780966260601e-01 7.194297622444835449e-02 -6.088853608823474595e-01 -8.520681371431575168e-02 -7.886687620286656486e-01
7.712190417602912129e-01 4.020777489642667346e-01 -4.935125868852446862e-01 6.365058358314694686e-01 -4.760820014098118280e-01 6.068000073221083701e-01 9.028320930313049955e-03 -7.820993617958374999e-01 -6.230883386003330804e-01
5.204549519454065853e-01 6.884537308272633549e-01 5.051317684580199918e-01 7.334113129223897021e-01 -6.633744099973921671e-01 1.484662865369396900e-01 4.373036577402039105e-01 2.931993394785090690e-01 -8.501762512893457080e-01
1.691147664438212919e-02 9.321991536932695555e-01 3.615504664791059364e-01 1.010859836174863961e-02 -3.617431045120360067e-01 9.322230111819571619e-01 9.998058902591382413e-01 -1.211049922781893932e-02 -1.554083690106870461e-02
-5.183637250693117204e-01 1.002647733278282105e-02 8.551014666602803072e-01 1.947781772506908815e-01 -9.722641959088731411e-01 1.294750749008134472e-01 8.326827188066089347e-01 2.336702871696952899e-01 5.020335513637179670e-01
-6.759738229660534614e-01 2.820372065446740684e-01 6.808189221732423579e-01 -3.423947806869357957e-01 -9.382911216075341398e-01 4.873997610607347375e-02 6.525528368055754092e-01 -2.001618975653269294e-01 7.308283040085706839e-01
-6.226642201790794084e-01 3.886538692973437459e-01 6.791446376059979695e-01 -3.917523466238793661e-01 -9.061586522568108037e-01 1.593944661988118128e-01 6.773620655332444063e-01 -1.668072744826303577e-01 7.164886358876975114e-01
-5.630282858433346416e-01 4.514622550099619547e-01 6.922289950887903220e-01 -5.492019818494829897e-01 -8.302940798536890821e-01 9.480993667604646624e-02 6.175567443344105456e-01 -3.267928598688101816e-01 7.154230177075991959e-01
-5.604465382060191958e-01 4.782334689924356841e-01 6.761600601546575717e-01 -5.609689106047733853e-01 -8.198273966302063176e-01 1.148778528239117330e-01 6.092729758882984292e-01 -3.149218774077143790e-01 7.277435344832807740e-01
-3.489514144781855620e-01 5.478697160869913096e-01 7.603102554407861202e-01 -6.923694598780111287e-01 -6.974713593168725412e-01 1.848194631550086897e-01 6.315516141709281994e-01 -4.619225878082104941e-01 6.227118768023152118e-01
-3.489514144781860061e-01 5.478697160870038552e-01 7.603102554407766833e-01 -6.923694598780238962e-01 -6.974713593168601067e-01 1.848194631550069689e-01 6.315516141709138775e-01 -4.619225878082140468e-01 6.227118768023266471e-01
-8.349550277263338982e-01 -3.260716321834951081e-01 4.433141012416689231e-01 -1.855506668653567337e-01 -5.915834422122442371e-01 -7.846017976821962892e-01 5.180936707781119699e-01 -7.373644428540774287e-01 4.334427605972415165e-01
-1.036854882415091245e-01 -7.585621869573260234e-01 6.432983196361076184e-01 7.116646118943922295e-01 -5.084198533651089758e-01 -4.848120593399117273e-01 6.948257333355786214e-01 4.075446738981144956e-01 5.925576251065843847e-01
6.403951854185194748e-01 1.224834617661645919e-01 7.582162014139216533e-01 -7.854124134160924212e-03 -9.861061182564101468e-01 1.659308177264254003e-01 7.680054161442256833e-01 -1.122164209509976807e-01 -6.305356101300571003e-01
1.207380276216790532e-01 5.523226651684708388e-01 8.248405920098890176e-01 -7.062510899291704058e-01 -5.361185536849788491e-01 4.623703000502794591e-01 6.975899416275191944e-01 -6.383702451837208747e-01 3.253485875245050729e-01
-6.632263675688704341e-01 -5.466082240643002077e-01 5.112242509375637400e-01 -3.584946632358481100e-01 -3.675870178824963141e-01 -8.581150043646068593e-01 6.569721164500195165e-01 -7.523956629789444461e-01 4.783727142780526409e-02
2.044223224168457420e-01 -7.870525099941140246e-01 5.820308072685401735e-01 4.774191129357802654e-01 -4.389125577639816922e-01 -7.612008652390591656e-01 8.545656819117627423e-01 4.334790804053233471e-01 2.860303867592380311e-01
8.917695800591819433e-01 -1.658854080966749023e-01 4.209858043469764666e-01 -2.110438463457851854e-01 -9.754649163132149692e-01 6.267927856660239494e-02 4.002593047021488215e-01 -1.447419373321116864e-01 -9.048990333604625125e-01
3.877096397092704705e-01 2.747846372293791251e-01 8.798719443300976328e-01 -7.314881168707079162e-01 -4.891104418804252396e-01 4.750748472824898316e-01 5.608978250568046331e-01 -8.278069695202221467e-01 1.136886363241736662e-02
-5.752139524516813873e-01 -6.773564037423700501e-01 4.586035447029584433e-01 -4.882722015897520973e-01 -1.654910475656278801e-01 -8.568564467460857426e-01 6.562919823215971338e-01 -7.167991458454974207e-01 -2.355415429506098890e-01
3.180489887777830926e-01 -8.700129577107672540e-01 3.767257545652971662e-01 8.885027342849557974e-02 -3.682577966586291773e-01 -9.254684349624322515e-01 9.439017266903961811e-01 3.278164861862419288e-01 -3.982313065787568968e-02
8.459440485152593947e-01 -5.028342992167884606e-01 1.775847243227133276e-01 -5.222592969533611518e-01 -8.485144911112887378e-01 8.525482461381020394e-02 1.078141619982902061e-01 -1.648660847637017091e-01 -9.804056714275445339e-01
4.199405556568382436e-01 -4.335840431812048451e-02 9.065152941289036370e-01 -8.754213590715407278e-01 -2.827804286046077809e-01 3.920110627004440573e-01 2.393478092566613535e-01 -9.582041942995142003e-01 -1.567078435524403013e-01
-7.477294574265286320e-01 -6.628768316621794776e-01 3.866477133178989473e-02 -4.050153053348854448e-01 4.091677064308305023e-01 -8.176456386837902546e-01 5.261779745876095093e-01 -6.270375539468467929e-01 -5.744220095010612592e-01
-4.454721674887948679e-01 -8.918086396826914175e-01 -7.894237252669025762e-02 -4.062300363214041976e-01 2.799160188643503577e-01 -8.698414682995077030e-01 7.978293712211563804e-01 -3.554214013962024299e-01 -4.869742517283782712e-01
-8.200687896003547306e-02 -9.261228984280257537e-01 3.682000119642951930e-01 -9.642308805216932566e-01 -1.970878881779283137e-02 -2.643300450037712190e-01 2.520588836990161341e-01 -3.767067037505557603e-01 -8.913800415635281249e-01
8.106183253773234787e-01 -2.194815459895137211e-01 -5.428865273079789278e-01 -5.851758829326076938e-01 -2.694057445918358051e-01 -7.648462138331874050e-01 2.161288033805196587e-02 9.376824599783083469e-01 -3.468205409898923453e-01
-3.305667375644829598e-01 -5.016549829959621176e-01 -7.994172315201213408e-01 -3.819636364520502814e-01 -7.034532591257461887e-01 5.993807576605136855e-01 -8.630350007064023776e-01 5.034836544126204405e-01 4.092428734887180314e-02
-4.851876872320082246e-01 -2.741599650203444538e-01 -8.303187470715680529e-01 -4.768542294858097441e-01 -7.129862258778901785e-01 5.140629198161421609e-01 -7.329413018652654044e-01 6.453580055197625232e-01 2.151977990863389034e-01
-6.243785595310464842e-01 -3.711752387023429800e-01 -6.872993209455353636e-01 -2.737625934793016524e-01 -7.200951849809706928e-01 6.375868309326255812e-01 -7.315773758184584974e-01 5.862523916722903738e-01 3.479980983412087614e-01
-2.560650850814267798e-01 -7.394661948904658333e-01 -6.225916951072004712e-01 -1.012113660850232078e-01 -6.200157920751305785e-01 7.780338533461459427e-01 -9.613464160111301338e-01 2.622406608283011642e-01 8.392201279098862599e-02
-8.468941875467578262e-02 -6.440092370142429523e-01 -7.603155956517848590e-01 -5.748724861849109358e-01 -5.916713379090253744e-01 5.651961186389407032e-01 -8.138484668404647460e-01 4.849506475274336648e-01 -3.201148895071084799e-01
-3.280032278869064455e-01 8.936302334563411831e-02 -9.404403928768149123e-01 -7.311054495482830484e-01 -6.544550078752171540e-01 1.928042123706133759e-01 -5.982463573951564140e-01 7.508015002153213269e-01 2.799971484459255477e-01
-8.350612674023261128e-01 -2.316230078831603978e-01 -4.990225064098594010e-01 -1.240657940088409628e-01 -8.044070928347197835e-01 5.809792661998798291e-01 -5.359854087952177215e-01 5.470649058533662012e-01 6.429927140662414775e-01
-1.078728322566294973e-01 -8.693260360309845725e-01 -4.823232268298804915e-01 1.799923412290864999e-01 -4.942144493322344623e-01 8.505026955689843904e-01 -9.777352449205282126e-01 4.931647786646258490e-03 2.097843409082367216e-01
-6.232122507651434440e-02 -7.816215129189951760e-01 -6.206318356700566419e-01 -8.510425414919103870e-01 -2.832327365490083793e-01 4.421603889065031656e-01 -5.213853253362166207e-01 5.557400718763958469e-01 -6.475417477158256219e-01
-8.571474491594315015e-02 3.263576166074446672e-01 -9.413520534774985071e-01 -9.264757810684202122e-01 -3.736333220033751790e-01 -4.517485785681252253e-02 -3.664636538562262014e-01 8.682677275881159895e-01 3.343883126416261065e-01
-9.874490334146566184e-01 -1.289505627716244496e-01 -9.119297543858093102e-02 2.342772239468183734e-02 -6.905997123809539673e-01 7.228576478690263984e-01 -1.561907431055310769e-01 7.116486419717422685e-01 6.849530364542645300e-01
-9.516459894483346726e-01 -2.756939560685087720e-01 -1.355092371545021934e-01 8.904421580334052899e-02 -6.697345389186375453e-01 7.372426839321012393e-01 -2.940085685806931304e-01 6.895277296575785808e-01 6.618991400767920696e-01
-9.511656046912038143e-01 -2.887347447470180462e-01 -1.091615299832827679e-01 1.191646828798751806e-01 -6.696897941512058861e-01 7.330179792909954362e-01 -2.847521216892957563e-01 6.842132904187043785e-01 6.713928823035398841e-01
-4.763140926052052415e-01 -8.745160176301024491e-01 -9.135983851817197632e-02 2.827064500085425536e-01 -2.507031201898709538e-01 9.258644655945225121e-01 -8.325875018934930649e-01 4.151742771842319990e-01 3.666447480263464453e-01
-7.115483349466527052e-01 -5.499667639034040434e-01 -4.373048429142577520e-01 -6.499754582320546037e-01 2.787949402122728570e-01 7.069690834881438013e-01 -2.668911214909118756e-01 7.872800898750411669e-01 -5.558409748801095285e-01
-5.686173651762661541e-01 -7.367891293280923737e-01 3.658087901130211428e-01 -5.405266009651641390e-01 6.698743008252413533e-01 5.090180888170285911e-01 -6.200849019844354437e-01 9.170714256722707625e-02 -7.791562836383386648e-01
-9.120727858539310340e-01 -4.020456224935051726e-01 -8.051428903281394878e-02 -3.895510178585441796e-01 9.109318256608717190e-01 -1.358426055533529520e-01 1.279579532112856965e-01 -9.253392043981394088e-02 -9.874534094214354463e-01
-3.399455828619032394e-01 -3.345582228455957208e-01 -8.789242266652329549e-01 -7.832052338675458136e-01 6.180711431762171415e-01 6.765813783520252533e-02 5.206021151850652728e-01 7.113781395989343670e-01 -4.721383061832571948e-01
-9.445004821074690637e-01 -2.880826836876428376e-01 -1.578835224400705339e-01 -1.759800730428366933e-01 3.786671603007487480e-02 9.836651491787922197e-01 -2.773983655153656747e-01 9.568565614429486166e-01 -8.646194326396007546e-02
-6.612879203620171398e-02 -5.931700255807926814e-01 8.023567184340859582e-01 -3.922741771663440513e-01 7.548248569437606692e-01 5.256999194105886897e-01 -9.174682298544734049e-01 -2.799799208734684020e-01 -2.826009396930342366e-01
-9.182823181957240344e-01 3.353309497870225475e-01 -2.105011596263086648e-01 3.957936743324231843e-01 7.637247647859316535e-01 -5.099724022053683248e-01 -1.024458137392766748e-02 -5.516136671327206420e-01 -8.340368162046959410e-01
-7.610787672902457057e-01 6.486584262295476133e-01 1.164500479615788011e-03 4.491427130258757727e-01 5.282781351837995132e-01 -7.205505084464817189e-01 -4.680063389695872655e-01 -5.478726658340732358e-01 -6.934014772959097295e-01
-5.890863804133645854e-01 6.821976911313101244e-01 -4.331091624828438125e-01 7.497966320946291008e-01 2.616126533190792358e-01 -6.077530996407201069e-01 -3.013009241788551784e-01 -6.827628650113162223e-01 -6.656219822470610392e-01
-6.579344991520206243e-01 7.752923814973124161e-02 -7.490737026871936433e-01 4.928334549627620964e-01 7.964340273482124477e-01 -3.504397605172311359e-01 5.694184581615236995e-01 -5.997349892359368217e-01 -5.622104251889357140e-01
-9.936985879320328063e-01 9.083621487716249387e-02 6.566504708499265597e-02 9.897628278784896538e-02 9.860603600062168850e-01 1.337485023090367875e-01 -5.260049227321085541e-02 1.394049801520758081e-01 -9.888374182449890526e-01
-3.871633522633668445e-01 6.675507618478553340e-01 6.359878293022123152e-01 -3.379455969464716797e-02 6.790454212255117028e-01 -7.333179689927912248e-01 -9.213915923206793535e-01 -3.054067718126353692e-01 -2.403419175502846117e-01
5.580101029714150396e-02 8.325826005615170056e-01 -5.510829887521843107e-01 8.747935753806513892e-01 -3.068179925607827929e-01 -3.749652249392045333e-01 -4.812716984433587086e-01 -4.611604196840761727e-01 -7.454586639071624221e-01
-3.593821993029978068e-01 2.599941697420863340e-01 -8.962407413883078933e-01 8.461576086450457446e-01 4.957895660807977167e-01 -1.954738025862088613e-01 3.935247592671117234e-01 -8.286107275829449614e-01 -3.981739895802137164e-01
-3.593821993030234530e-01 2.599941697420727893e-01 -8.962407413883016760e-01 8.461576086450355305e-01 4.957895660808048777e-01 -1.954738025862355344e-01 3.935247592671105021e-01 -8.286107275829452945e-01 -3.981739895802148266e-01
-2.173699128041437501e-01 3.123420419068281273e-01 -9.247663325754201802e-01 8.157874116366340411e-01 5.783407891178077298e-01 3.581990758318248213e-03 5.359488968387940977e-01 -7.536341158016037767e-01 -3.805185928140897289e-01
4.220210721480983085e-01 8.999049910002255848e-01 -1.098600101759213826e-01 8.847230327141007988e-01 -4.352608557074242879e-01 -1.667727282081978013e-01 -1.978973725144786422e-01 -2.681407581335601420e-02 -9.798559257820210755e-01
5.069387479359056536e-01 8.517062734399543089e-01 -1.327009028763661003e-01 8.564341275591066394e-01 -5.151100140448923170e-01 -3.438398730139457377e-02 -9.764062163489262147e-02 -9.621900650961373591e-02 -9.905595447993297276e-01
-6.245456041814381742e-04 6.206307769160759324e-01 -7.841027028950585676e-01 9.549488309396757524e-01 2.330682774647291344e-01 1.837169244423894898e-01 2.967698438685018036e-01 -7.486632198687018791e-01 -5.928161966293541418e-01
-7.907691827331433387e-01 6.117244088336415420e-01 2.184827857494390374e-02 6.054135321046730800e-01 7.868810806152805037e-01 -1.195517465964976156e-01 -9.032471856640759966e-02 -8.131059344796882915e-02 -9.925875440529359217e-01
1.395596973663352502e-01 9.234603988057923374e-01 3.574129022691605595e-01 5.620081383077284443e-01 2.233080096443905982e-01 -7.964172181115515281e-01 -8.152729256800439472e-01 3.120167057484395934e-01 -4.878274612883058969e-01
6.700653457360101761e-01 7.288034556591778124e-01 1.409182580892989756e-01 7.181153510378733840e-01 -6.845097680921644612e-01 1.255257742065872262e-01 1.879435421807121864e-01 1.708509308292525605e-02 -9.820312238146580164e-01
3.926515367672260837e-01 8.284895065231225875e-01 -3.992867494112585791e-01 8.856573688750152273e-01 -2.236195433031657465e-01 4.069463414386096378e-01 2.478624530495128209e-01 -5.134193582579029691e-01 -8.215623938170015794e-01
-2.527566164072113097e-01 9.674158203934406508e-01 -1.485675990465420634e-02 9.614117929579527599e-01 2.494046153486173534e-01 -1.161236504945636766e-01 -1.086345121209325304e-01 -4.363448516133914407e-02 -9.931236451122048559e-01
7.333760335159076327e-01 5.969658781818371063e-01 3.252557974134556162e-01 5.611508091027161971e-01 -2.614960935838743783e-01 -7.853213116194801557e-01 -3.837569060067083093e-01 7.584533824349138920e-01 -5.267628534408977936e-01
5.737096721043338787e-01 2.850734102701050765e-01 7.678478774411704455e-01 2.119754003172957535e-01 -9.572139371613419545e-01 1.969972288241771119e-01 7.911533617411107278e-01 4.974564564919653487e-02 -6.095914442843537451e-01
4.995496009102823876e-01 1.208230571364709988e-01 8.578181538616297397e-01 2.024889162992558611e-01 -9.790806382508826511e-01 1.998355769620990818e-02 8.422876201193575385e-01 1.637158900853603050e-01 -5.135646720007397414e-01
4.181323910981571967e-01 1.278336811914445870e-01 8.993463478925028953e-01 6.415041868293631933e-02 -9.917321273577854868e-01 1.111400528576684532e-01 9.061181089114940246e-01 1.122218871012126487e-02 -4.228759099111847330e-01
7.259440478440556399e-01 5.977332471548312265e-01 3.401767256082183222e-01 1.930576843119832242e-01 -6.518382856645166257e-01 7.333727427918483865e-01 6.601014845672460440e-01 -4.667138465780564793e-01 -5.885951201670232003e-01
2.946196230330420662e-01 8.907421458087686483e-01 3.460891610609310165e-01 9.138369896933443703e-01 -3.685268936115783101e-01 1.705575707883029424e-01 2.794659800263259997e-01 2.660194698983348593e-01 -9.225683755922562401e-01
7.321484496106048789e-01 7.041766805235048776e-02 6.774953872602061944e-01 5.872647298468312016e-01 -5.691581436191628374e-01 -5.754816631569746876e-01 3.450779401971623694e-01 8.192071530315502281e-01 -4.580620652392273229e-01
5.017029787630249149e-02 7.356505719640257790e-02 9.960276720908375347e-01 -4.094385541017232788e-02 -9.962936929358886529e-01 7.564706286644692912e-02 9.979010682002269483e-01 -4.457644866809492429e-02 -4.697231428178430535e-02
-1.805985963622349366e-01 -2.752325387516650901e-01 9.442622499095807420e-01 1.047608686016400087e-01 -9.599699687824696515e-01 -2.597745550388144697e-01 9.779618128545818356e-01 5.200681347763251583e-02 2.022028287390717494e-01
-4.454638117632576111e-01 -6.656003173166624709e-02 8.928223533185249972e-01 -1.666364676146059320e-01 -9.736434109958770344e-01 -1.557266704365070642e-01 8.796557736241350511e-01 -2.181473593702056846e-01 4.226315765883226216e-01
3.461517200489668267e-01 4.911236021998853229e-01 7.993601153856446651e-01 -4.226474909105156774e-01 -6.790440701448142713e-01 6.002234993968581511e-01 8.375846734117018411e-01 -5.456159438317154109e-01 -2.748011467296278612e-02
3.383333783163888775e-01 4.591848400740334291e-01 8.213889503537311620e-01 -6.502226009524322281e-01 -5.169030856321675804e-01 5.567959853255035618e-01 6.802507584175659927e-01 -7.224683264407710803e-01 1.236867938067676004e-01
3.405410024846860506e-01 -9.045708467016945198e-01 2.564827653549150432e-01 -7.861046702105196626e-01 -4.235747886184499933e-01 -4.501375855447368179e-01 5.158209700079428028e-01 -4.833199503656663426e-02 -8.553319502718522704e-01
4.291973090642625666e-01 -8.612541193430280906e-01 2.720864050382927890e-01 -6.133851750590261220e-01 -4.990570807299907763e-01 -6.121279745209063927e-01 6.629843866259628182e-01 9.582991228173630416e-02 -7.424744648823089488e-01
6.613485704360722028e-01 7.369959092169139359e-01 1.394815334719914646e-01 5.663585483857099673e-02 -2.344901828290488210e-01 9.704672761631397693e-01 7.479374628462384100e-01 -6.339174898631002586e-01 -1.968201405263143300e-01
-6.745610599447948719e-01 2.868481595586819810e-01 6.802099012539819523e-01 4.201318445118574774e-01 -6.084723696332162701e-01 6.732388941675929717e-01 6.070062681992824949e-01 7.399185825148169027e-01 2.899377202366826833e-01
-7.735589656282739757e-01 3.673612707665901422e-01 5.163837947078422363e-01 2.296185714257167609e-01 -5.969932697826419998e-01 7.686835158182091510e-01 5.906622032537107714e-01 7.131933346400441964e-01 3.774565260695413871e-01
-6.109674079080928966e-01 5.969368342237608704e-01 5.199858098265571771e-01 1.356548429925243104e-01 -5.681759949137304977e-01 8.116488171472110436e-01 7.799465302485417695e-01 5.664295673344632576e-01 2.661596423249651400e-01
7.200084398029295008e-01 6.829599758150163291e-01 -1.230996265116346411e-01 -3.192587140871435691e-01 1.684871896740526842e-01 -9.325695364932116149e-01 -6.161669579683536346e-01 7.107585654429305899e-01 3.393531222156835336e-01
2.696698130360685730e-01 -9.428647949625479363e-01 -1.956634108803280703e-01 -8.339037738348022977e-01 -1.270492915825547353e-01 -5.370874914689841573e-01 4.815419897798807747e-01 3.080007401429469271e-01 -8.205198694426781847e-01
3.713597280534776668e-01 -8.858717553385775378e-01 -2.780704685388123432e-01 -7.636301426828500105e-01 -4.617658493079266901e-01 4.512663355481987271e-01 -5.281675468695682385e-01 4.476084791731184398e-02 -8.479596151512794888e-01
3.376359870346364311e-01 -9.378711891197335504e-01 7.999733044473369969e-02 -7.943878742345258370e-01 -2.383261399600355712e-01 5.587025651282629957e-01 -5.049255841490888352e-01 -2.521870013122931575e-01 -8.255009817321934396e-01
-3.176234275837339083e-01 -9.217533065552735438e-01 -2.224549394919806411e-01 -9.015648519674022143e-01 3.662493043206075383e-01 -2.303090636116334466e-01 2.937621077452926555e-01 1.274060004045777239e-01 -9.473497427634378631e-01
9.569045911120033568e-03 -8.118111891664847590e-01 -5.838416108024923057e-01 -9.331689701174494811e-01 2.025499279066215186e-01 -2.969329889300971193e-01 3.593105990230311964e-01 5.476642400678727318e-01 -7.556188017648780564e-01
-2.511368249163259958e-01 -8.614897780567307706e-01 -4.413226228902289994e-01 -6.152560280103985813e-01 -2.099076810034365415e-01 7.598676104773957052e-01 -7.472551874479121947e-01 4.623571430826220463e-01 -4.773212304859920097e-01
-3.154757607435728639e-01 -5.432336545773253089e-01 -7.780567080347211562e-01 -6.756230685983115603e-01 -4.471681244362769037e-01 5.861519748887177306e-01 -6.663396382934652085e-01 7.105898008152844447e-01 -2.259504844345963936e-01
-1.193076714383753262e-01 -4.945829638901454439e-01 -8.609026491802612702e-01 -9.792741859312330543e-01 -8.431928473023177217e-02 1.841529988658978934e-01 -1.636696315895955212e-01 8.650306064251261917e-01 -4.742723918204648226e-01
4.212460017838616788e-01 -7.081921528098011898e-01 5.665824570878716937e-01 -8.826298344402562224e-01 -1.764223114464885944e-01 4.357060286246269842e-01 -2.086058036994100362e-01 -6.836220028074707633e-01 -6.993887159087038841e-01
-3.326007656381543831e-01 -8.506121309772112227e-01 4.072293375130556781e-01 -5.704183021513934415e-01 -1.624164527642680822e-01 -8.051359242029844099e-01 7.509991286730199889e-01 -5.000798921231298655e-01 -4.311848909997705870e-01
-6.372247181902035429e-01 -1.021575500541394427e-01 7.638772764615739952e-01 -6.997449470052015119e-01 -3.386654254633401639e-01 -6.290172801572486705e-01 3.229576871172192831e-01 -9.353446234210526233e-01 1.443217508528273907e-01
-9.359936068094688588e-01 -2.671474527354068540e-01 2.292339558372299413e-01 -8.893264094489010396e-02 -4.506211469478539899e-01 -8.882744887127896893e-01 3.405979350882336609e-01 -8.518056236139702753e-01 3.980203841428816003e-01
-9.782822553245025254e-01 -2.360945213329374362e-02 2.059281978923004630e-01 -1.666925400646778188e-01 -5.008777215952532336e-01 -8.493144912788982426e-01 1.231966964004736764e-01 -8.651959903857124878e-01 4.860642675783682920e-01
-9.577285307441998352e-01 -1.925780486740671094e-01 -2.137048351522379264e-01 2.859880442395270617e-01 -5.570801908790258272e-01 -7.796617853160680012e-01 3.109501488352819226e-02 -8.078213639778768496e-01 5.886066122210286133e-01
-4.470462762347823249e-01 -8.654341506397674744e-01 -2.262152908426822984e-01 3.860215444236458904e-01 4.148287511889001827e-02 -9.215565844334541179e-01 8.069306005756616829e-01 -4.993024153539567522e-01 3.155314625775170745e-01
-9.169139488373460045e-01 -2.925581036528222545e-01 2.714379605261014738e-01 -3.943426969202389332e-01 7.687179124953270604e-01 -5.035539776374520216e-01 -6.134042560316506354e-02 -5.687552434887007680e-01 -8.202163282884163964e-01
-8.511661258852395440e-01 -1.622438131059578681e-01 4.991925192291563063e-01 -4.734825160640050434e-01 6.478185325970680086e-01 -5.967792354007307454e-01 -2.265624265565931716e-01 -7.443171998097454223e-01 -6.282207995125342892e-01
-8.387335355318119579e-01 -1.651500304582341760e-01 5.188945208941322385e-01 -4.848596936909261856e-01 6.602357936948798356e-01 -5.735850191192526371e-01 -2.478651524685305529e-01 -7.326760294726016864e-01 -6.338364947113849235e-01
-7.867652101576730894e-01 5.782568170851589556e-02 6.145377894161579979e-01 -4.484656254273309273e-01 6.305389801458018972e-01 -6.334817892621426028e-01 -4.241215473135336311e-01 -7.740005071391348190e-01 -4.701533027138452003e-01
-8.842568860583877033e-01 3.229522152414012748e-01 -3.373301441155163172e-01 4.614015042212309958e-01 4.926511742482765355e-01 -7.378370229354037635e-01 -7.210000943625979875e-02 -8.080821042335151194e-01 -5.846408311577505623e-01
-6.278219973130638731e-01 -4.608098408490479692e-01 -6.272908657604627791e-01 1.310020011214667046e-01 7.318627775187701578e-01 -6.687416172070368425e-01 7.672535535219153768e-01 -5.020270565011279995e-01 -3.991125394532307746e-01
-8.129719629641622980e-01 -5.760622481477909451e-01 8.502278337663404795e-02 -5.701689068675280803e-01 8.171522199872931491e-01 8.467388624202144831e-02 -1.182539854537044133e-01 2.036014805329031119e-02 -9.927746266376691331e-01
-4.916827659608886125e-01 -4.954339118251442353e-01 -7.160958711448386360e-01 -8.360704652078351229e-01 4.984486257417820587e-01 2.292054639472696220e-01 2.433808432564163182e-01 7.114029846084174435e-01 -6.592962601335089490e-01
-7.608510342408553173e-01 -5.710213119619215183e-01 -3.082861738383785299e-01 -4.161392588730033482e-01 6.481025635449667865e-02 9.069882843211880541e-01 -4.979295340901647715e-01 8.183729540720114937e-01 -2.869353361372577460e-01
-6.721991900480344118e-01 -7.388605608802472080e-01 -4.725802021343258885e-02 -3.606889646199303301e-01 2.710666903652814708e-01 8.924272072140201351e-01 -6.465691917344728035e-01 6.169342922468642465e-01 -4.487096604149408696e-01
-3.077743384936437732e-01 -9.511393633607385656e-01 2.467525137722464262e-02 2.273936794895104474e-01 -4.834911097261306717e-02 9.726019113678421313e-01 -9.238869363147320657e-01 3.049529060918869661e-01 2.311636951882604929e-01
1.271881444517274917e-01 -2.168930188558311212e-01 -9.678742657404062477e-01 -3.520373820511896179e-01 -9.221424734098595533e-01 1.603837285141200830e-01 -9.273040804123916514e-01 3.203290138360096462e-01 -1.936400406563124899e-01
2.538304965814819902e-01 -2.348250953161017673e-01 -9.383108512721051175e-01 -7.754035886217193474e-02 -9.719002622498889021e-01 2.222551978832509045e-01 -9.641356604507086425e-01 1.634181288538804136e-02 -2.649063483552160925e-01
4.022098980461443762e-01 8.926213091683668499e-02 -9.111857493935556773e-01 -7.925584346962334659e-02 -9.881052675639594440e-01 -1.317819846878717782e-01 -9.121105794746755535e-01 1.252208137513147468e-01 -3.903511734500486052e-01
3.104769645559422586e-01 8.026664261061504380e-02 -9.471860010389449025e-01 -4.196498286935072541e-01 -8.824993610758730123e-01 -2.123414678723538618e-01 -8.529349774500036840e-01 4.634135774712429545e-01 -2.403118400280478961e-01
3.498046603735860960e-01 2.560578257297217997e-01 -9.011498707004778064e-01 -3.892734342633187294e-01 -8.352175323224135806e-01 -3.884300028037225294e-01 -8.521167132252261966e-01 4.866683301631877789e-01 -1.924864760402992536e-01
4.873553358214468001e-01 1.718792034211122643e-01 -8.561205032457105402e-01 -6.054890530234030566e-01 -6.399269587976801343e-01 -4.731558877080310754e-01 -6.291802470796326041e-01 7.489666393340067563e-01 -2.078008417921744233e-01
8.708966707198158019e-01 -4.312127357827582608e-01 -2.357849983096684532e-01 -4.093835358696909510e-01 -9.019530645298369231e-01 1.374255796570109378e-01 -2.719266619659988504e-01 -2.315698348199046741e-02 -9.620393155313582412e-01
5.224965089789940231e-01 -5.991423267844494527e-01 -6.066513581622319240e-01 2.942717750665119758e-01 -5.410632697145200121e-01 7.878163875961434748e-01 -8.002509109672842902e-01 -5.901516842483370828e-01 -1.063929935422563977e-01
-1.289673300813525825e-01 6.573333811731254528e-01 -7.424824939129502921e-01 4.029345290657639356e-01 -6.494035888222070563e-01 -6.449176258340200141e-01 -9.060966797523534177e-01 -3.823451383506069612e-01 -1.811104693865510096e-01
-3.847415884381960582e-01 4.736564925337296561e-01 -7.922268849305096339e-01 6.733749180320300898e-01 -4.429952481310507340e-01 -5.918795738143579621e-01 -6.313003484011477928e-01 -7.611864010963108607e-01 -1.485097063987257660e-01
4.675123002941541928e-01 -4.474848901541870760e-01 -7.623578701353871390e-01 6.359791045534718412e-01 -4.287221659442967403e-01 6.416602551190115911e-01 -6.139729860873627265e-01 -7.848277374760184166e-01 8.415815375375816643e-02
-6.041671094159586364e-01 -2.514527889236739533e-01 -7.561439008829415886e-01 -3.876783746007335663e-01 -7.362849282094625636e-01 5.546079537461757747e-01 -6.961950745063472112e-01 6.282165227324834067e-01 3.473563282840964050e-01
-3.931174508918405808e-01 1.364922224939476084e-02 -9.193869525593062475e-01 -5.634401232560676265e-01 -7.937456630329707830e-01 2.291354401255659423e-01 -7.266318856955622518e-01 6.080966380011784134e-01 3.197257911745238212e-01
-3.294802112693449025e-01 -1.157615468348135862e-01 -9.370389824635468878e-01 -2.111009211383155781e-01 -9.582984373192410255e-01 1.926149166758781284e-01 -9.202603932998870695e-01 2.612725957805603905e-01 2.913030024178011601e-01
1.981293907967302328e-02 7.871388459193802145e-01 -6.164575286990430225e-01 -3.110867958185528637e-01 -5.811190621933103317e-01 -7.520143888403424404e-01 -9.501749591061486866e-01 2.066714126343401348e-01 2.333548248641008349e-01
-7.541685810441884907e-01 3.173859168436475864e-01 -5.748877552662891022e-01 4.437626837807491231e-01 -3.989852170282089938e-01 -8.024247485444724326e-01 -4.840500303166009322e-01 -8.602772671541835114e-01 1.600580887310212586e-01
-6.857349591601712424e-01 2.358221295415276753e-01 -6.885894923712512217e-01 5.436257499342070920e-01 -4.631359782113371182e-01 -6.999829352882102063e-01 -4.839820345778029220e-01 -8.543377487298142725e-01 1.893895490812626536e-01
-6.460942113586143343e-01 3.396895407192411231e-01 -6.835007578451115506e-01 4.325269001022878923e-01 -5.748890730179901931e-01 -6.945667962207966450e-01 -6.288741930917467471e-01 -7.443880504484653438e-01 2.245076382057800135e-01
1.689805370006199070e-01 -8.091217229623135498e-01 -5.628211221564797251e-01 6.277627848956618406e-01 -3.518710700236526989e-01 6.943346714520692853e-01 -7.598417361628837519e-01 -4.706472006831727839e-01 4.484771437588184750e-01
-9.828436564697777822e-01 -4.461518535100587358e-03 -1.843866638059232788e-01 -1.505108753165474433e-01 -5.584258554104883920e-01 8.157861487059654415e-01 -1.066059254852388949e-01 8.295424394576963456e-01 5.481738025389486513e-01
-9.040730974875981207e-01 1.254299187963255624e-01 -4.085574254250274318e-01 -3.951397698016472781e-01 -6.095580146654090425e-01 6.872434714700942360e-01 -1.628385602990919667e-01 7.827556210132969872e-01 6.006473516563666237e-01
-9.015604818241308438e-01 1.486915679310149008e-01 -4.062997849362682268e-01 -4.104157340495234174e-01 -5.911116214307621242e-01 6.943673208425683585e-01 -1.369219590045081536e-01 7.927659608205388508e-01 5.939482372283433342e-01
-5.357511952562651336e-01 6.447941530726385428e-01 -5.451707594367314336e-01 -8.004663654757026015e-01 -5.933382991332124545e-01 8.487202438863776510e-02 -2.687457060561200817e-01 4.818611448799808294e-01 8.340177351419767460e-01
-9.929675834315717653e-01 -9.319571600778105147e-02 -7.300641596368312447e-02 1.151282645423325618e-01 -9.038496465422830584e-01 -4.120695319346736052e-01 -2.758370819045056696e-02 -4.175767893013059284e-01 9.082228603593269778e-01
-9.963222232093752462e-01 7.349995674299655835e-02 4.404297785011981881e-02 -8.561960411437369300e-02 -8.337981082815530964e-01 -5.453897670633375272e-01 -3.363172672712388175e-03 -5.471548875637329834e-01 8.370246221496074890e-01
-9.919881125711966785e-01 -1.107137725440650866e-01 6.084443348816963998e-02 4.495468179673250270e-02 -7.594588964817154952e-01 -6.490002011858930775e-01 1.180621069691278474e-01 -6.410652424861575938e-01 7.583512997115351428e-01
-9.152251082454034847e-01 -3.849210495143280952e-01 -1.191586626224796636e-01 3.991336543761792588e-01 -8.254593812609266612e-01 -3.991354855592833539e-01 5.527501407965868668e-02 -4.128590504386652760e-01 9.091160967056832742e-01
-9.929682865590709895e-01 1.059580958040515219e-01 -5.279075507626428132e-02 -1.072437476646634219e-01 -9.939862315967384898e-01 2.213933113156677651e-02 -5.012744233232604985e-02 2.764513211570168716e-02 9.983601485413591270e-01
-5.838670614453508323e-01 -7.672641257257226677e-01 2.653394353154347463e-01 6.260144656258015416e-01 -2.173923708080177375e-01 7.488968192893543652e-01 -5.169188943987378382e-01 6.033625100126888130e-01 6.072466863843515306e-01
-8.481349813206424670e-01 4.609316645157981451e-01 2.611686315523538693e-01 3.270125559187531117e-01 6.763278016693988204e-02 9.425967299531519128e-01 4.168091190601735385e-01 8.848546816814535365e-01 -2.080921684607469624e-01
-8.405394532056421619e-01 5.388716410212209817e-01 -5.577438576853232383e-02 -1.103491953357112892e-01 -6.950598977865903028e-02 9.914595163059609639e-01 5.303927626707602982e-01 8.395154983012439454e-01 1.178865786189972065e-01
-9.459223912642537035e-01 2.999063405168436169e-01 1.236406754377845779e-01 1.228497736489729542e-02 -3.477526318347900491e-01 9.375058327195202601e-01 3.241603137894278341e-01 8.883266820093675964e-01 3.252626584687633438e-01
-8.271921093022590599e-01 -5.696412108358656079e-02 5.590244209489018123e-01 5.243851865024683478e-01 2.792414887012615310e-01 8.043906806799014930e-01 -2.019242196588907079e-01 9.585297490934113762e-01 -2.011152147851332783e-01
-8.376935453121385766e-01 5.180681399310509416e-01 1.728436476436485680e-01 4.709950609228555907e-01 5.250896178730164454e-01 7.088332284735570088e-01 2.764655073036354493e-01 6.751935245471115676e-01 -6.838717187316585289e-01
-5.692889324987535637e-01 6.841305154273077394e-01 -4.559337114050638351e-01 -5.098855327812370497e-01 1.412295638989741753e-01 8.485699462868689924e-01 6.449239139579363567e-01 7.155554822248739733e-01 2.684278246812435986e-01
-8.318064425617001101e-01 1.348036960059961591e-02 5.549020830275201988e-01 2.553804784209799394e-01 -8.783157361910645111e-01 4.041562554268087748e-01 4.928274072678194839e-01 4.778909365059979542e-01 7.271460647291572155e-01
-5.299982037611579155e-01 -4.646230212466850862e-01 7.093851930633661151e-01 8.028688922450565313e-01 -5.669575221035213185e-03 5.961286755240088331e-01 -2.729531935609884608e-01 8.854904313680728167e-01 3.760362350631148431e-01
-5.897731176506594286e-01 7.715204466608684974e-01 2.385872378834116569e-01 6.714849408857868074e-01 3.043714844583558787e-01 6.756226562307019456e-01 4.486375417419205536e-01 5.586718176468463692e-01 -6.975744808312123180e-01
-2.458467875227547395e-01 9.281936820086670314e-01 -2.793131678670643381e-01 -7.292458536576968964e-01 1.271799586379701238e-02 6.841335670059357499e-01 6.385607582585999253e-01 3.718800092239455957e-01 6.737547155692491518e-01
-3.424007569535992279e-01 -2.486777420394873928e-01 9.060469647053315256e-01 -7.634754048330254228e-02 -9.537840642541894898e-01 -2.906320901705638504e-01 9.364468883496556151e-01 -1.686871049870214967e-01 3.075904515932588179e-01
-2.312326440935713323e-01 -1.477408660790580364e-01 9.616153601080352775e-01 -5.446702580328091070e-01 -7.993307792509574128e-01 -2.537806441723450823e-01 8.061425272989691804e-01 -5.824456556900972082e-01 1.043613139423024139e-01
-1.192169447235369439e-01 -5.765166187951533683e-01 8.083414552921242002e-01 -4.709832802942453545e-01 -6.838790468834475833e-01 -5.572110900880021811e-01 8.740492376142533493e-01 -4.471443139376718445e-01 -1.899997177343991928e-01
-1.880065087419041381e-01 -7.035304151325726396e-01 6.853455388736918730e-01 3.807337981764964963e-01 -6.954315210323189778e-01 -6.094397217779411458e-01 9.053702709923601155e-01 1.463555756985900902e-01 3.986034594244700635e-01
-3.079601173865583186e-01 3.129757951258275717e-01 8.984468363596219698e-01 1.832586486086398014e-01 -9.071443517417121516e-01 3.788210564544212122e-01 9.335827942980702288e-01 2.813099300921756418e-01 2.220087597869574714e-01
-3.598867366276654184e-02 4.371151905623842926e-01 8.986852205013754480e-01 -8.545070882402040491e-01 -4.797548500645988923e-01 1.991304094977535133e-01 5.181915201112843317e-01 -7.607664516913880126e-01 3.907837694501290482e-01
2.534350697082328185e-01 -7.838161396287045557e-01 5.669240907736579071e-01 -7.200763235902838399e-01 -5.442031672321374636e-01 -4.305031950859494749e-01 6.459572382493161680e-01 -2.991240077828353217e-01 -7.023276118174839322e-01
1.556200918737002392e-01 -8.041740131949892678e-01 5.736606518727657145e-01 -2.128763232134973926e-01 -5.943922028247120570e-01 -7.754879626636954626e-01 9.646066856601834827e-01 -1.437262346259354220e-03 -2.636889763653844643e-01
5.127021918649743437e-02 -2.911605025565820459e-01 9.552993909636743330e-01 -2.120265145926152062e-01 -9.379245229416193208e-01 -2.744856032188999206e-01 9.759180917137856293e-01 -1.884758632179046323e-01 -1.098213424157140489e-01
1.810016784190785280e-02 -3.932812099328906186e-01 9.192400523464026030e-01 9.316615769952489856e-01 -3.270454314772743287e-01 -1.582655733271439713e-01 3.628761357196432225e-01 8.592852702470613613e-01 3.604854150470084284e-01
-2.726641227520601105e-02 9.535331125613515368e-01 3.000519055275266411e-01 8.809551070260617234e-01 -1.189327046776669089e-01 4.580099465762236810e-01 4.724136346109613638e-01 2.768205465768682205e-01 -8.367769970706324667e-01
6.893198932734391493e-02 9.569073164554531274e-01 2.820935457634555221e-01 4.667409973679096380e-01 -2.808443053839879688e-01 8.386175036984347964e-01 8.817035909098840385e-01 7.385705008602098942e-02 -4.659870319324423416e-01
1.998174627835361539e-01 4.235729869952140070e-01 8.835490400960789303e-01 4.900007253259617279e-01 -8.240770523579303841e-01 2.842469014028058405e-01 8.485117976473760537e-01 3.761421758657452208e-01 -3.722160565964359735e-01
1.009563364689000098e-01 4.012132374683034519e-01 9.104041718967358365e-01 9.846140200312868407e-01 9.089470034419389055e-02 -1.492427050383635656e-01 -1.426290632536266201e-01 9.114637082898813247e-01 -3.858637826822452488e-01
-1.274926303667914089e-02 9.740952818287811343e-01 -2.257782943750994420e-01 9.939382180679734446e-01 -1.231289803105538143e-02 -1.092483922350288156e-01 -1.091983285397878367e-01 -2.258025120785513151e-01 -9.680335482735772379e-01
4.337837162311156819e-02 9.695705435062910160e-01 -2.409383282922064329e-01 9.790086912048484580e-01 6.819914398040958538e-03 2.037043723462341749e-01 1.991489377845060416e-01 -2.447170814073247325e-01 -9.489221520476713856e-01
3.848159492484581196e-02 9.618583733863820262e-01 -2.708276876512881182e-01 9.785613950712712672e-01 1.860334966622590597e-02 2.051134112079564809e-01 2.023283542368897459e-01 -2.729146110557288951e-01 -9.405215851558602624e-01
5.192366107042638568e-01 8.418664545085742246e-01 -1.471537117354235480e-01 4.902433023218299435e-01 -1.523640047759827199e-01 8.581647362699140746e-01 7.000391750701782101e-01 -5.177316706767973731e-01 -4.918323602054635590e-01
9.795908398449236776e-01 4.816163023582047814e-02 1.951467239411036614e-01 6.880221739433986516e-02 -9.925644951255938597e-01 -1.004090528672442056e-01 1.888598458474941844e-01 1.117863157506462091e-01 -9.756207143338838650e-01
9.707097417282101182e-01 -1.713352695270374260e-01 1.684245312596988897e-01 -1.986235036151536848e-01 -9.667029367609897283e-01 1.613509710826657173e-01 1.351713768724463471e-01 -1.900780299607916779e-01 -9.724191695974693239e-01
8.765690606820654152e-01 -4.811589255708242918e-01 -1.061933135804950766e-02 -4.729646367462557177e-01 -8.571383415742351852e-01 -2.040056758790112224e-01 8.905691574742932715e-02 1.838476318773228091e-01 -9.789121073981342791e-01
9.730315483724667480e-01 -2.296919033812674649e-01 2.124230196967645187e-02 -1.901120016985679007e-01 -8.506859394202221925e-01 -4.900927047844089168e-01 1.306408538017263810e-01 4.728372468342831314e-01 -8.714114443385120312e-01
9.641387959965187493e-01 2.433515878743873206e-01 -1.059074441831071717e-01 2.492565501976222453e-01 -9.673234237627533760e-01 4.643884175434402628e-02 -9.114578562919867233e-02 -7.117161315383485620e-02 -9.932910184045345980e-01
9.665160384489807077e-01 -2.177521835992644872e-01 1.357598392700910817e-01 -2.555184832617017898e-01 -7.680329649487223076e-01 5.872271021195414331e-01 -2.360195187962831065e-02 -6.022535606286002485e-01 -7.979558863606716068e-01
6.003013504045450199e-01 -7.759222785493153918e-01 -1.938631124100682612e-01 -7.934964923186237362e-01 -6.081380318977611665e-01 -2.305321750988273410e-02 -1.000080265804718926e-01 1.676685772897124893e-01 -9.807576881213442288e-01
8.656444003615425542e-01 -4.575916987663882218e-01 -2.031492292448986714e-01 -4.963811512154340244e-01 -7.314875442150687856e-01 -4.674737697200219144e-01 6.531098560537709763e-02 5.055054993551492126e-01 -8.603479908042765967e-01
8.374869889737226458e-01 -5.014816566179401969e-01 -2.170983449394641718e-01 -5.336940273056852702e-01 -6.652453224005169252e-01 -5.221296258999972295e-01 1.174147712937635424e-01 5.531408582811060404e-01 -8.247720669264174687e-01
1.066238519852007738e-01 -4.832434994225877078e-01 8.689689720891359270e-01 -9.827684482198594251e-01 -1.839328237341515404e-01 1.830009663120512817e-02 1.509885140378828816e-01 -8.559465150457667981e-01 -4.945280902129212675e-01
-6.411138044527074920e-01 -7.250805830212324610e-01 2.514582229034580951e-01 -6.141582915690264599e-01 2.882583499470849908e-01 -7.346541475979012636e-01 4.601985252444757979e-01 -6.254320681028228135e-01 -6.301206595180293135e-01
-8.048414125159514265e-01 -4.447528106354099453e-01 3.929697674519391781e-01 -5.785129163281866882e-01 4.401042054118971536e-01 -6.867540273054247857e-01 1.324881366039410147e-01 -7.800661675849466237e-01 -6.115093358637704313e-01
-9.174786068660051308e-01 -3.914449139125624200e-01 7.073814611085489645e-02 -3.014581501171400002e-01 5.681980767841242619e-01 -7.656852677613528169e-01 2.595303251474981310e-01 -7.238244434328048316e-01 -6.393138395326860568e-01
-6.663737029864973405e-01 -7.399621058124171702e-01 -9.166335107182473074e-02 -3.638824736089193990e-01 4.300442781186861740e-01 -8.262272473464140621e-01 6.507961534676718340e-01 -5.172214233952721063e-01 -5.558294394979913511e-01
-6.498155316785899638e-01 -6.416406841467193756e-01 -4.074763885638059135e-01 1.949642160953136277e-02 5.218415587735613093e-01 -8.528196040671225386e-01 7.598418679789203933e-01 -5.621197559101710484e-01 -3.265910526664732028e-01
-5.517656485194227800e-01 -6.738111738435921261e-01 -4.914602436794474061e-01 -1.701278316156628820e-02 5.982524359808594205e-01 -8.011270735982313207e-01 8.338256618280817101e-01 -4.336732927521461667e-01 -3.415585467097445038e-01
-8.374481653100190881e-01 -3.916760069071281020e-02 5.451114284942262245e-01 1.427401260810710892e-01 9.471319062858731819e-01 2.873437114357094146e-01 -5.275469901584529664e-01 3.184447379867048067e-01 -7.875830889648000044e-01
-9.978999154897649770e-01 2.617991413229960301e-03 -6.472174894485092922e-02 -4.933828835908016935e-02 6.166904699966150316e-01 7.856580665385867190e-01 4.197013184773575739e-02 7.872013785152529586e-01 -6.152662006776977721e-01
-9.912757289083738987e-01 3.456720348177860086e-02 -1.271909498377212788e-01 -7.208365009663424139e-02 6.657157512783761222e-01 7.427156157565381056e-01 1.103466205459795318e-01 7.454043513042548641e-01 -6.574161363936580349e-01
-9.791880052990044048e-01 -8.641573372901142913e-02 1.836386975629968332e-01 2.277417775539526332e-02 8.523243438702645669e-01 5.225175113560209805e-01 -2.016734665396588411e-01 5.158251000195709368e-01 -8.326177268612990900e-01
-8.829643232563385569e-01 -2.461789208524523265e-01 3.997123250343909695e-01 1.182943835633687435e-01 7.073086973894231466e-01 6.969367585474600668e-01 -4.542911430721926491e-01 6.626540164559482360e-01 -5.954067616352377579e-01
-8.728116173576628833e-01 -2.387222589413262597e-01 4.256895155996343605e-01 1.338894047058941938e-01 7.216335244267082505e-01 6.792044491395715644e-01 -4.693330458352599766e-01 6.498128496032055113e-01 -5.978877424546852337e-01
-6.044205699970788270e-01 -6.071641910946425913e-01 5.157784598224268713e-01 5.544894467612687672e-02 6.137898982883408516e-01 7.875197618431503122e-01 -7.947334075642665807e-01 5.045925146210323842e-01 -3.373206265405557791e-01
-3.810265274629998644e-01 -8.727500585276535272e-01 -3.051657266297539417e-01 -9.084677491958607076e-01 2.920902226418986003e-01 2.989475715037893111e-01 -1.717705854926703801e-01 3.911401758666379624e-01 -9.041594045203098506e-01
-4.274077499984831885e-01 -8.251859110385422191e-01 -3.693112880277631405e-01 -8.962219485200711988e-01 3.330658633822107806e-01 2.930074225004388744e-01 -1.187806138733158295e-01 4.562185253504660865e-01 -8.819046563517650705e-01
-3.627803298762137252e-01 -8.318665157249409692e-01 -4.199863477192470884e-01 -9.298095105112836878e-01 2.931409997086665831e-01 2.225368024677504275e-01 -6.200569665500531291e-02 4.712392750031034194e-01 -8.798231863714875978e-01
3.313486866446038182e-01 6.406476516481137695e-01 -6.926605476686639173e-01 1.478765844953802422e-01 6.897976139607585599e-01 7.087395625559680390e-01 9.318479294481889497e-01 -3.372681992299326748e-01 1.338267468457694509e-01
-9.710265137282353409e-01 1.607397209846941899e-01 -1.768339665747281075e-01 1.019336883854219666e-01 -3.906849332478431469e-01 -9.148632718091113114e-01 -2.161412334769395316e-01 -9.063818318075950176e-01 3.629806360677882426e-01
-8.647850510592907103e-01 5.007777963823151213e-01 -3.699208178587465312e-02 -2.827468490140378279e-02 -1.221137619663350410e-01 -9.921132855335403899e-01 -5.013455471609444825e-01 -8.569187988303803571e-01 1.197614902754287475e-01
-5.020618366618112560e-01 1.725019268860875921e-01 -8.474532420071069216e-01 4.966207143317191708e-01 8.597419406984879720e-01 -1.192126734061899757e-01 7.080266790626057460e-01 -4.807149681719769529e-01 -5.173116479560396774e-01
-2.588201454627445663e-01 9.022538257150340968e-01 3.448915282885746669e-01 9.654017919722603924e-01 2.298716246654947670e-01 1.231195201030064190e-01 3.180428209207680768e-02 3.648247115482050607e-01 -9.305328674928019517e-01
-1.494253172112025296e-01 9.515346670671859242e-01 2.688007662668974729e-01 9.096313637830369947e-01 2.571835866220776798e-02 4.146195220318676933e-01 3.876117343406207949e-01 3.064642612068521621e-01 -8.693887507924141778e-01
-5.489296570471127734e-02 8.544736508506366457e-01 5.165864325726392536e-01 9.366896099770258832e-01 -1.351239097094013297e-01 3.230388577028044939e-01 3.458313705799818116e-01 5.016137049830576844e-01 -7.929592386093633483e-01
-7.631762386879718633e-03 8.693218474137447416e-01 4.941874966164404581e-01 8.246219560872197762e-01 -2.740736666002804300e-01 4.948557919385868087e-01 5.656327304371254749e-01 4.112944819535418461e-01 -7.147702171836833873e-01
-1.050788102194771950e-01 9.851019296261162017e-01 -1.361346094487416170e-01 7.589442880111612055e-01 1.678976955929334103e-01 6.291374504111276744e-01 6.426212036169444142e-01 -3.720956948803614411e-02 -7.652799726900113564e-01
-5.610048073134715763e-01 8.238599310097545203e-01 8.079864013569336423e-02 8.070280394174219607e-01 5.225734355223511374e-01 2.749959055703184996e-01 1.843348848298841103e-01 2.194807931527723854e-01 -9.580442743797302763e-01
6.122322923723295673e-01 -6.631529688475025219e-01 -4.305807242379361410e-01 -1.332916531931956639e-01 4.502144667856125548e-01 -8.829157768926612082e-01 7.793618898596127442e-01 5.979423666254884973e-01 1.872430795216821764e-01
-7.114194694505662220e-01 -4.972315220524726326e-02 -7.010063812986651044e-01 -2.839990742986315819e-01 -8.920744406612125532e-01 3.514935534494277869e-01 -6.428272429542760680e-01 4.491445206765405374e-01 6.205177960881104182e-01
-5.699372011162697760e-01 -3.627390969470141724e-01 -7.372868738352915674e-01 -1.429927185466712547e-01 -8.398072659365706238e-01 5.237144627779295458e-01 -8.091505850126943233e-01 4.039110095382485999e-01 4.267683530293782113e-01
-4.153434514963233459e-01 -2.470532790560630576e-01 -8.754738686030375527e-01 -4.840260412819992197e-01 -7.548412344887873715e-01 4.426437643029889069e-01 -7.702003691637635541e-01 6.076013397146940997e-01 1.939381430170754039e-01
-5.483493861964389149e-01 2.873503721561287416e-01 -7.853296850875580715e-01 -6.699071118241373135e-01 -7.130467884762490272e-01 2.068543907466080800e-01 -5.005371236835800541e-01 6.395264193647061113e-01 5.834968266829964056e-01
-5.737500327353062257e-01 2.755320109684171181e-01 -7.712930771554581399e-01 -6.520891804513034851e-01 -7.234780562697529227e-01 2.266256888229750688e-01 -4.955709844962501442e-01 6.329783669509098099e-01 5.947670016885410194e-01
-5.614019501647725674e-01 4.851276931602898634e-01 -6.704319291920440849e-01 -8.056386165644900954e-01 -5.055621979492495033e-01 3.087932698502000028e-01 -1.891408730318348552e-01 7.134829958265997973e-01 6.746612074330756714e-01
-9.346462867534847119e-01 -3.555136842819766607e-01 6.807271566335182031e-03 -2.702944572560000633e-02 9.012323691196247322e-02 9.955637655279931941e-01 -3.545500355685916594e-01 9.303159798997140406e-01 -9.384268656397806718e-02
-9.919072017960425258e-01 -3.031361581481761477e-02 -1.232930968115261150e-01 -1.264081217041634064e-01 3.266335852241434856e-01 9.366597502673249531e-01 1.187812242612937795e-02 9.446648007096770661e-01 -3.278220927695021381e-01
-9.610453748312218769e-01 -6.883532839963373007e-02 2.676816861117531365e-01 1.812648320868575080e-01 5.741511075556520183e-01 7.984319422099430685e-01 -2.086500615002064296e-01 8.158506010641488615e-01 -5.393078421265793398e-01
-7.317710912651670396e-01 -5.514170592512276370e-01 4.005624754708240198e-01 2.118132203935546298e-01 3.746214777975805377e-01 9.026593532663739206e-01 -6.478010725948961657e-01 7.453844478787338135e-01 -1.573397445193590594e-01
-6.995837137295211061e-01 -5.277078736419129612e-01 4.817748723011013312e-01 2.938695505975597033e-01 4.020938497143675128e-01 8.671569772846597912e-01 -6.513242776958341196e-01 7.482278637675898736e-01 -1.262210329770344641e-01
-8.954100249821145274e-01 3.492140021241362247e-01 2.762072915076155821e-01 1.857052949784445683e-01 -2.709002975910719813e-01 9.445245217473383637e-01 4.046658258100107042e-01 8.970298821586227822e-01 1.777159529586183617e-01
-8.426013430784443647e-01 2.651240098181389948e-01 4.687560517586445430e-01 3.578282883242902557e-01 -3.748788815576034605e-01 8.552337342721163527e-01 4.024697413686030845e-01 8.883552687861270281e-01 2.210045784652847345e-01
-6.248844263839106183e-01 6.112300143681544951e-01 4.857132108542622784e-01 6.939049375629229022e-02 -5.761921841902064578e-01 8.143632643079977695e-01 7.776274255960299309e-01 5.425868008103633677e-01 3.176399700089178602e-01
