8.407975133334939510e-01 4.891628112966826536e-01 -2.319036127716407603e-01 -5.413495703583888208e-01 7.600827935662314294e-01 -3.594645874037408206e-01 4.292376975543194927e-04 4.277778523590015647e-01 9.038838004888235522e-01
5.223444472764972035e-01 -4.458649057027807248e-03 8.527229320523737055e-01 -5.235946155326516305e-01 7.876040444623514380e-01 3.248515780041114631e-01 -6.730564292721862296e-01 -6.161655537232934021e-01 4.090660746386111657e-01
-5.412832348383449926e-02 1.915472941469260892e-01 -9.799896727526370421e-01 -3.116332816160201080e-01 9.291677905395421266e-01 1.988263433579571804e-01 9.486594870584807992e-01 3.161595343001013525e-01 9.398217122591402684e-03
-7.448787398593864628e-02 4.593347534943513777e-01 8.851345326340729347e-01 2.795262252943536141e-01 8.616346687151171801e-01 -4.236163205553829525e-01 -9.572442979729601786e-01 2.158640356809679028e-01 -1.925774444159562282e-01
1.913019857591805595e-01 8.049179066802909510e-01 -5.617034037194480467e-01 4.781110921350594789e-01 4.233724374268523771e-01 7.695229449500947672e-01 8.572125371353449541e-01 -4.157678952644913162e-01 -3.038481914465184786e-01
5.786322229874882872e-01 7.049028425810091036e-01 4.102398481885576320e-01 6.260420898090517383e-01 -6.148873622078054879e-02 -7.773612011835209223e-01 -5.227389906139322528e-01 7.066336517879575618e-01 -4.768782128098776329e-01
8.865833094804144165e-01 4.583513816631539228e-01 -6.232211708722417559e-02 2.844994232321598204e-01 -4.340802143615498654e-01 8.547715751476526735e-01 3.647329345306291604e-01 -7.755568183101150259e-01 -5.152489767494614625e-01
9.936983536083126012e-01 4.882250075853988153e-02 -1.008957157455734610e-01 -4.790868834140802474e-02 -6.287828345518881035e-01 -7.761036686901425785e-01 -1.013328160939732242e-01 7.760467192074039788e-01 -6.224814454984901602e-01
8.911547732439155656e-01 -3.935372730218924531e-01 2.257688748855303240e-01 -4.284738006503466812e-01 -5.663907487369287397e-01 7.039969615711905160e-01 -1.491756423845148893e-01 -7.241063005441353839e-01 -6.733622303273726351e-01
6.274253442615860266e-01 -6.246812173981831640e-01 -4.648772031495572721e-01 -7.599409764420238522e-01 -3.610571069015717227e-01 -5.404881847739232414e-01 1.697855992202351449e-01 6.923952210882098335e-01 -7.012572339103783081e-01
2.762967661443343492e-01 -8.777068902934289651e-01 3.915235775143335872e-01 -8.337000624846562236e-01 -1.621922178035584139e-02 5.519792954975034638e-01 -4.781258232215280235e-01 -4.789233253625040376e-01 -7.362256078081348409e-01
-9.913551034176190657e-02 -7.721394527622000847e-01 -6.276725388905977088e-01 -9.319633067050147046e-01 2.931109055774656635e-01 -2.133785181010811605e-01 3.487356384781080676e-01 5.638143865844934544e-01 -7.486633368448182280e-01
-4.309606864659186187e-01 -7.825015008536579941e-01 4.494043701196029916e-01 -6.921932974771209945e-01 6.061763667858163229e-01 3.916869301854450369e-01 -5.789139190316417993e-01 -1.422730245412686390e-01 -8.028804773061214428e-01
-6.689066411445981908e-01 -4.363752398633383711e-01 -6.017811524689568037e-01 -5.925138615084688531e-01 8.018576284190381820e-01 7.714705222183744493e-02 4.488777443279794443e-01 4.081678500083143479e-01 -7.949262713400629954e-01
-7.999488611371911029e-01 -2.878312421464433446e-01 5.265310965268302779e-01 -1.827481322941801045e-01 9.526274135336055826e-01 2.431134120678289379e-01 -5.715635920073107723e-01 9.825572262575153759e-02 -8.146538364624522632e-01
-8.612568759303902421e-01 1.305117621002959694e-01 -4.911244990998722693e-01 -1.669307304331820938e-02 9.586697037580004244e-01 2.840312313970403957e-01 5.078955945615153400e-01 2.528222281565138396e-01 -8.234822317299753669e-01
-7.990364872363391324e-01 2.827042013880671223e-01 5.306778934368255873e-01 3.918160675588232000e-01 9.142710996499066045e-01 1.029005614546899261e-01 -4.560930401439505233e-01 2.901494285062196643e-01 -8.413040163161964458e-01
-6.937617311923767183e-01 6.391147719464954635e-01 -3.320044707722105137e-01 5.054445106242066998e-01 7.604583877414140547e-01 4.077117697511141170e-01 5.130501993107619008e-01 1.150449859555319476e-01 -8.506139807184449619e-01
-4.880586261323893171e-01 6.992124454706110104e-01 5.223990175687285298e-01 8.109349034926689459e-01 5.846084574350580709e-01 -2.485022721702737775e-02 -3.227744719693620978e-01 4.115032291421418242e-01 -8.523389775497126619e-01
8.417163834507802589e-01 4.365806162555493919e-01 -3.176647530659707508e-01 3.433142792673612650e-03 5.840156458168473952e-01 8.117351408998481066e-01 5.399090139654127984e-01 -6.843413555756043820e-01 4.900766936795096229e-01
8.261559847390362865e-01 5.338760195986496093e-01 1.801185292449830333e-01 -5.440591282358051561e-01 8.390024976999189699e-01 8.629822512269449616e-03 -1.465126406258834557e-01 -1.051247095158878986e-01 9.836070564946304273e-01
5.875686802685857746e-01 7.784310735583984675e-01 -2.209255749933725921e-01 -5.647116094059656533e-01 1.989331666816093747e-01 -8.009534277323190343e-01 -5.795376123855611183e-01 5.953743855027245901e-01 5.564759625695405720e-01
1.472165812214510372e-01 -9.139990472549816003e-01 -3.780648354852034765e-01 2.478388393605474305e-01 -3.359489891995765531e-01 9.086881678332779932e-01 -9.575506189846492155e-01 -2.274731154944883427e-01 1.770672013935568612e-01
4.047475134801299945e-01 -8.811359981719506518e-01 -2.444970409988077020e-01 3.613213688930304035e-01 -9.151212369019777471e-02 9.279398685254218737e-01 -8.400156657544661787e-01 -4.639233599887275239e-01 2.813339605235224972e-01
8.210951544528192203e-01 -3.080211307964008105e-01 -4.805473237018468291e-01 1.016433241513518271e-01 9.073444939171786405e-01 -4.079149470338667149e-01 5.616683914816323897e-01 2.860925590452950695e-01 7.763244590178454141e-01
8.156983865713269832e-01 -3.397730943002018056e-01 -4.681777296439894598e-01 2.315583719727633272e-02 8.278570281588237822e-01 -5.604610139266903435e-01 5.780137968497184309e-01 4.463260975091045690e-01 6.831493726365164276e-01
8.382821050888277226e-01 -4.954022112881108220e-02 -5.429814718554881736e-01 -4.528038285647944389e-02 9.860981777530690717e-01 -1.598751724328933421e-01 5.433532913457085334e-01 1.586069050280763115e-01 8.243852560915925221e-01
-1.943413513531110082e-01 7.059429278428809296e-01 6.810844454125112302e-01 -7.489366781957460528e-01 -5.551867824234483217e-01 3.617478247003294567e-01 6.335024003169749118e-01 -4.397865610167275841e-01 6.366023009239852870e-01
-7.465863023754784056e-01 -3.812594272746564483e-01 5.452065133685691789e-01 4.315764614226809126e-01 -9.012227561643808560e-01 -3.923393578720153763e-02 5.063108245447532907e-01 2.060067787372009407e-01 8.373831596486367435e-01
7.410024178513763271e-01 -6.662472412032447444e-01 -8.384527611905119582e-02 5.025683585099999240e-01 6.330549540925421992e-01 -5.887838908491417333e-01 4.453543103675755011e-01 3.941523039231855652e-01 8.039300339886964464e-01
1.089622412952397645e-01 -9.898350989551778500e-01 -9.139861513344124666e-02 7.413971414564212159e-01 1.421717224209934072e-01 -6.558334239607609417e-01 6.621612406447278110e-01 3.698407798086817463e-03 7.493522624023989387e-01
-6.749564032908215161e-01 -8.501096169218102724e-03 7.378086371279752864e-01 -7.368805221209427936e-01 5.920870801237380215e-02 -6.734251443288058470e-01 -3.795984425000886731e-02 -9.982094270539763059e-01 -4.622758878730136300e-02
4.187424152207611106e-01 7.754485957598196144e-01 4.725825483756331269e-01 -8.408375528927475306e-01 5.276456388568036004e-01 -1.207571506815721674e-01 -3.429970835742192081e-01 -3.467990125844069293e-01 8.729739088484033127e-01
7.224060130956716508e-01 6.506277490714774681e-01 2.341219434000130217e-01 -6.881579990831503402e-01 7.095776339579328296e-01 1.514534571561089171e-01 -6.758787273684184471e-02 -2.705237762653122657e-01 9.603378394784120031e-01
5.064827939393510281e-01 8.233389925197439618e-01 2.561017040942173417e-01 -8.414472355452100594e-01 5.368075038792693432e-01 -6.167863140693422702e-02 -1.882597387566259106e-01 -1.842569053671571644e-01 9.646800835446981415e-01
-6.477923168561476874e-01 -6.411963317757878311e-01 -4.113786313597463384e-01 3.852247735692210795e-01 -7.415729168652155368e-01 5.492462861053847289e-01 -6.572419554857149571e-01 1.973242840840673251e-01 7.273899496556327504e-01
5.976401470628831536e-01 -7.304321848355853630e-01 -3.305980610574855150e-01 7.921558518939838534e-01 6.015894192575784727e-01 1.028556121339355978e-01 1.237552460656620168e-01 -3.233558318534596188e-01 9.381501186257905633e-01
8.800298888239396211e-01 -4.162445924084308690e-01 -2.286653320187916338e-01 3.312751776547134819e-01 8.830227273731386939e-01 -3.324569439977783092e-01 3.403000902826253116e-01 2.168208989771123751e-01 9.149778938971115938e-01
9.701415721946540227e-01 -2.396076192634965241e-01 -3.759679096099160373e-02 1.728975655312526283e-01 7.919305778132516016e-01 -5.856213723539602789e-01 1.700933912092160438e-01 5.616352452573191156e-01 8.097123498821663379e-01
9.701415721946576864e-01 -2.396076192634788993e-01 -3.759679096100767420e-02 1.728975655312317006e-01 7.919305778132645912e-01 -5.856213723539490656e-01 1.700933912092164046e-01 5.616352452573084575e-01 8.097123498821739984e-01
9.712662189436521709e-01 -2.289336923269292556e-01 -6.504841624867184480e-02 1.509844716533874087e-01 8.039858340092522759e-01 -5.751612539384018952e-01 1.839717947361743378e-01 5.488133956364460442e-01 8.154497136620657560e-01
3.965715362194795479e-01 -7.442461861375778698e-01 5.374277915033720543e-01 8.754344446165956972e-01 1.303935263714682546e-01 -4.654160090276719397e-01 2.763069847820623925e-01 6.550535418575210711e-01 7.032491076855781342e-01
-6.396469799368295073e-01 2.979015056904770753e-01 7.085946894840802202e-01 -5.747681271311008144e-01 -7.974581613189571927e-01 -1.835812653295397223e-01 5.103854828381192421e-01 -5.247048445108306591e-01 6.813159950088983896e-01
5.822719638701572276e-01 8.119732141881185195e-01 -4.072909932476011241e-02 -7.139592507987920778e-01 5.346632242370392696e-01 4.521033342580885184e-01 3.888721490279521964e-01 -2.341681790710879452e-01 8.910351932560873767e-01
5.574482623530171432e-01 8.294881919299814665e-01 -3.465218966143017443e-02 -7.333431306012646589e-01 5.115424111462238965e-01 4.478082339558355218e-01 3.891777069662883948e-01 -2.242179766375520245e-01 8.934578956800506289e-01
3.099903057291804043e-01 -8.695661520975379588e-01 3.843965627840746913e-01 5.088293939655252895e-01 4.932751752014120084e-01 7.055297650465873760e-01 -8.031180848359759095e-01 -2.311511748397673816e-02 5.953713405540246306e-01
9.033885955564850967e-01 -1.250582400591206123e-01 -4.101822546281067017e-01 2.739004161672110582e-01 9.042639567023299518e-01 3.275442849943736578e-01 3.299509167162749668e-01 -4.082488618506637246e-01 8.511552498550001289e-01
9.439176924529142365e-01 -3.126106501840327234e-01 1.062730975641627690e-01 1.754090087009041732e-01 7.474602208559492089e-01 6.407299726909472248e-01 -2.797339263316693247e-01 -5.861550986125533269e-01 7.603756511288195519e-01
2.453376863797191998e-01 -6.330719165999284526e-01 7.341861944046209620e-01 -9.607813487824756749e-01 -5.780198721217764957e-02 2.712160211087283890e-01 -1.292618252755761143e-01 -7.719319132454731669e-01 -6.224246957179719875e-01
5.194942585878959962e-01 -8.507289175116757862e-01 7.991260353426822560e-02 -6.705527790885200679e-01 -4.638548391761503353e-01 -5.789625710091546029e-01 5.296080491749300956e-01 2.471821131924401005e-01 -8.114285656586441853e-01
9.668145101199140390e-01 -2.339668464899195277e-01 -1.026119767139937328e-01 2.217071011217522092e-01 5.687842233094235755e-01 7.920419614051297241e-01 -1.269474865201350999e-01 -7.885074648079485327e-01 6.017809515167141798e-01
9.991592490405215576e-01 3.906126290283347402e-02 -1.245041353599058223e-02 1.242448319365396618e-02 9.065276233866610472e-04 9.999224022018102787e-01 3.906951847863062571e-02 -9.992364064364868126e-01 4.204494549583551546e-04
7.815452322795651829e-01 1.586986647840375186e-01 6.033256033824889730e-01 -3.883554656319302073e-04 9.672262103666089406e-01 -2.539159450682072494e-01 -6.238484584264939459e-01 1.982124914721880293e-01 7.559926647417123391e-01
7.133296916451713487e-01 -6.370896598993261994e-01 -2.920231433752565886e-01 5.542705863988219850e-01 2.578500366654881693e-01 7.913895852516085183e-01 -4.288879434893348996e-01 -7.263815277393604886e-01 5.370521465263145000e-01
-5.065793637180074915e-01 4.111633529454560287e-01 -7.578403825672719307e-01 -2.379907874196388884e-01 -9.115020239695830195e-01 -3.354466357004257659e-01 -8.286964060248113162e-01 1.042868611111754870e-02 5.596012054557752968e-01
9.670459894112303223e-01 2.518124994870374889e-01 -3.758349991346422725e-02 -2.116379281280790503e-01 7.129914308542268930e-01 -6.684703485616222407e-01 -1.415324759244627195e-01 6.543956636703314178e-01 7.427885793603441478e-01
-5.892296113605659524e-01 1.581835922097513669e-01 -7.923297395980386515e-01 7.726564419065423683e-01 -1.764152024786538597e-01 -6.098193987687977602e-01 -2.362424345374862233e-01 -9.715223247512302374e-01 -1.827251033018879520e-02
9.388315399352137325e-01 -2.908374331324685147e-01 1.844150945877050807e-01 1.728929827030582234e-01 8.611849335492937074e-01 4.779838143282036933e-01 -2.978310866160807091e-01 -4.168622047111198992e-01 8.587913286290619341e-01
-9.019904930743750660e-01 3.710158469062829756e-01 2.208175530791415819e-01 -4.253709033599786249e-01 -6.760033169690826682e-01 -6.017300973206460846e-01 -7.397800333992335386e-02 -6.366841892109555978e-01 7.675679111522489828e-01
5.918250109687622079e-02 -9.978037643168435888e-01 -2.975028536091058745e-02 7.021686270511610095e-01 6.279398835619552643e-02 -7.092363035063912191e-01 7.095467925013867472e-01 2.108466128396080039e-02 7.043428045416061378e-01
-6.885293207467360621e-02 -9.974220474443050710e-01 -2.021219970045922548e-02 6.337369228057089243e-01 -2.808222645702476011e-02 -7.730387449733472360e-01 7.704782841959088024e-01 -6.603520144004458581e-02 6.340367227166746611e-01
9.909100025522619148e-01 1.337410823884448707e-01 1.451515495761506423e-02 -1.079951909212539113e-01 7.265020349006471312e-01 6.786249568230608986e-01 8.021474664772240692e-02 -6.740238246284669943e-01 7.343415269841788717e-01
-1.650163911487683710e-01 6.487177917411580674e-01 7.429231570833636500e-01 -2.109131085978366571e-01 -7.590352340545327703e-01 6.159392616852558122e-01 9.634756101084416269e-01 -5.505215837963339104e-02 2.620763411372916130e-01
8.264694313282739957e-01 5.526873069616320411e-01 1.071681846604584654e-01 -5.244819784892095216e-01 8.250575239613303635e-01 -2.102349552164042845e-01 -2.046141083111421011e-01 1.175449823612127742e-01 9.717593548825441685e-01
5.830113621559397385e-01 7.088526789041940113e-01 3.970209455525279818e-01 -7.944625033695089655e-01 5.996869899394671188e-01 9.594188260188889206e-02 -1.700796352798560063e-01 -3.713534619573233830e-01 9.127812026742128104e-01
8.421217716974547240e-01 4.819654319431279088e-01 -2.419509124698937252e-01 -5.001948118993061465e-01 8.657582545988926626e-01 -1.636443530638797411e-02 2.015839075475960029e-01 1.348034384047877565e-01 9.701504837972760864e-01
-8.031637023561022382e-01 -1.159052664671301747e-01 -5.843749108430495998e-01 3.679618078271306714e-01 6.749273156143953400e-01 -6.395914528964068424e-01 4.685426076657580596e-01 -7.287242879462234590e-01 -4.994284102441924333e-01
6.204187081248455637e-01 -6.603319015700662709e-01 -4.231340288579473197e-01 5.788095326538975627e-01 7.495822687752117242e-01 -3.211011479997903928e-01 5.292070970023687870e-01 -4.569685007379453712e-02 8.472612621710369218e-01
8.401780864059614773e-01 -4.822580790935453998e-01 2.480482377930160742e-01 4.060058549952608176e-01 8.625842421238738567e-01 3.018404726824245876e-01 -3.595275077553649612e-01 -1.528907138729690973e-01 9.205239816423197441e-01
7.564685105624885386e-01 -4.714463218536916189e-01 4.533141936207117362e-01 -5.261190142741212911e-02 6.469985111010441159e-01 7.606739869755140271e-01 -6.519105616229597944e-01 -5.992756396214166115e-01 4.646303126150718721e-01
7.598805212989666602e-01 -4.511914403620977954e-01 4.679827747838446461e-01 -3.337170891978354786e-02 6.918793989468534633e-01 7.212414480302100639e-01 -6.492056087205225756e-01 -5.636747124511765072e-01 5.106886489328887890e-01
8.293369412659398199e-01 -1.309693603795941408e-01 5.431825333103186271e-01 -1.347869850305301043e-01 8.965377298143827334e-01 4.219627562779125762e-01 -5.422478275825871608e-01 -4.231632376058124256e-01 7.258788933568270929e-01
6.278656675013276622e-01 7.734267906829815908e-01 -8.715333055561161335e-02 -7.708590677501500066e-01 6.334038075734326201e-01 6.764550405494575147e-02 1.075220965219794850e-01 2.471064558649728460e-02 9.938955592788494275e-01
4.367072050220834889e-01 -1.599531846306955774e-01 8.852693351790169585e-01 3.944769837219327391e-01 9.184591707209723843e-01 -2.864718192405416378e-02 -8.085015314737791225e-01 3.617288078727521894e-01 4.641955871822906476e-01
-1.917424338569306830e-01 9.302509847932830533e-01 3.128385275981015456e-01 5.905335216980222013e-01 -1.452425107777907953e-01 7.938354822089368490e-01 7.839036923050894945e-01 3.369535848660625277e-01 -5.214952375970053344e-01
7.545983840776541995e-02 8.763608441218766476e-01 -4.757073508760042979e-01 -6.854110112372338581e-02 4.804977741111405298e-01 8.743134486732929700e-01 9.947903951306634740e-01 -3.337004591293205036e-02 9.632502162754673358e-02
-5.876717009551908344e-01 -1.770032888015343753e-01 7.895009864780875297e-01 8.082409114527970839e-01 -1.733665065201786815e-01 5.627527729571316639e-01 3.726393632434543690e-02 9.688208762048996503e-01 2.449438892464675388e-01
-1.301428771816019042e-02 -3.751772174798718718e-01 9.268617393113440794e-01 9.786527630076552464e-01 1.853599592395359374e-01 8.877192668969043077e-02 -2.051082586652013540e-01 9.082311054983628340e-01 3.647558926632309406e-01
8.382613783125003604e-01 -5.061265050624219608e-02 5.429145616377958339e-01 -2.506577926993390840e-02 9.910533348632077910e-01 1.310915487974162741e-01 -5.446921776005397842e-01 -1.234975589444885224e-01 8.294930889377768457e-01
5.514823675530126090e-01 7.862716120046787660e-01 2.786469996854237796e-01 4.656301722735929904e-01 -5.673015190057363322e-01 6.792330448397283504e-01 6.921385272809110756e-01 -2.448385972214110473e-01 -6.789685709692778737e-01
8.335267534518088217e-01 2.868061628674777319e-01 -4.722026855295525793e-01 -3.302490203408205427e-01 9.438442013941749087e-01 -9.680292274526393001e-03 4.429093991371327310e-01 1.640132568904898724e-01 8.814368472670962573e-01
8.832111934401228881e-01 -9.348649933020434675e-04 -4.689745342867973066e-01 -1.622903502141224141e-01 9.376038498551602096e-01 -3.075075006632517760e-01 4.399998068288799025e-01 3.477041080634891146e-01 8.279504956374639235e-01
3.875631578339342465e-01 9.218031446617837021e-01 8.588433002369205010e-03 -9.189280441605887084e-01 3.855804816414054037e-01 8.305986896436295952e-02 7.325331627294701109e-02 -4.008309704637279952e-02 9.965075498892054240e-01
-3.120689314092439104e-01 9.460391610057320433e-01 8.730915125382361641e-02 -9.193285824175092547e-01 -2.775124436011005002e-01 -2.789655914208042375e-01 -2.396829981440187773e-01 -1.673222922688916703e-01 9.563238525262132139e-01
1.651021018931458084e-01 -9.811311736305573517e-01 -1.006127033768128565e-01 8.167642330628447356e-01 7.883064115893291535e-02 5.715609482843758693e-01 -5.528449000757161835e-01 -1.765427714317321650e-01 8.143679551133351513e-01
1.949844029307816196e-01 -9.754453491308939794e-01 -1.024082685755174221e-01 8.169869975500990700e-01 1.037568692355737843e-01 5.672448835560414127e-01 -5.426908221518045305e-01 -1.942701288035315332e-01 8.171571382585226528e-01
6.733645625459389050e-01 -7.272227463354082877e-01 -1.331436935033088464e-01 7.390564447687002492e-01 6.668490491162343270e-01 9.543540820169131578e-02 1.938394575843003717e-02 -1.626635266590537865e-01 9.864911757039054319e-01
7.267485735092990007e-01 -6.803937557405043135e-01 -9.434430587762100695e-02 6.839453806345838771e-01 7.294940583712500315e-01 7.558776994830397437e-03 6.368066591056663339e-02 -7.001968259264308714e-02 9.955109325561484201e-01
9.050023650806473530e-01 -1.980549053513182001e-01 3.764903367481232666e-01 3.458119379078251066e-01 8.579425711414693234e-01 -3.799324258649156572e-01 -2.477596068750300418e-01 4.740345969330144182e-01 8.449298066180913613e-01
-8.014607074026801614e-01 6.516258084749761148e-02 -5.944868144432550183e-01 5.252140306738423137e-01 5.521103848112712820e-01 -6.475525808510735892e-01 2.860261464847785318e-01 -8.312207655255272609e-01 -4.767190813112317516e-01
6.019103916616627137e-01 -2.882725689158984958e-02 -7.980431502555549450e-01 5.116360860955437850e-01 7.812159058595176120e-01 3.576733479544247363e-01 6.131332610571191832e-01 -6.235949788862961141e-01 4.849710367571067327e-01
8.658871352577447444e-01 3.124900072194385370e-01 -3.906270144052145232e-01 -1.833723661691330775e-01 9.248021163984267989e-01 3.333400978438151308e-01 4.654181392260832717e-01 -2.170047024674492397e-01 8.580762872765709259e-01
5.926872103507411227e-01 6.719588576475499231e-01 -4.440643695633058052e-01 -7.613220090552211827e-01 2.874352155647277307e-01 -5.811796584373716268e-01 -2.628890815815258519e-01 6.825337284576185048e-01 6.819362435763064445e-01
8.371324480016117953e-01 5.167683410485192086e-01 1.793313865244736960e-01 -5.306265106174155033e-01 8.468058235539783762e-01 3.681580401205896552e-02 -1.328336204912546614e-01 -1.259776920134269285e-01 9.830996136618890269e-01
-3.905750372499035561e-01 -8.956140036639778090e-01 -2.129006733625251890e-01 -5.512277699303169687e-01 4.230572515413089790e-02 8.332815678249656521e-01 -7.372917237667095947e-01 4.428157427871818319e-01 -5.102108701360159593e-01
8.373642128326379552e-01 -5.072529904788365407e-01 -2.037537207450572652e-01 5.342170937276550235e-01 8.383847344926368406e-01 1.082734212024797221e-01 1.159019923743991737e-01 -1.995130086485314425e-01 9.730165916075921295e-01
8.337324078188987908e-01 -4.652199196983668461e-01 -2.974234329509804486e-01 3.014630902242244614e-01 8.347919567846479039e-01 -4.606977253255326588e-01 4.626124483679210364e-01 2.944364366098461416e-01 8.362397427840497777e-01
8.604196439812639152e-01 -1.703510618361600004e-01 -4.802692494658051814e-01 3.752155636121730642e-01 8.494997883086983226e-01 3.708953902203102615e-01 3.448062021982121750e-01 -4.993301767315586615e-01 7.948446750975162178e-01
8.636325933382115183e-01 -2.604625880970527496e-01 -4.316225016443201445e-01 4.035576383075791806e-01 8.703204226809463373e-01 2.822828270158647124e-01 3.021257623697873873e-01 -4.179732073545437410e-01 8.567487505950799331e-01
-5.721843419038621370e-01 8.076584698576338983e-01 -1.424530622600654606e-01 4.752883163745805772e-01 4.681124363059026572e-01 7.449642698100158444e-01 6.683607522871622963e-01 3.585506143391451461e-01 -6.517172406490107095e-01
1.575872801307075521e-01 8.364713225242412786e-01 -5.248637687396157103e-01 -2.493277464584358893e-01 5.479875660813268157e-01 7.984643400091339105e-01 9.555113416317799757e-01 5.035277034130217211e-03 2.949113799062791919e-01
4.945489651562968159e-01 1.297150255402053365e-01 8.594156929053252680e-01 8.688431548575994423e-01 -4.751983578307101413e-02 -4.928016208011533061e-01 -2.308448223222085011e-02 9.904119735525485080e-01 -1.362028976337010810e-01
4.530843135431351087e-01 1.610697370572170273e-01 8.767959538144920462e-01 8.864273365590832343e-01 -1.858408483594972405e-01 -4.239218749743779990e-01 9.466351896013422418e-02 9.692882537642459884e-01 -2.269781912271375268e-01
9.091824942425588141e-01 -3.262476538942434279e-01 -2.587463245949239155e-01 4.155148312966008839e-01 7.512807793668657697e-01 5.127617531821890839e-01 2.710382141759819924e-02 -5.737069451230452088e-01 8.186120717300388039e-01
3.892773399391331046e-01 -8.472824888099322882e-02 9.172155016415027839e-01 4.372894436333825130e-01 8.933957426748877495e-01 -1.030630363282245832e-01 -8.107040736894813859e-01 4.412087610326280163e-01 3.848294870346267160e-01
2.302805824687282621e-01 -2.132671457823437193e-03 9.731219374006097045e-01 4.170932424282802198e-01 9.037025537432289424e-01 -9.672084304135591948e-02 -8.792065061511585844e-01 4.281555162209400578e-01 2.089946733078458518e-01
9.316277213319611450e-01 8.345465291116675732e-02 3.537020069964186275e-01 1.094672740397287791e-01 8.636289385472808444e-01 -4.920995553930203603e-01 -3.465352864574237635e-01 4.971723819875498718e-01 7.954451067350262194e-01
-9.216926621295716826e-01 -1.350095449659802216e-02 3.876859048304233113e-01 3.878783143124823196e-01 -1.726368875974185549e-02 9.215489017607879640e-01 -5.748900991531143145e-03 9.997598157948178743e-01 2.114854272289299827e-02
4.279045754276890601e-01 -7.852361012872075552e-01 4.475510468799241415e-01 5.847459162881467609e-01 6.180966330491745042e-01 5.253843979388902463e-01 -6.891805915087749757e-01 3.688925925714767184e-02 7.236499808879109930e-01
-4.883878098776070487e-01 6.554187204181281812e-02 -8.701618298754600911e-01 -3.769063791904721517e-01 8.835197095435710635e-01 2.780908200095278948e-01 7.870317201285362829e-01 4.637857111396365140e-01 -4.067971062510390978e-01
4.011412228583456918e-01 -1.218012564396290937e-01 9.078822463587659097e-01 -4.602314821570749892e-01 8.301428905113699130e-01 3.147217249649761350e-01 -7.920054937658028704e-01 -5.440838494783279966e-01 2.769477614670882715e-01
-6.710312793000123843e-01 -1.315033548095434768e-01 7.296738243042738548e-01 -5.099503870845600861e-01 7.962562580012865210e-01 -3.254636297746598128e-01 -5.382077897181499759e-01 -5.904937250027514350e-01 -6.013730421452886388e-01
-6.334701800750894840e-01 -7.513918712312733783e-01 -1.847316616154344171e-01 -4.248970932915077658e-01 5.373239641934934863e-01 -7.285227639654214826e-01 6.466668315818135948e-01 -3.830055004186688761e-01 -6.596429303653482679e-01
2.136099529780823014e-02 -5.044664950305297602e-01 -8.631669961667325364e-01 2.379517578721516424e-01 8.411193941177925737e-01 -4.856924188871704628e-01 9.710420530571476361e-01 -1.950172305990687804e-01 1.380058367027630628e-01
7.965186390552454476e-01 2.074281807791227561e-01 -5.679186627116979968e-01 -2.361076211099038813e-01 9.714387122427916577e-01 2.366473346329588806e-02 5.566069069742145548e-01 1.152405231449872974e-01 8.227444153161221907e-01
-4.515277216525446780e-01 1.725502464612558573e-01 -8.754136902204711079e-01 7.964742703400508050e-01 5.201850048627834067e-01 -3.082795766867967302e-01 4.021833577680041794e-01 -8.364412550574407135e-01 -3.723097817307346458e-01
8.651191751359517124e-01 -4.767688441298458257e-01 1.557571252918515670e-01 4.997571556857312025e-01 8.457337732665369812e-01 -1.870218439040053360e-01 -4.256287294108138108e-02 2.396369212442795715e-01 9.699291457748676626e-01
8.223910182104997579e-01 -4.232030307717297712e-01 3.802265218423354076e-01 4.907669738375826651e-01 8.657799770371936710e-01 -9.784073155786425502e-02 -2.877860152213779221e-01 2.670659583456846398e-01 9.197037475926158612e-01
8.223910182105168554e-01 -4.232030307717056239e-01 3.802265218423254711e-01 4.907669738375480817e-01 8.657799770372155423e-01 -9.784073155784539511e-02 -2.877860152213879696e-01 2.670659583456527209e-01 9.197037475926220784e-01
2.226349165962073218e-01 -9.575750207932026692e-01 1.829857192927853982e-01 4.680412719383642006e-01 2.696362375545685031e-01 8.415661989170755142e-01 -8.552023513031978830e-01 -1.017171517017384647e-01 5.082150719677326345e-01
-5.529683614066661645e-01 1.470502918635273326e-01 -8.201232852114844762e-01 -4.982107450473969856e-01 -8.473088336337011306e-01 1.839940052436884743e-01 -6.678413320561586985e-01 5.103370965441843543e-01 5.417970128085868309e-01
6.388547203204145708e-01 3.823937724547427086e-01 -6.675624683219956168e-01 -7.283231797599650781e-01 5.801224195745320333e-01 -3.646962080023925523e-01 2.478103955621285270e-01 7.191891135819709069e-01 6.491201943835366306e-01
5.253769006693593813e-01 3.924253495242521206e-01 -7.549711632200444278e-01 -8.508692127628540991e-01 2.431757169167975130e-01 -4.657114487258423585e-01 8.336758238582957963e-04 8.870557568455154085e-01 4.616615526896847843e-01
4.413195780686148817e-01 1.674879482182435875e-01 -8.815808625503295248e-01 -8.907624035068149038e-01 -3.705630729661009426e-02 -4.529560360435677668e-01 -1.085328084594815584e-01 9.851774547213221211e-01 1.328382934123867321e-01
8.807753962591051700e-01 2.869692279418476974e-02 4.726639270843094875e-01 1.206964571730245184e-01 9.515894930522924566e-01 -2.826832183529147113e-01 -4.578941652505489901e-01 3.060292850931525255e-01 8.346729959061077730e-01
2.278460421851100370e-01 8.754195349404436666e-01 -4.262942867377401135e-01 -9.275446159491140818e-01 6.194725502686534296e-02 -3.685424304180552890e-01 -2.962214821453563185e-01 4.793779046214938777e-01 8.261051132127887886e-01
7.368033239173084059e-01 5.714156592941705970e-01 -3.613931462795252347e-01 -6.745076465646779873e-01 5.844945800641495604e-01 -4.510050117253832647e-01 -4.647899084732210612e-02 5.760644323242340992e-01 8.160817809636314868e-01
8.106853732896778242e-01 4.396714014227423584e-01 -3.866242158804046314e-01 -5.722706309152225668e-01 7.345423465465392709e-01 -3.646283945632827206e-01 1.236751815283450434e-01 5.168525901075330387e-01 8.470937666947299105e-01
6.920261244920213883e-01 5.689995277144450636e-01 -4.442289730322557806e-01 -5.060520839551987393e-01 -5.646002487854769047e-02 -8.606529811226557580e-01 -5.147923186539932194e-01 8.203973446150666371e-01 2.488715845639941360e-01
7.861244749447408031e-01 -4.229776087880287028e-01 -4.506642346102227026e-01 -1.949448144912983572e-01 -8.616172339281721326e-01 4.686280630744588116e-01 -5.865192487854171688e-01 -2.805453344148270967e-01 -7.597956871042788052e-01
8.443400885111783660e-01 -3.528391490070862391e-01 -4.032298970325626786e-01 4.971663817926937901e-01 2.353036570302781683e-01 8.351393762740078053e-01 -1.997883974311251698e-01 -9.056140038206853538e-01 3.740960736706150924e-01
8.376484137986405232e-01 -4.755537750850215573e-01 -2.686889314114117022e-01 5.159607509216465049e-01 5.274748305457119812e-01 6.749480029225533029e-01 -1.792474222101736459e-01 -7.040020668600037723e-01 6.872055380218138332e-01
8.842238069629496655e-01 -4.246475054166367058e-01 1.944807325762017147e-01 3.098983968822822122e-01 8.449385624072358603e-01 4.359378503490893286e-01 -3.494441912662739069e-01 -3.251973583850596428e-01 8.787123734702039224e-01
8.453514644736948025e-01 -5.322676620494766198e-01 4.551963805395962959e-02 4.500604845144223765e-01 7.555044477069013942e-01 4.760867460597212331e-01 -2.877958682657255629e-01 -3.819740376406152715e-01 8.782194331587653835e-01
6.604475355933637770e-01 -7.465028670665669885e-01 -8.088585902398413852e-02 7.009611463781779683e-01 5.743407264823382485e-01 4.228311733682017515e-01 -2.691886401705002596e-01 -3.359556508903148164e-01 9.025914228697398123e-01
-9.055919829376430918e-01 4.046309539629877050e-01 1.271886454604731209e-01 -2.321990837388603901e-01 -7.238891912752063451e-01 6.496676259948325205e-01 3.549461169669294591e-01 5.588007067371427716e-01 7.495031849166283733e-01
9.356971289339934827e-01 1.342352775333217896e-01 3.262694793728546094e-01 2.916102218553351041e-02 8.921980020895873276e-01 -4.507020743822282571e-01 -3.515970956788129209e-01 4.312349885305005737e-01 8.309126710896416190e-01
4.003136214597631248e-01 8.111066500154493486e-01 4.264446116138472798e-01 -8.823639228826969383e-01 4.667856630855438116e-01 -5.954034206189385420e-02 -2.473517981920234088e-01 -3.524445304420325553e-01 9.025519048191453786e-01
5.695761291983584274e-01 7.793030278091974683e-01 2.612849477004613452e-01 -7.908371048865047159e-01 6.062157723379505425e-01 -8.413745244202459894e-02 -2.239636278107380862e-01 -1.587111471073154589e-01 9.615877834091558496e-01
-9.262709595655914674e-01 -2.757694933405935855e-01 -2.568526737414091876e-01 1.525672708712620396e-01 3.488093455959561107e-01 -9.246919856275475080e-01 3.445944534149289473e-01 -8.957026442785539500e-01 -2.810185682620868208e-01
-5.963562350864177741e-01 -6.032793400796272465e-01 -5.295406298922142874e-01 4.218958308205472685e-01 3.256603431777380098e-01 -8.461378426814385456e-01 6.829078626065114843e-01 -7.280105622272579069e-01 6.031146222533925044e-02
-5.502245236414137208e-01 -6.088754490143923892e-01 -5.714224892066303019e-01 4.583278654469298274e-01 3.518068775102546897e-01 -8.161908408523987912e-01 6.979889263723604298e-01 -7.109870663549422432e-01 8.549181327795440932e-02
9.293626398910738162e-01 1.737527169142727423e-01 -3.257223924442452234e-01 -2.941040953007440506e-01 8.817603974772476594e-01 -3.687836527940155928e-01 2.231319446023476982e-01 4.385300386583281806e-01 8.705765563649758843e-01
7.840160968608125280e-01 5.796639521978187437e-01 2.220550886278949976e-01 -2.559383713894555767e-01 6.277714868141367477e-01 -7.351180248053243993e-01 -5.655212727330868328e-01 5.195119467977357131e-01 6.405411986912133981e-01
1.118541837542042922e-01 9.850258693693828560e-01 -1.311970969563453215e-01 9.379868417197375630e-01 -6.106094649857506107e-02 3.412510008385774007e-01 3.281300448561718652e-01 -1.612315027709847193e-01 -9.307712265518829353e-01
3.795004013006707533e-01 5.638359936326349242e-01 -7.335314701476204347e-01 7.387145797088083832e-01 2.926827312955577742e-01 6.071553248774245182e-01 5.570280200656595460e-01 -7.722860811161054162e-01 -3.054406550805896514e-01
9.105477716448582282e-01 1.830658026348860323e-01 -3.706611221294031644e-01 1.982599217831343685e-01 5.933990441145795547e-01 7.801093371178483560e-01 3.627612975044729460e-01 -7.838140636334284261e-01 5.040235656031600842e-01
6.293797336455504432e-01 1.896303761950171585e-01 -7.536056470730514434e-01 7.574849437855730727e-01 6.679337497083324970e-02 6.494268280554577055e-01 1.734869182803808751e-01 -9.795810152734394372e-01 -1.016037583036891734e-01
8.870973640080199729e-01 -1.797048957331331617e-02 -4.612324015878741523e-01 -1.729450941922386631e-01 9.135115758856330315e-01 -3.682208510089904907e-01 4.279582469877876161e-01 4.064156274399925994e-01 8.072658029470201058e-01
7.602271847762168688e-01 4.471031077390840158e-01 -4.713315590720411064e-01 -1.308879669176302996e-01 8.160409322306707569e-01 5.629791621723376771e-01 6.363355778544818042e-01 -3.663004340348930410e-01 6.788969173464053375e-01
-4.040954469541928329e-02 -1.792053756991075220e-01 9.829814352357073570e-01 4.427716619967915213e-01 -8.851311635473777528e-01 -1.431645160291627195e-01 8.957233523974400535e-01 4.294511108820268652e-01 1.151148093517296439e-01
6.735570049670637216e-01 6.293178707746540645e-01 3.876596169108344481e-01 -6.820006509422165131e-01 7.313480098072381308e-01 -2.280496740902907080e-03 -2.849492466636685539e-01 -2.628480665225593760e-01 9.217997725922697505e-01
1.077685065419572846e-01 -4.596628207086082551e-01 8.815305101106382102e-01 -7.318257550977791404e-01 -6.368456242495449393e-01 -2.426081512434672682e-01 6.729167951339020126e-01 -6.189812130690345304e-01 -4.050249926786061438e-01
7.961244849199877738e-01 -4.613586201707725598e-01 -3.915788912914037745e-01 5.150441618305054980e-01 8.563103304106969293e-01 3.823780061974279415e-02 3.176717108513067989e-01 -2.321224711785655481e-01 9.193496845590146682e-01
7.032692828515917371e-01 7.109203284295619873e-01 2.145325852125285274e-03 -4.042256940665041043e-01 3.973893208937990806e-01 8.238223812788886269e-01 5.848195482829394720e-01 -5.802361711106686082e-01 5.668439659032896705e-01
2.811597225649445919e-01 -7.897870741948750384e-01 5.451473083872857561e-01 8.006249469395562146e-01 5.062411041597674188e-01 3.204990464839677644e-01 -5.291019795325248021e-01 3.463471118600508492e-01 7.746578427673505018e-01
-8.893461327735395772e-01 4.495438430562278542e-01 -8.350921680262200775e-02 1.254478301769328674e-01 4.155299386051970467e-01 9.008871805207692152e-01 4.396888650223579331e-01 7.907244800137397389e-01 -4.259442436309614499e-01
4.228544190135120062e-01 7.994158587273928473e-01 -4.267650701918919154e-01 -7.028667921945629393e-01 5.865847359406372030e-01 4.023637906069310599e-01 5.719898711960470505e-01 1.298176889972943449e-01 8.099228079715568018e-01
1.817656596774828992e-01 9.089230822304583679e-01 -3.752600105935790520e-01 -6.332379095972902050e-01 4.001503632720256332e-01 6.624873105366776427e-01 7.523104377920486474e-01 1.172114216360741756e-01 6.482981473266655748e-01
3.604419178547023650e-01 -8.916283026163439596e-01 2.740083827672459837e-01 8.334722654086257343e-01 1.759637271090390143e-01 -5.237945680670137438e-01 4.188145253544077184e-01 4.171759062019201325e-01 8.065721645561352293e-01
2.417966932890885656e-01 -9.236284841564073034e-01 2.973966751149038079e-01 8.613831951589105973e-01 6.321780589213606139e-02 -5.040064484865350858e-01 4.467139467402920783e-01 3.780395908805339045e-01 8.108839112441372787e-01
8.377690824760849475e-01 -3.092825227609918848e-01 4.499858726246584451e-01 3.945459053754884482e-01 9.125879233578205740e-01 -1.073164045842789349e-01 -3.774605846954288135e-01 2.674464493240788499e-01 8.865641001897875961e-01
4.155208001450648170e-01 -2.846706997813261419e-01 8.638894937043831712e-01 -7.937236627965651437e-01 -5.773392567075885662e-01 1.915257940360352851e-01 4.442355363583712080e-01 -7.652724843807855448e-01 -4.658463404235895777e-01
6.798194256902332366e-01 5.916858056354101780e-01 4.333052686776115436e-01 -7.197405346188976427e-01 4.248565460349366663e-01 5.490632733280992328e-01 1.407803653948415668e-01 -6.851312448727173710e-01 7.146859912006501281e-01
7.817609112368366642e-01 -3.395130885893381245e-02 -6.226533435941030703e-01 1.069880122996572647e-01 9.910131569206165336e-01 8.029002450119106238e-02 6.143317042822381557e-01 -1.293840463001477425e-01 7.783677316517444433e-01
5.941067326692561767e-01 8.030457693036366917e-01 -4.641855879485492359e-02 -7.926449613229112900e-01 5.942829743445026125e-01 1.361679539893715929e-01 1.369348585512887573e-01 -4.410486149827007318e-02 9.895976989189885220e-01
6.564871906427282022e-01 7.526984246476071672e-01 -4.969557379715712486e-02 -7.350655611143431800e-01 6.531219408483892597e-01 1.819624995599068706e-01 1.694201563736563443e-01 -8.292654530030543758e-02 9.820488779581607597e-01
9.713958925501035013e-01 2.919072383816010210e-02 2.356648501125953310e-01 -1.530806333563474175e-01 8.356626334439853920e-01 5.274791775574491082e-01 -1.815388102528143477e-01 -5.484668310000775371e-01 8.162277841783660559e-01
-8.350525345842677583e-01 -5.465031544841596478e-01 -6.341582312998182702e-02 -2.774613217032311230e-01 3.187918748779002276e-01 9.063040083054526574e-01 -4.750815503080355606e-01 7.744068973418924973e-01 -4.178414506798209804e-01
-2.980195512809881153e-01 -7.146897096865197918e-01 6.327740243740076487e-01 4.734934483640524938e-01 4.649148480454066701e-01 7.481030266101289516e-01 -8.288475742925214274e-01 5.225636831383476677e-01 1.998471807514131393e-01
-2.223845228766325177e-01 7.083936294980680559e-01 -6.698683375645444471e-01 -9.615594819088377765e-01 -4.584112040003111843e-02 2.707433368186145106e-01 1.610853399168910294e-01 7.043273793961328799e-01 6.913569670559744917e-01
5.947876955326145687e-01 5.032521989080231961e-01 -6.268690625140480588e-01 -7.540085358696011486e-01 6.196463784760740667e-01 -2.179667256194534330e-01 2.787449104087498797e-01 6.023085504421513692e-01 7.480144951707105028e-01
5.419804754869603780e-01 -6.616358590977934329e-01 -5.181651803690142666e-01 7.896890238830190922e-01 6.118776113822882445e-01 4.468818913080114391e-02 2.874863644585826106e-01 -4.334094814895380621e-01 8.541122944937374895e-01
4.991932999517935121e-01 7.026877882871892522e-01 -5.069871018825796716e-01 -1.758955624695083819e-01 -4.907431193757585963e-01 -8.533650695270373898e-01 -8.484496451686299734e-01 5.151709065712156699e-01 -1.213760134285916115e-01
5.808264846372546142e-01 7.428910076083629077e-01 -3.327965528045039312e-01 -5.416367310861788242e-01 4.750499649678353170e-02 -8.392692814860549522e-01 -6.076761031028026228e-01 6.677246634073600307e-01 4.299692170322430007e-01
7.235979802632463986e-01 -6.883450340940724388e-01 5.086331681065223154e-02 3.697549333720718395e-02 1.122435450360828590e-01 9.929925475501834020e-01 -6.892305679897118287e-01 -7.166467055919277795e-01 1.066710997075412670e-01
5.776202312804602501e-01 5.874304897572287798e-01 -5.668159208412290040e-01 -6.658297881444140698e-01 7.407554187947795743e-01 8.917456333358809994e-02 4.722558222352296609e-01 3.258938925935150333e-01 8.190040348711195017e-01
5.388600071511128187e-01 5.762182964915847361e-01 -6.144935862004087257e-01 -6.778776527498815430e-01 7.296721363221405632e-01 8.978007227327791662e-02 5.001117681033051543e-01 3.681725794561840903e-01 7.837966388937668283e-01
-8.089759291093163718e-01 1.075890114108736806e-01 5.779122344658825794e-01 3.989807726250483855e-01 8.224835375614176769e-01 4.053827494060107117e-01 -4.317085697519078002e-01 5.585207561622828054e-01 -7.082953308745401078e-01
7.881473323995881186e-01 -4.669957501229675123e-01 4.009223762756332632e-01 2.874649913243734201e-01 8.552770093768246040e-01 4.311207672964892934e-01 -5.442312570904864755e-01 -2.245355352689695494e-01 8.083292226606596520e-01
7.881473323995854541e-01 -4.669957501229627939e-01 4.009223762756436438e-01 2.874649913243685906e-01 8.552770093768284898e-01 4.311207672964841309e-01 -5.442312570904928037e-01 -2.245355352689633321e-01 8.083292226606570985e-01
-1.303472970991681745e-01 -9.765958221196328060e-01 1.710853072517339590e-01 -8.372657046117979451e-01 1.600107237599007401e-02 -5.465620784171986157e-01 5.310326939274557789e-01 -2.144867499434344460e-01 -8.197558856628306412e-01
6.717400052321159665e-01 1.560137945143271268e-02 -7.406226855356035088e-01 -3.699249140483981679e-01 8.732627897833595831e-01 -3.171240418922374737e-01 6.418106600369319903e-01 4.869996888489732667e-01 5.923768899306935953e-01
5.787865967591101501e-01 6.046685048167571574e-01 5.471581806887978461e-01 -5.097018613089405736e-01 7.919958456533340296e-01 -3.360752788380337863e-01 -6.365611423816326386e-01 -8.437167623395935845e-02 7.665972425330416229e-01
-1.763600192852807225e-01 6.487117066781890040e-01 7.403176785788427861e-01 -6.960155595748764024e-02 7.420053061320046606e-01 -6.667711369579871761e-01 -9.818618879486015194e-01 -1.691190329047018714e-01 -8.570872594658160426e-02
-4.802934192125342672e-01 5.231466398096753512e-01 -7.040140799138743244e-01 8.635755365528299254e-01 1.415988942047370913e-01 -4.839287611079632345e-01 -1.534780900605203779e-01 -8.403971361302001730e-01 -5.197856572237572470e-01
8.907972938605980273e-01 3.361497297084201641e-01 -3.057507816303855486e-01 -4.277256067429835995e-01 8.474435468411051220e-01 -3.144681863936550359e-01 1.533981309761699996e-01 4.109048480297159966e-01 8.986802653217070835e-01
8.892617828607713992e-01 4.571789665378571121e-01 -1.417300598530235427e-02 -2.135232597257470111e-01 3.875240831865309765e-01 -8.967903336379859924e-01 -4.045012967833028217e-01 8.005076373813155843e-01 4.422287003291516805e-01
8.449152547872849084e-01 5.211400078148252790e-01 1.205458604950887663e-01 -4.842481502267369509e-01 8.409541822187314164e-01 -2.414534994793172407e-01 -2.272046241380689113e-01 1.456336350696119664e-01 9.628961019272485045e-01
8.409562447489589143e-01 5.331044413526462300e-01 -9.269438509323141284e-02 -5.113340394284258128e-01 7.269063977326863935e-01 -4.584153019447527733e-01 -1.770030918925948049e-01 4.329050052209755806e-01 8.838909219553559016e-01
7.702787779539079782e-01 5.512334346929107509e-01 -3.206435789322639174e-01 -6.327609127430753322e-01 5.981598321655797745e-01 -4.917503863630368621e-01 -7.927314512736881313e-02 5.816756103364677521e-01 8.095487958124039096e-01
8.601130349710360834e-01 -1.515885549122137910e-01 4.870590078137762013e-01 3.407071968697687470e-01 8.813343180736973315e-01 -3.273658897727676487e-01 -3.796368963550010300e-01 4.475161782608514383e-01 8.096944467641756793e-01
7.433704967902915461e-01 -3.790625054377342318e-01 5.511006455022741113e-01 5.899589145236302512e-01 7.598248397876374849e-01 -2.731568999966705880e-01 -3.151964207852864797e-01 5.281835190660144619e-01 7.884626728711930932e-01
6.445608578587054549e-02 4.681122354603871050e-01 8.813151241283924131e-01 -9.147614837957744882e-01 -3.252359014235830514e-01 2.396519062910676956e-01 3.988193084203895955e-01 -8.216401544699897252e-01 4.072476099298972807e-01
3.405414765227422480e-01 7.678580303905117033e-01 5.426099408714469829e-01 -9.263659102705809056e-01 1.752719253692068269e-01 3.333555946222139243e-01 1.608654812452610938e-01 -6.161767581970093444e-01 7.710048635394951555e-01
5.695058538679388382e-01 -4.111537296112940942e-01 -7.117694100176495953e-01 4.431768209589940222e-01 8.828638802770182314e-01 -1.553887842377518202e-01 6.922841813697823143e-01 -2.269448821386588488e-01 6.850099508008919980e-01
-7.467590023080259432e-01 6.427614072001016643e-01 -1.709057222156908917e-01 -3.762359938698436879e-01 -6.201454742658414343e-01 -6.883793050814105419e-01 -5.484500609797511306e-01 -4.497525588162225585e-01 7.049291925077071364e-01
7.354491888414633749e-01 3.820413966360808322e-01 5.596059880744542747e-01 -5.022596337010433176e-01 8.617324255108140818e-01 7.178082736875483760e-02 -4.548073778941227885e-01 -3.338586498499056532e-01 8.256443852733880151e-01
8.309653542938709725e-01 1.219547724109379117e-01 5.427924220634054997e-01 -2.096964692287490994e-01 9.723735418444060530e-01 1.025528444947352014e-01 -5.152901811176476832e-01 -1.990395151902289717e-01 8.335822098848922890e-01
4.904165207896019618e-01 5.031959859801119483e-01 7.115373748652459307e-01 -8.630043035811779673e-01 1.667621920063471486e-01 4.768793802604641696e-01 1.213062576167786843e-01 -8.479293431711991680e-01 5.160432354486110818e-01
5.534350885240107987e-01 -5.310151321131528768e-01 6.416638779433287976e-01 -3.498017559706119717e-01 -8.473557566271744390e-01 -3.995334194165304775e-01 7.558758722900849047e-01 -3.339337904400690137e-03 -6.547064338404378070e-01
5.021243476611352285e-01 -6.773003856033239511e-01 5.377130527962554751e-01 -6.378417792897753125e-02 -6.490924796613393166e-01 -7.580306929755672440e-01 8.624399794372965555e-01 3.463280821831848377e-01 -3.691261862283859996e-01
8.014351288870229517e-01 -5.574109498235940707e-01 -2.167827650035863973e-01 -1.973397517706341336e-02 3.376206096417764257e-01 -9.410753923936312493e-01 5.977560576100863221e-01 7.584888640987911268e-01 2.595810829559299093e-01
9.383833951619592606e-02 3.301702475363865741e-01 9.392454278188449024e-01 -9.186580524252664359e-01 3.923499317981484213e-01 -4.614015314458153050e-02 -3.837469853315595980e-01 -8.585156601132852838e-01 3.401310226797758518e-01
-7.648814878216094737e-01 -6.406977762225436468e-01 6.680321198332170307e-02 -4.590279687889809446e-01 4.693487708927619462e-01 -7.543242374012100182e-01 4.519398560176608459e-01 -6.076331877086224020e-01 -6.530943850147499230e-01
8.121889728932146779e-01 -5.811366035725729073e-01 -5.127689829542694810e-02 4.930005331026496851e-01 7.306833841133093532e-01 -4.722840951601327553e-01 3.119287525560419105e-01 3.583043959664135025e-01 8.799536426198685257e-01
7.899135331535910298e-01 -6.055610619252159710e-01 -9.660440166377412541e-02 4.555032009317783737e-01 6.848987124363599133e-01 -5.687095811078979324e-01 4.105526081779471981e-01 4.052277803692899139e-01 8.168457638595327808e-01
8.277426204217466221e-01 -5.347099151909018300e-01 -1.700807482752809685e-01 5.181730945472210470e-01 8.447308772150637912e-01 -1.338894662280267212e-01 2.152644848197159400e-01 2.269474996574664255e-02 9.762920412967088790e-01
5.479978118038497659e-01 4.623462810012745616e-01 6.970898899729386367e-01 6.250977468918371693e-01 -7.801130505491473688e-01 2.600836776218092353e-02 5.558337926835164033e-01 4.214967909808972624e-01 -7.165118631982750896e-01
7.340438194123674043e-01 2.754369957301353589e-01 6.207367659206772803e-01 6.788561733470056536e-01 -3.222103817805938575e-01 -6.597990343896120713e-01 1.827476651463370849e-02 9.057123888166495052e-01 -4.234986442160991738e-01
9.833716702283682443e-01 1.632435722066631623e-01 -7.957194433641753828e-02 1.476238071748538494e-01 -4.633563000023717127e-01 8.737895346153523590e-01 1.057703632756907125e-01 -8.710065874500148020e-01 -4.797500962701396476e-01
8.816365878010052892e-01 3.317894076966492745e-01 -3.356079796293694462e-01 2.448443982838027777e-01 -9.295242892274595548e-01 -2.757459271960855940e-01 -4.034453465832059105e-01 1.609359645215855394e-01 -9.007394005170772378e-01
9.589049825433717533e-01 -9.330156953900013705e-02 2.679478523426820358e-01 2.835531620709439427e-01 3.482259926416125806e-01 -8.934966493100759966e-01 -9.941767099751124687e-03 9.327558497111254621e-01 3.603715944641189828e-01
9.313743064650887860e-01 -2.861751037364415051e-01 -2.250460203116508573e-01 1.366739587153153745e-01 8.477837499345971528e-01 -5.124284753562361461e-01 3.374346311002464072e-01 4.465047853587566506e-01 8.287166864411331657e-01
-1.323748420426057726e-01 9.881250338218320328e-01 -7.801165764678195946e-02 1.118819025386307564e-01 9.309678292077992745e-02 9.893510139956079863e-01 9.848651385233065936e-01 1.222370915246463602e-01 -1.228769806638483897e-01
-6.968833377247137806e-01 3.861428301258708062e-01 6.043569544102603830e-01 6.321711020497589040e-01 -6.722371401326170115e-02 7.719071641120173188e-01 3.386935360098505821e-01 9.199862428409710802e-01 -1.972612522734710216e-01
2.916676408915750418e-01 -1.447879379551091361e-01 9.454979853386525912e-01 9.206289660851502132e-01 3.107267463984247913e-01 -2.364131888825924677e-01 -2.595617345868426740e-01 9.394069097549563319e-01 2.239249067051563291e-01
7.764443253498597430e-01 5.204034405803494856e-01 3.554074684979708909e-01 -6.001651926611433208e-01 7.826324579794426972e-01 1.651913352299950177e-01 -1.921872814470670654e-01 -3.415650666405898872e-01 9.199985620101779338e-01
9.260948916697441247e-01 5.697381382442794767e-02 3.729641218153632587e-01 3.724649366133307993e-01 1.954134318908371665e-02 -9.278405072532640574e-01 -6.015083222061941293e-02 9.981844120425173994e-01 -3.123609850959337565e-03
8.717156870287802173e-01 -9.657792643918218511e-02 4.804003175609378729e-01 4.192237911291490926e-01 6.545738981335578188e-01 -6.291139998708840109e-01 -2.536989829290722809e-01 7.498037850044148023e-01 6.110900997838270010e-01
8.726731971175905045e-01 -3.634406712894660552e-01 3.261171100773854747e-01 4.668703716811055116e-01 8.167103709485679097e-01 -3.391404222905302634e-01 -1.430858032053132500e-01 4.482131729854836877e-01 8.824009318237233668e-01
5.832197017699746189e-01 1.632419739378504209e-01 7.957429468190189148e-01 5.245082212837376412e-01 6.723392362549265311e-01 -5.223514881743058780e-01 -6.202788931384911608e-01 7.220193967872444718e-01 3.064997314678625795e-01
1.739662686853426787e-01 1.722799490700870628e-01 -9.695645190022720294e-01 -2.605374888588701809e-01 9.575455321908348250e-01 1.233968017433395570e-01 9.496609680611356463e-01 2.311410239005165235e-01 2.114660086430146801e-01
-9.050945929615221708e-01 -2.417815684806838006e-01 3.497791459404598347e-01 2.658675162915961621e-01 3.201801659349561846e-01 9.092849526538986371e-01 -3.318406870363472261e-01 9.159838068901027253e-01 -2.255114718642053095e-01
-5.294406813252306998e-01 -3.934308744266200031e-01 7.516014316150421148e-01 4.863277179234897774e-01 5.851726858798934616e-01 6.488900357375220196e-01 -6.951100026162813084e-01 7.090733916513981550e-01 -1.184778861846247644e-01
5.975263341233016945e-01 5.309443397491516725e-01 -6.008830070134334456e-01 1.871563932173052336e-02 7.399326025209969071e-01 6.724206039163906912e-01 8.016308407702059657e-01 -4.130349280809578749e-01 4.321922527200260378e-01
9.378046062603114796e-01 3.421155491360700074e-01 5.898704532579831378e-02 -3.309508144122473294e-01 8.296913791252906734e-01 4.495372886035637894e-01 1.048526533608604983e-01 -4.410999506285381289e-01 8.913118167278433202e-01
-3.132604635005750149e-01 9.449474642208294251e-01 -9.456305763896058481e-02 4.924501081443113937e-01 7.649266971347366828e-02 -8.669727576278055681e-01 -8.120103281338613144e-01 -3.181558758576210066e-01 -4.893016101150792219e-01
-4.616741390098557107e-01 3.673202096682178786e-01 -8.074235895357559922e-01 8.530393649523213551e-01 -6.578387563775346669e-02 -5.176836133661344430e-01 -2.432711064044577876e-01 -9.277652425454262497e-01 -2.829678842437385322e-01
1.334341183096386385e-01 7.088497479500421861e-02 -9.885194264248130525e-01 9.527594114088793198e-01 2.654275896670562629e-01 1.476404369247895920e-01 2.728458173451361324e-01 -9.615214584146569710e-01 -3.211923046114533581e-02
1.571432937936687313e-01 4.299616931159945532e-02 -9.866394045649125033e-01 9.354792706238334032e-01 3.137168008150699738e-01 1.626662322655155202e-01 3.165193824219579843e-01 -9.485426180783266270e-01 9.076466291258611027e-03
8.252444778220032751e-01 -5.638707387738156607e-01 -3.195843830603734004e-02 5.647267832122434550e-01 8.245953739041507191e-01 3.355785539372048432e-02 7.430487671837539103e-03 -4.574122091227259684e-02 9.989256872072183047e-01
4.370299819128657393e-01 -1.411287130608438467e-01 8.883059615127157915e-01 2.213805813191986882e-01 9.741092485523986655e-01 4.584550249975279101e-02 -8.717771694211853273e-01 1.766178310207415503e-01 4.569581038142499496e-01
5.343575741038776306e-01 -1.389847082404526146e-01 8.337537009651802000e-01 2.590261149942182928e-01 9.658573491966412350e-01 -5.005272603935218521e-03 -8.045914831445960536e-01 2.186385873494292587e-01 5.521138590662483248e-01
-6.391538551377925481e-01 -4.474739338659656229e-01 -6.254993429037438712e-01 -7.644545434392086003e-01 2.805886916000026599e-01 5.804129884499056313e-01 -8.421164098655795072e-02 8.491390137408107996e-01 -5.214128257586641002e-01
-5.966986642179601397e-01 -7.458413417248592747e-01 -2.960935613865392502e-01 -5.479409868720260812e-01 1.091179154065275714e-01 8.293696132865276960e-01 -5.862690329756575780e-01 6.571255386236302121e-01 -4.737875551999984336e-01
9.276871521018044131e-01 3.730211221465667970e-01 1.586790023158933527e-02 -3.098598991552849458e-01 7.929258950705395659e-01 -5.246478512507800618e-01 -2.082867991993740397e-01 4.817922450176009286e-01 8.511714527168895428e-01
-8.673444169300400519e-01 1.452955342630549429e-01 -4.760282241038892859e-01 -4.600271993771460344e-01 -5.990963081707970650e-01 6.553309006672439763e-01 -1.899700983142047495e-01 7.873835286944572687e-01 5.864627358043789096e-01
2.178268403462033931e-01 -9.496524823401777393e-01 -2.251924297349444937e-01 8.524080077165494540e-01 7.273627633295137729e-02 5.177934168043465402e-01 -4.753441448103603029e-01 -3.047451343177684513e-01 8.253352937468219075e-01
-1.603735620523804029e-01 -8.405926665669368747e-01 -5.173821503574684844e-01 4.663951367740599707e-01 -5.264950927527456415e-01 7.108294406542146060e-01 -8.699171782348809057e-01 -1.273062693710111382e-01 4.764842251226146796e-01
8.096458690211786324e-01 -2.510567367620502033e-01 5.305130363179884068e-01 1.531615305547379402e-01 9.629528591013407635e-01 2.219534561719719301e-01 -5.665819555325344314e-01 -9.844951028290589712e-02 8.181030384920870979e-01
5.385061801126802550e-01 -6.827736153745376235e-01 4.937927542287681715e-01 5.837214675527852004e-01 7.249064059005808636e-01 3.657594168334223350e-01 -6.076844101163634271e-01 9.127372476614047103e-02 7.889161963534798705e-01
6.085789829876989687e-01 -6.443644888092553424e-01 4.630615801675250776e-01 5.271066154326974340e-01 7.645006251790430474e-01 3.710760165625625051e-01 -5.931190752561784629e-01 1.825375748824993594e-02 8.049077977661889260e-01
9.333348999864320428e-01 -3.375429080350084710e-01 -1.222732583298033332e-01 3.574402331247586440e-01 8.419199787997382334e-01 4.042366003240759342e-01 -3.350289854677106216e-02 -4.209935088966554328e-01 9.064447149472749654e-01
9.304927995630576376e-01 -3.662874684272725556e-01 -4.079268861377161916e-03 3.312702812672428943e-01 8.366801126270849709e-01 4.361495040504463350e-01 -1.563430545640751568e-01 -4.071853135950120328e-01 8.998649730276795378e-01
2.229659272217582866e-01 -7.038971890492249361e-01 -6.743996905001822251e-01 4.909411048454825899e-01 6.787587553301602794e-01 -5.461349500221979181e-01 8.421775506811129963e-01 -2.093210436417029807e-01 4.969121389315317994e-01
2.559504910951308841e-04 -8.254200477964140914e-01 -5.645189803585983768e-01 4.656818377001936127e-01 4.996707179878004945e-01 -7.303900325317471687e-01 8.849521797959010172e-01 -2.626992925025142811e-01 3.845110156980705574e-01
-8.453005419499522999e-01 4.744621134859483003e-01 2.456678583892574486e-01 -4.048550716970908403e-01 -2.687506082356788673e-01 -8.739939825273951302e-01 -3.486536457578789938e-01 -8.382474655132576835e-01 4.192634277639057383e-01
4.265645444331203628e-01 -5.906113818418193828e-01 -6.849969963959414709e-01 8.944280437928683325e-01 3.879305353968786063e-01 2.225047733949857831e-01 1.343173998759177590e-01 -7.075931707878392318e-01 6.937367950058472843e-01
-7.578500140753517966e-01 -1.616053512628677358e-01 -6.320973553252652311e-01 3.678022772757650882e-01 -9.060360233680500031e-01 -2.093327714195080402e-01 -5.388736781442852175e-01 -3.911296905153274217e-01 7.460782292766854340e-01
-1.162596816354588836e-01 -9.699037941046255717e-01 -2.139399836577391412e-01 9.828005295261054153e-01 -1.434566154084106204e-01 1.162898046209137198e-01 -1.434810286735797302e-01 -1.967405135629552715e-01 9.699001828712870976e-01
-7.581814401110809065e-01 5.489810724645121098e-01 3.518247943889138973e-01 -6.520434334986497937e-01 -6.387681945681618068e-01 -4.084293750936908718e-01 5.144923511762054856e-04 -5.390686187155073750e-01 8.422616930703759053e-01
9.584150688192355494e-01 -2.832031349394725783e-01 -3.516447384328675457e-02 2.060788258503152282e-01 7.720615661068332969e-01 -6.012091613380653454e-01 1.974134579920419907e-01 5.689612662573081403e-01 7.983176085384222631e-01
4.318528642035837639e-01 -8.517467973088362898e-01 -2.966993376354275513e-01 3.131085521860884624e-01 4.500712013724848526e-01 -8.363007522674242855e-01 8.458523146667464854e-01 2.682597751606987102e-01 4.610537439427629947e-01
-1.954328180528432102e-01 -5.896385876450473962e-01 7.836659681189928062e-01 -8.558548909202789989e-01 4.927188152079850503e-01 1.572913692097473448e-01 -4.788720281199998485e-01 -6.399644561223641892e-01 -6.009384956750939422e-01
-2.699365339741666703e-01 -9.555795677389807841e-01 -1.183298666685471540e-01 -9.429966130757071463e-01 2.872031482496257282e-01 -1.681420214082388898e-01 1.946577903752084726e-01 6.619698901978979255e-02 -9.786349182871798558e-01
8.245628665371175225e-01 -5.108233337405092556e-01 -2.432192443749550681e-01 5.155550851375281241e-01 8.554624966369666073e-01 -4.885561417569463105e-02 2.330215297283240450e-01 -8.510839296967297185e-02 9.687401757588004481e-01
5.899969735169546814e-01 -8.012128814892001127e-01 -9.980726314556144507e-02 1.406021966552058744e-01 2.236805726336090483e-01 -9.644677411515802934e-01 7.950689237648299601e-01 5.549999278937556291e-01 2.446231520141973759e-01
4.815439659795978100e-01 -8.532039669928103143e-01 2.003956075775410739e-01 1.007463881736138517e-01 -1.732482856971908902e-01 -9.797117927089356026e-01 8.706121835229576611e-01 4.919634358473364277e-01 2.530551456133306280e-03
9.082552901094537168e-01 -4.177484222064409836e-01 -2.363437607006884170e-02 1.786897269408133371e-01 4.383372212598705686e-01 -8.808691514316941973e-01 3.783415249136812819e-01 7.958308464756845835e-01 4.727694515551801868e-01
8.724651552871406368e-01 -4.833629043691153315e-01 -7.186692903999231108e-02 1.111976933739217688e-01 3.395762385111469883e-01 -9.339823613039703876e-01 4.758567282261594311e-01 8.068756291514042056e-01 3.500172756928159878e-01
8.654668226910596784e-01 -4.868236232887964698e-01 -1.181944949183774407e-01 -1.876366733993442559e-01 -9.625017448129165321e-02 -9.775113210126770147e-01 4.644993623425873741e-01 8.681812389819819620e-01 -1.746472978979088653e-01
8.922668754864755414e-01 4.507213505889741678e-01 -2.664745828131110175e-02 -1.300311624201610713e-02 8.464611553492416840e-02 9.963262287488197089e-01 4.513211072812792213e-01 -8.886423910933461956e-01 8.138770714488098579e-02
3.506467527111942206e-01 8.970466189284831415e-02 9.322016565356362472e-01 4.354686077934087352e-01 -8.968619099347729939e-01 -7.749713629948778992e-02 8.291043037155004791e-01 4.331186767421152384e-01 -3.535452805760447847e-01
5.440663614112126734e-01 8.381800302183072260e-01 3.802671855421291963e-02 -7.620930046680952641e-01 4.747018924652893768e-01 4.403093974988805948e-01 3.510071888390867145e-01 -2.685374279930274333e-01 8.970404690704715245e-01
1.703648521807832328e-01 8.375166312785939926e-01 5.191740647154627908e-01 -8.741499515591143465e-01 -1.147202827048082602e-01 4.719121940841611296e-01 4.547941065258190307e-01 -5.342332347092274558e-01 7.125708186569933433e-01
2.317586486479893959e-01 -9.248876417671836325e-01 -3.014478045751796120e-01 9.554525939744255014e-01 2.746437985013999716e-01 -1.080792515345291860e-01 1.827519341741680736e-01 -2.629707855467224853e-01 9.473373720615800853e-01
-9.523614326447720213e-01 1.876313294739494764e-01 -2.404208514472813973e-01 -2.543892404898726034e-01 -9.235596941362460566e-01 2.869209049371436171e-01 -1.682076571794020037e-01 3.344128818792749258e-01 9.272940248375459715e-01
8.332220954091941190e-01 -1.384904885116176043e-01 5.353142295079830193e-01 4.057568912559618435e-02 9.808302377043234266e-01 1.905929123993424235e-01 -5.514476885198584810e-01 -1.370854820784971062e-01 8.228687729093936420e-01
8.192430739739287038e-01 4.287302739974481747e-01 3.808295391691946530e-01 -5.577597427109604045e-01 7.500121659688815390e-01 3.555078343857843715e-01 -1.332098162927620177e-01 -5.036587168477677512e-01 8.535707596834071209e-01
3.006054336008442407e-01 4.809693886946075914e-01 8.235926301445299913e-01 7.387105938258875515e-01 -6.636263671783333429e-01 1.179266863567904472e-01 6.032769114254692422e-01 5.729471981992961815e-01 -5.547868745892634568e-01
4.979905328031529188e-01 -3.097673029314801929e-01 8.099689174733735175e-01 8.061767349959041429e-01 -1.787602517676918079e-01 -5.640246841577902792e-01 3.195066528098837733e-01 9.338570503147192170e-01 1.607062798639693479e-01
3.252914460997242962e-02 9.990468145148349022e-01 -2.910871276275688729e-02 -6.337177166898785297e-01 4.313783808535776032e-02 7.723606557034662368e-01 7.728801396751699970e-01 -6.677524472635523387e-03 6.345169031338778742e-01
5.365523599711126135e-01 7.617476331941452905e-01 -3.631144562428596512e-01 -4.789067708419619818e-01 6.291610362805062362e-01 6.122129492816729135e-01 6.948092327043118299e-01 -1.545863310566537863e-01 7.023839380276917232e-01
-6.860455198771148178e-01 -7.149478744884703030e-01 1.348743171287915821e-01 4.910135860442850220e-01 -3.181754129528495123e-01 8.109685967484905333e-01 -5.368865829730435912e-01 6.225864946790145016e-01 5.693319362786766202e-01
8.913158294138049387e-01 6.613183692129444291e-02 -4.485339144165095826e-01 -3.167337355187496151e-01 7.986841557476003217e-01 -5.116476914265146725e-01 3.244007290693412537e-01 5.981055086714704982e-01 7.328260144646350227e-01
1.071163868126020352e-01 -8.714908145724539201e-01 -4.785706215304631472e-01 9.716480616921999713e-01 -1.028448562766954080e-02 2.362081149435069360e-01 -2.107750551796955529e-01 -4.903039766014702372e-01 8.456807238212192823e-01
-4.133266664723517225e-01 5.501906802459920476e-01 -7.255696259858910313e-01 2.050912909868065070e-01 -7.200959962340918175e-01 -6.628720227683437827e-01 -8.871857917844596653e-01 -4.227906947628851109e-01 1.847955607629647723e-01
2.364084002998324274e-01 9.414681876714154907e-01 -2.403096333282844776e-01 -8.385956870847398603e-01 7.277437487120060056e-02 -5.398714328106085647e-01 -4.907833960827805986e-01 3.291527638723488747e-01 8.067156352548562337e-01
8.252201768291552719e-01 -5.589268320735473194e-01 -8.131701016568848583e-02 3.000341680360383290e-01 3.118206520138034898e-01 9.015250295962998761e-01 -4.785302056975926366e-01 -7.683545258316083482e-01 4.250178406480186744e-01
-2.231666217583597733e-01 -1.963745359974075275e-02 -9.745824897611694571e-01 -9.554638207951750006e-01 -1.936435167316652994e-01 2.226905376958788763e-01 -1.930946557635593031e-01 9.808754043424228186e-01 2.445189300731824555e-02
5.088034621184008011e-02 -7.374597910077237417e-01 6.734717863550097050e-01 1.748334459449168987e-01 6.705089727837026947e-01 7.210069234033541496e-01 -9.832824907158622674e-01 8.106031127122917401e-02 1.630483651810786250e-01
-9.441548167996023366e-01 1.177096632782727859e-01 -3.077598366990487722e-01 -2.802821994923792026e-01 2.041797523437240691e-01 9.379512340098334899e-01 1.732442511652947381e-01 9.718307794589402526e-01 -1.597853733431354173e-01
-5.693619839135865002e-01 2.992782356057103188e-01 -7.656758249851683962e-01 -6.724181647227095437e-01 3.662877554039238870e-01 6.431851148713709776e-01 4.729489856474247134e-01 8.810594860359252101e-01 -7.310201172590263807e-03
5.601975817959502502e-01 -8.226116288071660954e-01 9.741035623172418501e-02 5.457600551376325937e-01 4.549862305695555609e-01 7.036572263597353771e-01 -6.231569878980239841e-01 -3.410243952319668703e-01 7.038307540101762516e-01
2.746215714366941896e-01 -9.590526171245794540e-01 6.928975456830194224e-02 2.179818365102110245e-01 1.322784861765626541e-01 9.669469070463344584e-01 -9.365185056651451623e-01 -2.504405711567752046e-01 2.453825765318146945e-01
5.212227221065107718e-01 1.407645147666838903e-01 -8.417316825107509226e-01 -6.702957643563156598e-01 -5.429586330822538942e-01 -5.058651115143573129e-01 -5.282333407177759454e-01 8.278775719536979327e-01 -1.886485187065823077e-01
5.777703655891797130e-01 1.643912038782164853e-01 -7.994729118202922313e-01 -7.240836377903639987e-01 -3.488058618813991707e-01 -5.950103832719624286e-01 -3.766753112844257734e-01 9.226646209780915431e-01 -8.249670941398831725e-02
8.692958170809335083e-01 4.894031831136345656e-01 6.934916555975692565e-02 -4.910568447107287460e-01 8.390378322091962549e-01 2.342620143865325466e-01 5.646200198660595443e-02 -2.376973716302623885e-01 9.696968608032767722e-01
6.334822744231071168e-01 4.834121361172629694e-01 -6.041629868224900335e-01 -6.537579202893785135e-01 7.520562898015950015e-01 -8.373719979057185625e-02 4.138849956819332654e-01 4.480223695580438648e-01 7.924488417083853653e-01
8.388781966596789985e-01 4.820899637547312322e-01 2.527303662324079658e-01 -4.409344563148206997e-01 8.740978778856162146e-01 -2.037883831581570049e-01 -3.191554110513535325e-01 5.951610473497415121e-02 9.458317275677620151e-01
-4.243117287218404199e-01 4.147971518942897839e-01 8.049241452767266214e-01 7.001081894364263869e-01 7.140359352532442694e-01 1.098294620746960220e-03 -5.742891953999590404e-01 5.640000052725271384e-01 -5.933767050529177300e-01
2.985012373848985323e-01 -2.278474157308796322e-01 9.268131237873385997e-01 4.352805278295543423e-01 8.967106500929297175e-01 8.025504409282017970e-02 -8.493691031419199344e-01 3.794674757534243215e-01 3.668467820128932244e-01
-1.007118298605247653e-01 -9.242167154568843579e-02 9.906136289971211317e-01 3.445308120986232958e-01 9.308307750878791476e-01 1.218711929208943501e-01 -9.333571914550230497e-01 3.535707889206906041e-01 -6.190355709644244919e-02
3.800770587584706428e-01 2.712468843482900710e-02 9.245570186217959563e-01 3.077460897730527334e-01 9.389135334635789754e-01 -1.540575246728740633e-01 -8.722578596005349238e-01 3.430825381103654870e-01 3.485119774252288805e-01
4.268075871611791694e-01 4.174237856767533394e-02 9.033785792087200006e-01 2.660398077616241697e-01 9.489357561280011844e-01 -1.695398225430740369e-01 -8.643252305861556239e-01 3.126955461360009236e-01 3.939078460743038468e-01
2.177769900538260861e-01 1.619203387104269365e-01 9.624733692497662307e-01 4.697189076934674135e-01 8.470368640947771866e-01 -2.487824322972628788e-01 -8.555333601668329013e-01 5.062710289720189216e-01 1.084080940947745181e-01
6.932562405663932337e-01 -3.242587031369724704e-01 6.436241747756838993e-01 4.321077981464674922e-01 9.017533444289578259e-01 -1.112459402410704949e-02 -5.767830057281186917e-01 2.858272192271377188e-01 7.652608477193373337e-01
8.183011865291492937e-01 -5.535900739070584997e-01 -1.546647930091522016e-01 5.050832034934037429e-01 8.209814431149242697e-01 -2.662337837498786053e-01 2.743613049863760089e-01 1.397408320159637674e-01 9.514191369704831924e-01
5.096084830646240293e-01 -6.270422173521843501e-01 5.891665737689375515e-01 1.497444140904843901e-01 7.389399479253165870e-01 6.569203633689764121e-01 -8.472755186108413827e-01 -2.465477864799980046e-01 4.704661353854737715e-01
4.220537267202217335e-01 -7.102877303856713898e-01 -5.633489077162968650e-01 -8.679803825119413174e-01 -4.959716608120932624e-01 -2.494328057249200689e-02 -2.616881872305220624e-01 4.995032049295238807e-01 -8.258425037070552532e-01
8.625480756339142241e-01 1.407182085526099413e-01 -4.860135831455491551e-01 -2.859464817065225997e-02 9.725701422114081396e-01 2.308455426792509757e-01 5.051664708947219973e-01 -1.852179911904495158e-01 8.429122922482187308e-01
3.612700545480672099e-01 -6.728456280628107855e-01 6.455716137529580179e-01 -8.531454240004373579e-01 -5.179300695837852908e-01 -6.238051400918020323e-02 3.763334069597741305e-01 -5.282302564390809474e-01 -7.611477931311052547e-01
8.875465897314630537e-01 -2.731764180842504719e-01 3.709928512231857600e-01 4.207672735989692603e-01 8.086178986989458473e-01 -4.112079709487542756e-01 -1.876591391969498757e-01 5.210678828198492818e-01 8.326297550349132104e-01
9.423667004045046536e-01 -1.428308322578048517e-01 3.025629774530744220e-01 3.334052843944539934e-01 4.766460772319522921e-01 -8.134183630809211918e-01 -2.803423454599823436e-02 8.674144744099759885e-01 4.967959453110354362e-01
5.898512619740895468e-01 2.026868594351161068e-01 -7.816607485091622287e-01 7.959720464631506731e-01 -3.090000184671299888e-01 5.205261663322771071e-01 -1.360293718166716292e-01 -9.292131217323841286e-01 -3.435971251386119585e-01
1.218472930106222762e-01 9.085664785110855179e-01 -3.995750133728944720e-01 6.918736905719183872e-01 -3.663973351099390485e-01 -6.221445082283765249e-01 -7.116628650424138280e-01 -2.006488149735756177e-01 -6.732577660668481734e-01
9.813592655305509727e-01 1.825170533785714089e-01 6.017904272537009935e-02 -5.286550636188985103e-02 5.574311796996398449e-01 -8.285383021537199300e-01 -1.847680442999794503e-01 8.099123440994535628e-01 5.566891095404052914e-01
9.767136488020959906e-01 1.424509939632364053e-01 -1.604311770279776284e-01 -2.118917598496643517e-01 7.577558174350161879e-01 -6.171774487545724774e-01 3.365011666411391045e-02 6.367996823666581818e-01 7.702946411511734093e-01
7.541948347601927782e-01 6.005828673763635717e-01 -2.655002271845189887e-01 -5.822805987732804223e-01 7.985780674071634166e-01 1.523888924707777481e-01 3.035448163175841207e-01 3.966471568315657614e-02 9.519912052201422448e-01
8.732346241765411854e-01 2.002181977678141878e-01 -4.442678971317462477e-01 -3.118934748577373295e-01 9.301286203011890352e-01 -1.938638956530399915e-01 3.744112064033626175e-01 3.078529242661424137e-01 8.746672656161105230e-01
-8.386802608243681956e-01 -5.403105806836766556e-01 6.840976907458727607e-02 7.975490161593208616e-02 -2.460988510786192018e-01 -9.659578205936412143e-01 5.387527965326983637e-01 -8.046737425187004966e-01 2.494906658156678669e-01
2.062719424838502236e-01 3.114758335940598921e-01 9.275961895301342297e-01 -6.039664322222414450e-01 7.863773380507875777e-01 -1.297506491270622730e-01 -7.698548139049828931e-01 -5.334730426994814811e-01 3.503285289842681949e-01
-4.773667161166177397e-01 -5.133596709740815278e-01 7.131499607806339736e-01 -8.712364913951820000e-01 1.709342886238097159e-01 -4.601395929868295487e-01 1.143153288297312220e-01 -8.409775961284908785e-01 -5.288560185953219417e-01
7.296288006302285023e-01 -6.503264981614492735e-03 -6.838124895287254201e-01 1.459760075774133581e-01 9.783878932413614393e-01 1.464518199630489848e-01 6.680814460098807306e-01 -2.066756829027287523e-01 7.148093057550647389e-01
-3.407445610875036168e-01 -5.309038635972246345e-01 -7.759086490733455577e-01 6.428402313575293237e-01 4.706588857823658656e-01 -6.043481200287629251e-01 6.860390521227510696e-01 -7.047136303858761996e-01 1.809119070456002010e-01
-7.423922352501127753e-01 6.640717325913949587e-01 -8.867075624693934732e-02 2.200992449040927446e-01 1.167423658704444395e-01 -9.684665933338227894e-01 -6.327796547242880987e-01 -7.384984454851849511e-01 -2.328303128524640553e-01
-2.549422169306172492e-01 7.890460994232196823e-01 5.589371333267321162e-01 -4.864840239954551504e-01 3.948891291778173773e-01 -7.793560611520095049e-01 -8.356660579583761184e-01 -4.706047477896800890e-01 2.831844115309324339e-01
8.051903243572690050e-01 -5.274260286626616390e-01 2.710909918285177578e-01 5.124147943239755199e-01 8.488985885912870843e-01 1.296235505054486314e-01 -2.984955948072835485e-01 3.453940614506934015e-02 9.537858298925351308e-01
8.343176730821720843e-01 -4.472178488902098792e-01 3.223510757183278286e-01 4.114986204771908240e-01 8.943165217419541957e-01 1.756896248636831415e-01 -3.668554289200566254e-01 -1.393393603351757160e-02 9.301736072897871521e-01
5.854493994761017506e-01 1.577613656438444367e-01 7.952108853400219335e-01 -7.204401746634067072e-01 -3.485694536743714211e-01 5.995542433309188901e-01 3.717727200643321517e-01 -9.239105408400425379e-01 -9.041215150978459958e-02
5.875764160664626035e-01 2.393951768108451006e-01 7.729449557388906600e-01 -7.549349644861141906e-01 -1.816401664526626769e-01 6.301428800894274262e-01 2.912510166142616708e-01 -9.537802678032049064e-01 7.400031128587102047e-02
8.626889241652392348e-01 5.024622651115998595e-01 5.744120699935172797e-02 -4.048258238250676544e-01 6.180117353768626032e-01 6.739269599154156243e-01 3.031235267790631238e-01 -6.046430079603988261e-01 7.365615795285712641e-01
6.105578723551426945e-01 -5.976450809677108511e-01 -5.196531936784956063e-01 6.321410932788861237e-01 7.630327186217877866e-01 -1.348284409937993977e-01 4.770919436474864161e-01 -2.461735719116538157e-01 8.436716480947560326e-01
5.055896773967937241e-01 -7.055376373347840291e-01 -4.965840517111445584e-01 7.364384220613776622e-01 6.527646239726765387e-01 -1.776423266047784388e-01 4.494858491894428987e-01 -2.758894488628749753e-01 8.496160799941255837e-01
1.237712052179139738e-01 7.978074243313464375e-01 -5.900711842148271824e-01 -7.486085202294653351e-01 -3.152547079105784134e-01 -5.832664507581990510e-01 -6.513570236043789707e-01 5.139239076186270516e-01 5.582259802080568045e-01
1.001605692389544444e-01 6.208736133126468298e-02 -9.930322350924215558e-01 2.819048590776984109e-01 -9.589244386430916256e-01 -3.152096764718912564e-02 -9.541999322983166776e-01 -2.767834542308358348e-01 -1.135491464782326654e-01
9.786961339117141723e-01 -7.634811110878801654e-02 1.905907746885567022e-01 1.802007860453970767e-01 7.642962241258501876e-01 -6.191760319130491519e-01 -9.839488896728859624e-02 6.403297960559763968e-01 7.617717493501754422e-01
5.141262942211562992e-01 -5.969510716752641777e-01 -6.158925000486487056e-01 6.894249048307455885e-01 7.147958235022530138e-01 -1.173040123050069217e-01 5.102621426184175135e-01 -3.643025510883635132e-01 7.790482636403036620e-01
-7.784258347099322073e-01 5.408301456963483522e-01 3.186784796032073319e-01 3.319845141143790146e-01 7.855416873603061623e-01 -5.222169470702406890e-01 -5.327658981620208012e-01 -3.007108427130448236e-01 -7.910331768203059388e-01
3.911582294933436121e-01 6.807167496528511164e-01 6.193706049221989751e-01 -3.045688742902051271e-01 7.308177907144721708e-01 -6.108544487754964392e-01 -8.684659120041676728e-01 5.029973675155791080e-02 4.931905272503658288e-01
5.348218197345767644e-01 6.032660163784018259e-01 5.916381788041825684e-01 -4.129963611841547255e-01 7.974879404889926304e-01 -4.398260911124671213e-01 -7.371564466139080007e-01 -9.115824568232415784e-03 6.756606211390432382e-01
-6.103967520013767883e-02 3.416631532870570420e-01 -9.378381777990310031e-01 6.954771894681410771e-01 -6.593986849285619067e-01 -2.854905484319554265e-01 -7.159508621273928952e-01 -6.696713104205886946e-01 -1.973694480374675042e-01
6.490958639529960106e-01 -2.596209822637793319e-01 -7.150325202167410188e-01 4.681266225231733302e-01 8.772266750386373824e-01 1.064463521484108610e-01 5.996098937510623283e-01 -4.038196455957130948e-01 6.909397000801100752e-01
8.268436512703418728e-01 -3.609404659278613314e-01 -4.313369406968386444e-01 2.993237149656638452e-01 9.316831314091003069e-01 -2.058442525476181229e-01 4.761668720239614072e-01 4.109163787818510133e-02 8.783943233442510490e-01
5.489998402635093422e-01 -3.052216429591813468e-02 -8.352649716570990091e-01 2.309521684323947999e-01 9.659650977237151936e-01 1.165011840111001562e-01 8.032809416928899937e-01 -2.568653878324332340e-01 5.373638443798367526e-01
5.040276421722513778e-01 4.361511757603816911e-04 -8.636874120296259560e-01 2.106539114824489134e-01 9.697380307799542409e-01 1.234223692697615782e-01 8.376043609625167807e-01 -2.441474174165450817e-01 4.886828962276107968e-01
-2.257551031533348018e-01 -1.446614476487209644e-01 -9.633834641327428949e-01 -2.209303315223591635e-02 9.894190851210761251e-01 -1.433937651514436140e-01 9.739335353535997220e-01 -1.108781143190870795e-02 -2.265624177821402851e-01
8.294864925766260999e-01 5.582862921224593933e-01 -1.638824765138101672e-02 -5.584561043808387026e-01 8.294911866617361573e-01 -8.435089227912284313e-03 8.884712302877168996e-03 1.614890951925047197e-02 9.998301228751982350e-01
8.429114948481026826e-01 5.242824091420675847e-01 -1.209469607601910135e-01 -5.150232038375229804e-01 8.512457039848083662e-01 1.006570959065560544e-01 1.557283254962650854e-01 -2.255453195253936255e-02 9.875423949008625968e-01
7.199792648066741796e-01 6.932346820106074503e-01 -3.248898130279524732e-02 -4.488057282349043886e-01 4.293913556818717003e-01 -7.837068852378558104e-01 -5.293423056510583313e-01 5.788339479706910984e-01 6.202805688756379832e-01
7.198936939682568648e-01 5.213004587915366639e-02 -6.921239251040058882e-01 -1.173258546966842869e-01 -9.736863411810620095e-01 -1.953702966602885727e-01 -6.840962748067195287e-01 2.218498756233007463e-01 -6.948344547311217090e-01
9.117160525376674096e-01 8.069762580512238048e-02 -4.028172448326288735e-01 -3.570365030657042804e-01 -3.293908727116858781e-01 -8.740861447551079300e-01 -2.032210004496261546e-01 9.407388299435984758e-01 -2.714989480874696604e-01
9.807616399194765133e-01 1.903679995723400742e-01 -4.320451829710759278e-02 1.631067509516100633e-01 -6.775522871905984568e-01 7.171604324813231068e-01 1.072510767147305394e-01 -7.104103904516139156e-01 -6.955675982116451550e-01
8.085534998784777994e-01 -5.596486157119968663e-01 1.817544078307604394e-01 5.567309550380284966e-01 6.275942769949985900e-01 -5.442206052563335339e-01 1.905042822004519298e-01 5.412197801399826202e-01 8.190172574790592908e-01
4.435581904930242514e-01 2.718388609933048219e-02 8.958332255409446887e-01 8.756175431008748067e-01 -2.263585288953613162e-01 -4.266798971246663630e-01 1.911806733447236895e-01 9.736646510646603803e-01 -1.242058670377191032e-01
8.475158401641491590e-01 -3.790761742343194685e-02 5.294146892674355120e-01 5.028772424384054807e-01 3.764405890818955380e-01 -7.780790203631124946e-01 -1.697980556673185648e-01 9.256648937023346235e-01 3.381022402449352371e-01
7.720716708773899262e-01 3.409446977547294089e-01 5.363413540848140926e-01 -5.289422514499537709e-01 8.125572928385216276e-01 2.448892412622229176e-01 -3.523143903669698207e-01 -4.727656490565587677e-01 8.076925228157563197e-01
9.348048615466029165e-01 3.118820999781091174e-01 -1.699100542701393324e-01 -3.188421472827678294e-01 5.261940274165969322e-01 -7.883270454749194966e-01 -1.564594386572789320e-01 7.911064411470474234e-01 5.913298934019003417e-01
7.105681683606729360e-01 7.221316471995599395e-02 -6.999129495542190105e-01 -6.970459481244846156e-01 -6.350020425602427576e-02 -7.142091222202929801e-01 -9.601991624551861615e-02 9.953657533291826454e-01 5.214670040559569834e-03
1.998796544404013997e-01 -8.164855691971845131e-01 -5.416635847401375381e-01 5.421767683808361715e-01 -3.683079307455583429e-01 7.552440797371656744e-01 -8.161448863828649758e-01 -4.446353376000103941e-01 3.690622454118356321e-01
3.000763368647286211e-01 9.205573085017965118e-01 -2.500568611691633136e-01 -4.900957968169266099e-01 -7.611473844989151416e-02 -8.683390216574896625e-01 -8.183888452295936533e-01 3.831198093999224619e-01 4.283210357303727789e-01
-6.620640970933739933e-01 -5.587167584728645192e-02 -7.473616843121884123e-01 5.351948005416939935e-01 -7.333228594002594303e-01 -4.192900062655487980e-01 -5.246309720299325852e-01 -6.775809469864421120e-01 5.154089671977825082e-01
9.720277012526440386e-01 -2.348282584739239121e-01 4.223389587112931325e-03 1.855104982243901968e-01 7.786660351445474637e-01 5.993872377360139891e-01 -1.440416712137120581e-01 -5.818375157502088113e-01 8.004480634117285831e-01
5.133329074098815781e-01 -8.415176750025235020e-01 -1.683369502767148307e-01 6.800782149121379350e-01 2.792519260801465952e-01 6.778731322175618468e-01 -5.234338045751704138e-01 -4.624568784642256736e-01 7.156470413472599823e-01
-5.541618806149757326e-01 -6.278587935184867241e-01 -5.465326572811395334e-01 -3.008149745158183452e-01 -4.611447191647307098e-01 8.347789522343799229e-01 -7.761539545607695212e-01 6.270078814400916745e-01 6.667949783619583903e-02
8.789011418595040759e-01 4.761367217603955648e-01 2.875073963089780707e-02 -3.748646722947319154e-01 7.267215880470409006e-01 -5.756320099957530356e-01 -2.949733213418181399e-01 4.951459942861810015e-01 8.172032697186949468e-01
-3.721519158636282798e-01 -9.077888616702899371e-01 1.934485310008582371e-01 9.129595838115234230e-01 -3.204346809025622189e-01 2.526388996207096227e-01 -1.673551607979893163e-01 2.706307408670200476e-01 9.480249217462836109e-01
9.259645907419110367e-02 -9.739423670535686250e-01 2.070317884408420517e-01 9.327085663987167985e-01 1.576255339394627419e-01 3.243592471577618208e-01 -3.485407091479735264e-01 1.630658048408410443e-01 9.229999552319797518e-01
6.668520041982929358e-01 -7.414514411324728549e-01 -7.455310147337415594e-02 7.291306872434268893e-01 6.285489225712304062e-01 2.707299260415694797e-01 -1.538728222157764447e-01 -2.348957478906863183e-01 9.597641075838516667e-01
-7.980165746206417943e-01 -2.470584654794056312e-01 -5.496650446096233988e-01 -5.504788568017957573e-01 -7.233299294443990002e-02 8.317096646942897520e-01 -2.452398312773154121e-01 9.662970830788329968e-01 -7.827753437872791986e-02
3.753252596931763163e-01 7.884229008691159279e-01 -4.873605224280870840e-01 -9.076445054250646960e-01 4.192241740386958848e-01 -2.079768432453393129e-02 1.879159418674730408e-01 4.501559966130647683e-01 8.729531359158743120e-01
-1.058192501811315578e-01 -4.558551353065300460e-01 8.837411283321425781e-01 9.419663383822386438e-01 2.387891058624728724e-01 2.359643623010874713e-01 -3.185933201526064407e-01 8.574239666209864108e-01 4.041317085036423284e-01
-5.237743521201086994e-01 5.477823772956181836e-01 6.523763447470497523e-01 2.459584030125775145e-01 -6.359638010296587707e-01 7.314742017100884786e-01 8.155764170503356780e-01 5.435848700104424225e-01 1.983698491380876394e-01
-3.657855332261265580e-01 9.232809818658751499e-01 1.172739195527460893e-01 -2.730986663599634934e-01 -2.269377404332046932e-01 9.348349482125072329e-01 8.897292071832236804e-01 3.099217489816699089e-01 3.351573472165801926e-01
9.269726347328729466e-01 -3.749421072093752083e-01 -1.183852599731786102e-02 3.381725920517554274e-01 8.215754071905442268e-01 4.589696594380599515e-01 -1.623608094380931954e-01 -4.294557794943327789e-01 8.883730640994932370e-01
2.208919193884334442e-01 -7.570377681209876641e-01 6.148988352463254925e-01 4.534439143624356960e-01 6.379039035858294904e-01 6.224686548876441350e-01 -8.634786485354261076e-01 1.413238388537281509e-01 4.841819865454306537e-01
7.546208862126573269e-01 -4.163901280202292332e-01 -5.071159427378724160e-01 2.066244197771431312e-01 8.843301957178012485e-01 -4.186483656882880044e-01 6.227789874774058987e-01 2.111382632992247488e-01 7.533704046002899224e-01
2.450540646952750479e-01 -8.968218305446632455e-01 -3.683193039128466739e-01 -9.541209987563158412e-01 -2.905018747122365963e-01 7.253813149596925747e-02 -1.720512281518926934e-01 3.336454181420684950e-01 -9.268652058655724169e-01
7.897115462367225724e-01 3.412193684083644207e-01 5.098284185521654299e-01 -4.727025877059297665e-01 8.681607301442871849e-01 1.511595521674245490e-01 -3.910344451790952469e-01 -3.603696564062177088e-01 8.468918310062635291e-01
-6.863032404378940354e-01 -4.029754969353365746e-01 -6.054738731226682047e-01 -6.796949541896748492e-01 6.516309138969311743e-01 3.367371694704150986e-01 2.588486650796993915e-01 6.426413470385867743e-01 -7.211168197059950602e-01
4.715587410043922123e-01 -2.873663004877206606e-01 -8.336983645937864340e-01 -3.468327566950109020e-01 8.087804730475445236e-01 -4.749538770242114905e-01 8.107646962378740607e-01 5.131225543288772117e-01 2.817194554398336215e-01
4.144828385399700887e-01 -9.091309954445897512e-01 4.104643319191965400e-02 7.503465482720238222e-02 7.908910471643347539e-02 9.940395938241674001e-01 -9.069585310976526760e-01 -4.089324475229161870e-01 1.009974070563479237e-01
9.984687054647291005e-01 5.274413474197777590e-02 -1.668233970126332955e-02 -3.903170025569267787e-02 4.579913219162086158e-01 -8.880993612341998578e-01 -3.920166556076423725e-02 8.873905596183476741e-01 4.593486955652514303e-01
7.755044566376051440e-01 4.593243643563422185e-01 -4.331442785537581441e-01 -1.649756369752302665e-01 -5.147988586789323806e-01 -8.412878070597992197e-01 -6.094061674612674118e-01 7.238806969463347230e-01 -3.234514795895340744e-01
8.437933533082252469e-01 4.090061509016471586e-01 -3.474575447986123500e-01 -3.629222123043949755e-01 9.118249671873092099e-01 1.919966068188350139e-01 3.953482575261263454e-01 -3.590539985129988926e-02 9.178292638244729407e-01
8.330613629964196409e-01 2.319546086586994904e-01 -5.022009806885461281e-01 -3.924692310317452471e-01 8.876109784223951138e-01 -2.410698107963522852e-01 3.898418502109521344e-01 3.979243778735201964e-01 8.304694583896951032e-01
8.437298587680163164e-01 3.182721773983758773e-01 -4.322299694808310333e-01 -4.202380276670900638e-01 8.926504994675215077e-01 -1.630186673447515666e-01 3.339459919294998635e-01 3.191831870485682954e-01 8.869059519361345290e-01
-7.167215690839436881e-01 -6.005166104015389195e-01 -3.545278452275589798e-01 -2.317885444043010779e-01 6.846238007125412528e-01 -6.910602883836187704e-01 6.577113828213596580e-01 -4.131223210258206935e-01 -6.298775156944829146e-01
-1.072944389797340359e-01 -7.381000295666760858e-01 -6.661052842589496592e-01 1.686929116660489392e-01 6.467435304694062470e-01 -7.438181950917839291e-01 9.798115149954379488e-01 -1.921747958230748121e-01 5.512025882291188283e-02
-4.945751200291468863e-01 -8.596883755730979626e-01 -1.277941608706868182e-01 -3.496592164138254688e-01 3.314207381631575355e-01 -8.762983091917145861e-01 7.956971050751816543e-01 -3.887109352975241516e-01 -4.645104151201558396e-01
8.933789106020488813e-01 4.481553356958951073e-01 3.210789900937487812e-02 -4.034600830817827721e-01 8.316210931368333004e-01 -3.816101660196432044e-01 -1.977222381300026144e-01 3.279682187913919855e-01 9.237655351936790993e-01
-2.846084263462833174e-03 -7.402279281744111872e-02 -9.972524885643915260e-01 -2.470488071915943884e-01 9.663963975201778078e-01 -7.102738714913599261e-02 9.689988579299647631e-01 2.461678878398419756e-01 -2.103768824978864346e-02
