7.337137221014339294e-01 -2.371472888996195572e-01 -6.367301919711522151e-01 -6.794576302273132029e-01 -2.543924448718581921e-01 -6.882018691619504747e-01 1.225857228138227612e-03 9.375743423108797714e-01 -3.477827625319823701e-01
4.123662228660274903e-02 -9.856025065940723362e-01 1.639732904404672675e-01 -3.115592476289912316e-01 1.432459234015052429e-01 9.393675748319754160e-01 -9.493315417699177416e-01 -8.982374087251007722e-02 -3.011665973782935990e-01
-3.963272566541626851e-01 1.589158473572835351e-01 -9.042513251810595509e-01 -9.180167039753256431e-01 -8.258202218694739305e-02 3.878473163936998480e-01 -1.303981806872580619e-02 9.838322840150303117e-01 1.786169087026854840e-01
-6.875411645392995874e-01 -5.998359536999910979e-01 4.092480613427093017e-01 4.710625266362672980e-01 6.047230068555258659e-02 8.800245433218621960e-01 -5.526185330433640575e-01 7.978345251357690238e-01 2.409830438814773990e-01
-6.945647441576053849e-01 7.173818583421941453e-01 -5.425021193304521705e-02 -3.994736691653905103e-01 -3.218545006616387871e-01 8.583882967791368612e-01 5.983315166501096405e-01 6.178777789541773924e-01 5.101239520526679172e-01
-4.060673764324539969e-01 -1.243676027177512272e-01 9.053408116237241510e-01 8.517384903628445469e-01 -4.104909596761836532e-01 3.256358642080883214e-01 3.311356668069543874e-01 9.033437172075565735e-01 2.726156612338118124e-01
-1.080896872360243149e-01 7.133420872165930904e-01 6.924302752759248225e-01 -1.638002625744510998e-01 -6.997707518777177560e-01 6.953347170946053701e-01 9.805539727591539023e-01 -3.826174880959042762e-02 1.924836228988651698e-01
3.241363987073441755e-01 -1.149598567549345585e-01 9.389993750625816871e-01 5.522189200840477152e-01 -7.829342777760193162e-01 -2.864754456922116166e-01 7.681079737473385238e-01 6.113903401414093608e-01 -1.902944892726271542e-01
5.420800431687311516e-01 1.833675214978724710e-01 8.200765688994625657e-01 -3.278011123705334429e-01 -8.524463782164137804e-01 4.072856528216528549e-01 7.737542617180394044e-01 -4.896034357778204504e-01 -4.019860919829511547e-01
7.790489962247117983e-01 -4.117024047124815400e-01 4.728464776597467445e-01 -8.734563763257890967e-02 -8.181005791798856563e-01 -5.684031860678596670e-01 6.208489357869817482e-01 4.015128544635847563e-01 -6.733008440754227886e-01
7.462762721539000221e-01 -4.538098615643413880e-01 4.869582478683690541e-01 -6.356328645393031218e-01 -7.030176729422521475e-01 3.189624006813669976e-01 1.975919713390161814e-01 -5.475607373413602375e-01 -8.131018704839803046e-01
7.117911566702028736e-01 -6.909133783014512753e-01 -1.264596891114737054e-01 -6.685396790548010504e-01 -6.111965476087145577e-01 -4.236667059381608036e-01 2.154252696769781150e-01 3.861055346343326700e-01 -8.969473057595620524e-01
4.888547999906602270e-01 -8.689288745064639441e-01 7.735370433936311629e-02 -7.891262301488800590e-01 -4.026671571235749258e-01 4.638307379476213632e-01 -3.718881248670204420e-01 -2.877877197222774575e-01 -8.825403395652480221e-01
2.931507912391739801e-01 -7.559295772963029458e-01 -5.853486890431031098e-01 -9.432570809882369067e-01 -3.285636309753474094e-01 -4.808346457823832465e-02 -1.559765776050918429e-01 5.662300014737200460e-01 -8.093546149060212302e-01
1.450961471219175576e-02 -9.763244425485914091e-01 -2.158241273886835621e-01 -7.121998682752056498e-01 -1.615942595318802799e-01 6.831241782539420049e-01 -7.018267725797328049e-01 1.437980464697845295e-01 -6.976828098224795438e-01
-2.133133566668440062e-01 -5.907074561975482752e-01 -7.781787153733682461e-01 -9.240658081178009242e-01 -1.365964550792828081e-01 3.569927040254042838e-01 -3.171747060140829855e-01 7.952396554827955155e-01 -5.167147145306438816e-01
-4.619731659488341413e-01 -8.437298853758152806e-01 -2.733142412442586267e-01 -4.544447290165635756e-01 -3.944554409176007082e-02 8.899011390712833203e-01 -7.616172150183274647e-01 5.353166628968494267e-01 -3.652058162361436766e-01
-6.461294344606394180e-01 -2.956494636521608821e-01 -7.036392176149393052e-01 -7.168335207947589272e-01 -8.145428128756350417e-02 6.924701463059015349e-01 -2.620428541070414785e-01 9.518175217456948944e-01 -1.593014372481291463e-01
-8.028321741144577306e-01 -5.804099606134842659e-01 -1.363259983543368137e-01 -1.241118377721825150e-01 -6.094925454953376009e-02 9.903945880782406563e-01 -5.831438518337173083e-01 8.120403105699312007e-01 -2.310372433236166506e-02
1.569361512446375839e-01 9.311803550921657902e-01 -3.290504379619465514e-01 -7.895989813064585583e-01 3.184290850816571816e-01 5.245344283208318581e-01 5.932153851277993661e-01 1.774994762372195667e-01 7.852320948504268872e-01
5.170143906139943457e-01 8.401079877516278716e-01 -1.640569681968755966e-01 -8.308008082104264558e-01 5.386466851254961830e-01 1.401062656708013110e-01 2.060731350150779295e-01 6.386170620352482619e-02 9.764504828744938747e-01
1.688696819357786982e-01 9.794957094818425025e-01 1.098689475219059158e-01 -8.092180412805110024e-01 7.413966702283800170e-02 5.828116946663615128e-01 5.627159071761188569e-01 -1.873271600179885754e-01 8.051455414585321213e-01
-6.038032862874186391e-01 -6.111502680701065282e-01 5.117782149587365437e-01 2.085438325790151814e-01 -7.407724345306777591e-01 -6.385653217430057316e-01 7.693705617982596889e-01 -2.788396493996675440e-01 5.747324495457873939e-01
1.969956701503539631e-01 -8.772753200379296290e-01 4.376993474913587479e-01 8.357805103075705011e-01 -8.311023722209612274e-02 -5.427371620396969076e-01 5.125072141268162129e-01 4.727374549591296105e-01 7.168372577836163995e-01
9.359819712253367729e-01 -2.772171037547849770e-01 2.169986795511479882e-01 8.765829134238867573e-03 6.345501986736137301e-01 7.728319387828550546e-01 -3.519387869796711255e-01 -7.214545881405746153e-01 5.963575835605611219e-01
4.426263875607306941e-01 5.756366318249648284e-01 6.875495248606806609e-01 8.850654520639275047e-01 -4.035990642842785525e-01 -2.318769951326145884e-01 1.440174524070389483e-01 7.111612077511431096e-01 -6.881196916177605427e-01
1.059218226508624600e-01 9.863508518379237033e-01 1.260657152635963618e-01 8.299252540208187368e-01 -1.575242397915412318e-01 5.351730436191428630e-01 5.477267934151107687e-01 4.793861654970751202e-02 -8.352827358556508264e-01
9.841527785112877957e-01 1.765799989247287261e-01 -1.621149370832918740e-02 -6.495093031428555985e-02 4.440424530833674277e-01 8.936485195595718078e-01 1.649990460573065587e-01 -8.784337219389112272e-01 4.484746491840209126e-01
1.310281216660238446e-01 9.185724871245672940e-01 -3.729024232027211005e-01 5.061811547903520836e-01 -3.854080215130978870e-01 -7.715188238069539128e-01 -8.524155499917749346e-01 -8.766551688746918036e-02 -5.154633714252384591e-01
-1.525284458608350824e-01 2.022201479040945937e-01 -9.673893140741862684e-01 9.024191869596150939e-01 -3.706042751381318223e-01 -2.197545955298494391e-01 -4.029574223294886681e-01 -9.065095052071909798e-01 -1.259596473422653906e-01
3.706011247166550171e-01 -8.872934607348931246e-02 -9.245441630901800600e-01 9.224305465609741184e-01 -8.114428357392533542e-02 3.775413778839306067e-01 -1.085204733217322720e-01 -9.927450369498934668e-01 5.177449643774260923e-02
7.211280624772541392e-01 2.689477579122810380e-01 -6.384680266244807667e-01 -4.447295639680043378e-01 8.863339801873442170e-01 -1.289484024642775506e-01 5.312155235312973067e-01 3.769339187168189720e-01 7.587693249467536427e-01
7.212071098281822579e-01 1.298324356305433913e-01 -6.804438576337664690e-01 -5.253647361891411460e-01 7.427441939659187309e-01 -4.151180028604300465e-01 4.514999431917958717e-01 6.568672628379027545e-01 6.038817767656570190e-01
4.647844453134660214e-01 6.461804224707533573e-01 6.053315463530481999e-01 -8.850470814551343324e-01 3.589968962335900460e-01 2.963324013711593485e-01 -2.582795002323509323e-02 -6.734776092121904645e-01 7.387562702863709196e-01
-9.145386085237547924e-01 -3.905995954610918530e-01 -1.051241625177849193e-01 2.692094239832872743e-02 2.005367104499564124e-01 -9.793162362701316459e-01 4.036017794557157368e-01 -8.984525495470208067e-01 -1.728832549226158033e-01
-5.422920295766693322e-01 -7.794483761627157836e-01 -3.136551985141049492e-01 2.432055553050805063e-01 2.117064431036140837e-01 -9.465893723347859057e-01 8.042203755976121693e-01 -5.896105586280847577e-01 7.475945845118016353e-02
-2.300235732855246407e-01 -7.904027936151923894e-01 -5.677610232996439521e-01 5.780403366570261436e-01 3.583773731627590275e-01 -7.330996027842279217e-01 7.829166781531678998e-01 -4.968189632554905755e-01 3.744494529564021401e-01
8.661216252702959306e-02 -6.836810990078961980e-01 -7.246229972625397586e-01 5.409642470806351744e-01 6.430579995812677474e-01 -5.420646571720203477e-01 8.365739756189365384e-01 -3.450457419443013762e-01 4.255436749421068754e-01
-6.686429868587522307e-01 6.913268562866013989e-01 -2.738315794452705898e-01 2.492807869414418454e-01 -1.385444144777600584e-01 -9.584698923173697871e-01 -7.005538133408897306e-01 -7.091351232268076066e-01 -7.969775165987068311e-02
-4.656461068316246066e-01 3.802190451781773950e-01 -7.991290139122384506e-01 7.914141431703287655e-01 -2.251846909817404041e-01 -5.682917463217574960e-01 -3.960269652214679637e-01 -8.970648430471755974e-01 -1.960543551829977971e-01
1.465646386556725134e-01 -5.310826926444613960e-01 -8.345477699144854267e-01 7.134014024641708307e-01 6.411828256152634076e-01 -2.827419726502963804e-01 6.852570653834123560e-01 -5.539275744260573342e-01 4.728498669055311576e-01
-6.891080331096397504e-01 6.121416787208909804e-01 3.878307412732173165e-01 4.860289401448981694e-01 7.873884047058296032e-01 -3.792035989761117221e-01 -5.374997563212384755e-01 -7.281528210189290584e-02 -8.401142461874047118e-01
-8.062491427215738860e-01 5.085135618480335351e-01 -3.022850927144010158e-01 4.864971302798505870e-01 8.606639506789514060e-01 1.502601285476960202e-01 3.365751952984615825e-01 -2.591373030512115691e-02 -9.412999609537205936e-01
6.347257727430469787e-01 -5.518897862872390592e-01 -5.408704625024066681e-01 6.226624723505036485e-01 7.797890625986930724e-01 -6.496509353345085447e-02 4.576184425283798540e-01 -2.955447202087649328e-01 8.385932741291350911e-01
-5.198772115696440599e-01 -7.690781831323880713e-01 3.718150523047134559e-01 -7.722752828027142913e-01 6.091807435443562513e-01 1.802490201547106152e-01 -3.651281589559470242e-01 -1.934362166827372220e-01 -9.106392576717248222e-01
5.601608689171273525e-01 3.892068981374392500e-01 7.312576778237902531e-01 -2.736404708063177593e-01 9.201373506392379609e-01 -2.801216676651434589e-01 -7.818827876804206323e-01 -4.318849847861494506e-02 6.219276967045742621e-01
5.073922204724903295e-01 3.517079184003136794e-01 7.866731689453467791e-01 -2.203875540198143856e-01 9.355180894009343939e-01 -2.761072806660280765e-01 -8.330560969329492416e-01 -3.327828929112409961e-02 5.521866485389672619e-01
7.518997079003018058e-01 3.229046013131412485e-01 5.747864366094961319e-01 -4.660572493609079769e-01 8.769854055051348185e-01 1.169924734721809190e-01 -4.663019081856577541e-01 -3.558499922464461451e-01 8.098971005261218492e-01
4.820864169047299752e-01 7.040279741758368459e-01 5.214760763580881253e-01 -4.859324161447370338e-01 7.101296100851688387e-01 -5.094954600583052606e-01 -7.290146593695474575e-01 -7.781288977627722619e-03 6.844538537886610818e-01
-5.711110881094249025e-01 -5.154253560092076913e-01 -6.388809180287440270e-01 4.848092209591723378e-01 -8.398449657995453732e-01 2.441729974713028606e-01 -6.624138769013145911e-01 -1.702854538824206121e-01 7.295277375704293243e-01
2.346069524676516194e-01 -7.295167253419400089e-01 -6.424678398956743530e-01 9.440520762162614155e-01 1.339578393571332765e-02 3.295242485227968809e-01 -2.317870903342274524e-01 -6.838317778658141721e-01 6.918445232386195576e-01
9.096474159794163405e-01 -1.914060681593359250e-02 -4.149400146680105039e-01 -3.743420014963355635e-01 3.951660461564073801e-01 -8.388753553900779592e-01 1.800267883335376073e-01 9.184102749511406927e-01 3.522966397036479402e-01
8.225065237466887558e-01 -1.295626182458798964e-03 -5.687541997620177980e-01 -3.306069890837464720e-01 8.126115002616414174e-01 -4.799599654257673542e-01 4.627980522464602564e-01 5.828043162119850296e-01 6.679499171656235745e-01
8.000052660649129566e-01 1.433851448179938870e-01 -5.826081655057118169e-01 -3.860551087077594978e-01 8.663360538888859042e-01 -3.168963470488000977e-01 4.592962304537758778e-01 4.784376051041101530e-01 7.484279729627932864e-01
-1.004106639748381657e-01 -9.614619874824120727e-01 -2.559463717002103955e-01 6.021028271419161942e-02 2.509030329509328028e-01 -9.661378731379388629e-01 9.931225606216028678e-01 -1.124211487327597542e-01 3.269655795336073173e-02
-7.799543009159408680e-01 -2.122324173964644511e-01 5.887518063571267612e-01 -5.783779287085333287e-01 6.037908315191719000e-01 -5.485577484241881407e-01 -2.390612056891567028e-01 -7.683710254684520402e-01 -5.936798018755617967e-01
-2.428399268976599579e-01 1.860612288537518699e-01 9.520556648756263174e-01 -8.092413040260996171e-01 5.023496747436854148e-01 -3.045871240598522212e-01 -5.349367081837602678e-01 -8.444086826900502052e-01 2.857787317448892694e-02
3.465732824672392298e-01 -6.845488123723526552e-01 -6.413110659886391840e-01 9.130942684547111998e-01 4.027699151937494948e-01 6.352363599460966737e-02 2.148157740833736562e-01 -6.075930536917134583e-01 7.646468886424241385e-01
-8.004291865119053107e-01 4.668331771343757763e-01 3.760051889356237909e-01 -5.434340601491153278e-01 -8.298622753824269616e-01 -1.265228286395340129e-01 2.529674675718942001e-01 -3.056065912635488324e-01 9.179390348637197494e-01
-7.791837189778466621e-01 -3.940753655572379888e-01 4.874190582453474252e-01 4.553032244106958726e-01 -8.903001237467802476e-01 8.041361681412928161e-03 4.307803453281910389e-01 2.281891669589007632e-01 8.731311460264874480e-01
1.309905643192480762e-01 -9.710697093411316816e-01 -1.996624442889931017e-01 9.797554008635331879e-01 1.575574369380789985e-01 -1.235111676903796057e-01 1.513962566844464230e-01 -1.794415605862630936e-01 9.720493299191682590e-01
-6.705559511709011655e-01 2.892073604661379305e-01 -6.831645621674896640e-01 -6.409525163413278825e-01 -6.895394289329522808e-01 3.372169149709699498e-01 -3.735432881809127581e-01 6.639988543657494580e-01 6.477429530731807494e-01
8.362031693258710208e-01 4.460924059618571191e-01 3.190075625318789521e-01 -5.450540337770991561e-01 7.403508511521981195e-01 3.934421399158061217e-01 -6.066596964264110020e-02 -5.028739231073506843e-01 8.622281934534156145e-01
2.996234534692838736e-01 9.266153150580698217e-01 -2.271780007636610976e-01 -6.284197742623696126e-01 3.708446792046873886e-01 6.837856471304478712e-01 7.178540056635279720e-01 -6.211506906867739208e-02 6.934171506008638408e-01
-5.950386473790302000e-02 7.127256331000226819e-01 6.989144883341776859e-01 9.797223017543736923e-01 -9.249415161067776892e-02 1.777330677249814028e-01 1.913204158639770780e-01 6.953179156616007273e-01 -6.927694382936085971e-01
1.150170368430044610e-01 -1.116043561877749779e-01 9.870742367804802297e-01 9.334270450768599181e-01 3.520777681725096864e-01 -6.895793411744970125e-02 -3.398308884650378392e-01 9.292931253585046125e-01 1.446694660475602578e-01
1.072378199307663926e-01 8.916331294364986115e-02 -9.902272232176863032e-01 -1.944209243170446078e-01 9.786230152410843042e-01 6.706338962619678989e-02 9.750387449554006603e-01 1.853291603212020855e-01 1.222806124062012362e-01
1.627174816547451996e-01 -9.598648128863036533e-01 2.284350282830525658e-01 4.716325558657989414e-01 2.790241723535228369e-01 8.364856504985163088e-01 -8.666520371010685286e-01 -2.837344225103765813e-02 4.981056056333789672e-01
5.037780622345378045e-01 -7.665048274596870659e-01 3.983440893150164697e-01 7.089830714213447571e-01 6.303323430172365072e-01 3.162659352259699630e-01 -4.935085292567603643e-01 1.230913759261659385e-01 8.609865531606361033e-01
-2.501919876263689613e-01 3.809655395827172830e-01 -8.900950662586644135e-01 -1.466236293910746502e-01 -9.236387235502818704e-01 -3.541087681244207142e-01 -9.570295087570479531e-01 4.191379258496084892e-02 2.869455581802748401e-01
6.829369000156528813e-01 4.207924968396514198e-01 -5.971020559338765521e-01 -5.057146699761745356e-01 8.622063004891389326e-01 2.920561534570762646e-02 5.271146584642653066e-01 2.820176767514485094e-01 8.016334366977319048e-01
8.887584526338442314e-01 -3.138612981915890887e-01 -3.340651109729758095e-01 -1.423461449934351475e-01 -8.817523649719324341e-01 4.497225165275943737e-01 -4.357131945183713717e-01 -3.521418071798556593e-01 -8.283418133588944521e-01
9.996630882924429917e-01 -2.513400347010809333e-02 -6.480106108738401330e-03 -2.284316189972269637e-02 -7.333733400030808536e-01 -6.794422228027550137e-01 1.232476612512239424e-02 6.793613368762535520e-01 -7.337003980492793342e-01
9.491085543252092416e-01 -1.556821630409197799e-01 -2.737809639430975328e-01 -2.865265078693569611e-01 -6.593351337223347930e-02 -9.558008851756650825e-01 1.307498083933682220e-01 9.856042998715528469e-01 -1.071851280719651189e-01
5.683584603531914858e-01 -5.424449374240402078e-01 6.186454157334229098e-01 -7.076743693859406381e-01 -7.058475518065017162e-01 3.124452788856950033e-02 4.197209161563929536e-01 -4.555575962178626259e-01 -7.850488068069659819e-01
9.871994115423713412e-01 -1.276360557279023755e-01 -9.563659931542807524e-02 1.409440552653728196e-01 4.175098422564129663e-01 8.976749438991694641e-01 -7.464646767093177648e-02 -8.996635865128971288e-01 4.301550138810467105e-01
9.566636228217206828e-01 -2.815314789162692843e-01 -7.439582749616191482e-02 2.289651427741572487e-01 5.694035761222276948e-01 7.895280431331292981e-01 -1.799157474042509808e-01 -7.723468093275435153e-01 6.091885832462170525e-01
-7.383103730429133038e-02 9.584960004402761635e-01 2.753804551353758456e-01 9.019847380268183334e-01 1.819716884037874405e-01 -3.915480008711163529e-01 -4.254086391897385910e-01 2.194805726242516075e-01 -8.779839223717402774e-01
-3.898194981780638835e-01 8.811373713598701363e-01 -2.676521840621163828e-01 9.157081612813715576e-01 4.016854217356199408e-01 -1.128651087657913527e-02 9.756701390783750760e-02 -2.494909913365531695e-01 -9.634494916906709561e-01
3.451933626381825659e-01 5.790405174517950782e-01 -7.386160176571460179e-01 7.625314232028208572e-01 2.857811069576999263e-01 5.804093275734912849e-01 5.471630205147501869e-01 -7.635713706361632047e-01 -3.428868485754245077e-01
1.584826756396198744e-01 9.631569094884159243e-01 -2.172832465396963009e-01 2.217295237955639875e-01 -2.491613024329955295e-01 -9.427378552107078535e-01 -9.621430557871835099e-01 1.012295069365484884e-01 -2.530480727567072097e-01
3.124855898900320561e-01 8.925648327630745227e-01 3.250857970224224625e-01 3.096030242317528158e-02 3.324719728697059784e-01 -9.426048201287700046e-01 -9.494178299278691613e-01 3.046151778404195265e-01 7.625862340945711859e-02
8.221410235707993230e-01 3.848212936042764709e-01 4.195196173609638257e-01 1.039886167100140674e-01 6.230107104850410860e-01 -7.752702897800625159e-01 -5.597057306805925947e-01 6.810067742758917353e-01 4.721856292112755482e-01
-8.627648036149517807e-01 4.292978136160882086e-01 -2.670960143238758633e-01 4.585357801941154499e-01 8.869352567741729532e-01 -5.559486102785011347e-02 2.130301197601586760e-01 -1.704383686714305846e-01 -9.620649305320271294e-01
-5.487560657808408099e-02 3.563479881994582876e-01 -9.327404671766345023e-01 6.508876699877771399e-01 7.211596749882598356e-01 2.372213401629597318e-01 7.571881594825492501e-01 -5.940916044492017267e-01 -2.715165863486118658e-01
-7.169776986601953395e-01 6.729275327077721691e-01 -1.819656982723960037e-01 4.970800056868617256e-01 3.105232169746949822e-01 -8.102387300456800334e-01 -4.887273755073269221e-01 -6.713746103655673370e-01 -5.571370432723019572e-01
2.094228402556105317e-01 4.051456755859966785e-01 8.899432878185213891e-01 2.378304321428099666e-01 8.616895044581062146e-01 -4.482498002827304262e-01 -9.484612588429943703e-01 3.055293430436917812e-01 8.410149233665777102e-02
5.284983829039109349e-01 3.415747761333309263e-01 7.771847473911309701e-01 2.348718591692439683e-01 8.209159579412047547e-01 -5.205114789972047351e-01 -8.157969533151825381e-01 4.576283014706797880e-01 3.536264535561878808e-01
-8.777225012389823222e-01 4.420556930258740524e-01 -1.849053138289952769e-01 5.892478883925725275e-02 4.825342811341337135e-01 8.738927490205040671e-01 4.755324174849006047e-01 7.561398229122571202e-01 -4.495792345373469390e-01
-5.950902762323507789e-01 5.788994205410322724e-01 -5.574432922109315847e-01 -3.933672954185270937e-02 6.718186306438955757e-01 7.396704328474354995e-01 8.026955742014876272e-01 4.620986782247040181e-01 -3.770207245501573934e-01
-5.225172576228154231e-01 6.149866945446901267e-01 -5.905650523179716282e-01 -7.177299634236873616e-02 6.584565307843343041e-01 7.491886505170096688e-01 8.496024673236128866e-01 4.338506224502342024e-01 -2.999154629511018300e-01
9.672823320066231689e-01 -1.731677554313998044e-02 -2.531106862078669750e-01 -1.502951882923780902e-01 7.646470033619852114e-01 -6.266787986087412055e-01 2.043923838208934474e-01 6.442166479797963863e-01 7.370269085329841374e-01
-7.896013847716824019e-01 -4.437990064292721831e-02 6.120131351413674592e-01 4.028740091963444736e-01 -7.897989296200811360e-01 4.625042523967081709e-01 4.628414262797848622e-01 6.117581835904594145e-01 6.415058370189602455e-01
-7.063977877004272710e-01 -3.874016982381451313e-01 5.923867737670579503e-01 6.833011232171950500e-01 -5.915862918625344191e-01 4.279313429633967436e-01 1.846665658479140493e-01 7.070683018510572904e-01 6.826072633479667306e-01
-5.857962425485315761e-01 -5.285700374162836113e-01 6.143748674561569922e-01 7.930978677977287283e-01 -5.299260161978321948e-01 3.002901754160325898e-01 1.668488367077179402e-01 6.631682538409416905e-01 7.296364387740229551e-01
-2.679370839015548511e-01 -6.530496106454313221e-01 7.083332020357240300e-01 9.633513163508641286e-01 -1.718292351585880284e-01 2.059829003336738351e-01 -1.280470051929037852e-02 7.375641802451263773e-01 6.751556262551222654e-01
-3.345930588111439286e-01 -5.743661382510029112e-01 7.470950570215497688e-01 9.396869555654665529e-01 -2.630546187272825853e-01 2.186108256842486386e-01 7.096414964971621553e-02 7.751811445055111216e-01 6.277406173473394357e-01
4.919028221935914935e-01 -8.112994886583715370e-01 3.159505550250623074e-01 8.431105033790046166e-01 3.533225114210169493e-01 -4.053737559526356948e-01 2.172470773335775651e-01 4.657857260863739191e-01 8.578154607864143522e-01
-8.507725193970020472e-01 3.602136824564461381e-01 -3.826646354316587950e-01 -3.968500409333133305e-01 -9.176979288219238029e-01 1.845417153867334736e-02 -3.445230982824012966e-01 1.675607782481268460e-01 9.237029935768192868e-01
3.415654993118564242e-01 -7.130006354319233797e-01 -6.123423091323318967e-01 8.818367601187097060e-01 1.775135346383742777e-02 4.712205618959550701e-01 -3.251106552901333879e-01 -7.009386444788699988e-01 6.348134202212052379e-01
9.414918633969053888e-03 -1.663439574758617812e-01 -9.860228431017127315e-01 -6.012335040738784331e-01 -7.888614448784582178e-01 1.273416442618715005e-01 -7.990179177503854424e-01 5.916310578354893046e-01 -1.074386267517344062e-01
6.385569393318105691e-01 -6.385180627012575494e-01 4.295808641401795969e-01 -1.550236179888437593e-01 4.400370562462633806e-01 8.844970700888569182e-01 -7.537988545340461588e-01 -6.313969217016789370e-01 1.820033355980173184e-01
6.385569393317991338e-01 -6.385180627012972954e-01 4.295808641401374639e-01 -1.550236179887490573e-01 4.400370562462803670e-01 8.844970700888650228e-01 -7.537988545340750246e-01 -6.313969217016267566e-01 1.820033355980774370e-01
-3.787256699520355485e-01 -9.237084119900189627e-01 -5.770300285305118154e-02 -8.364402598630709118e-01 3.682989378248764933e-01 -4.058615331332427467e-01 3.961496669184265129e-01 -1.054450663423618928e-01 -9.121111661329853737e-01
-4.758825775179577611e-01 -7.537146452081816550e-01 4.532659329947150706e-01 -8.784239686797049584e-01 3.817257382770972707e-01 -2.875009425824588960e-01 4.367039802729093950e-02 -5.349763493235096812e-01 -8.437376381320369489e-01
-9.263899061833186926e-03 -6.306936624995337359e-01 7.759766003283196101e-01 -8.397846675805462624e-01 4.261747549914388089e-01 3.363581280489866820e-01 -5.428405772147137931e-01 -6.485372636101273125e-01 -5.335949076202705088e-01
8.584652361669867782e-01 -4.691535095072454919e-01 -2.072014063895197544e-01 -2.141816853931615972e-01 3.914065353721073864e-02 -9.760093313502823387e-01 4.660082015747197826e-01 8.822488275751434461e-01 -6.688319899182654238e-02
5.792147190332164186e-01 -7.741170869197642190e-01 -2.554467556931018790e-01 2.978216238950903150e-01 -9.074599862789378690e-02 9.502986078457222874e-01 -7.588231609510638354e-01 -6.265045087402684176e-01 1.779873898127367071e-01
3.998529162512472479e-01 3.642820935107001779e-01 -8.410803776767326045e-01 6.821689261855422293e-02 -9.269121112597089596e-01 -3.690262776030152625e-01 -9.140372535771409401e-01 9.018034346536120405e-02 -3.954787032516767220e-01
7.553084380669887743e-01 2.681709973361818267e-01 -5.979912035912602342e-01 -6.433615097608855748e-01 1.295353547745494993e-01 -7.545240616584907301e-01 -1.248804674198503994e-01 9.546229140614368447e-01 2.703700442095065548e-01
8.415307665966317296e-01 5.246570286321989851e-01 1.286894369329413257e-01 -3.810058667176108305e-01 4.075598615071495123e-01 8.298972760619444111e-01 3.829627898347928716e-01 -7.474155213769012596e-01 5.428715686116257766e-01
3.561859300925310223e-01 -3.926314551247745976e-01 8.479222391532852399e-01 -7.985708140383294129e-01 -5.990957158606853294e-01 5.804289968233211638e-02 4.851971126977973059e-01 -6.978000169704609013e-01 -5.269334855043338317e-01
6.768190885480406260e-01 -5.385726376409001315e-01 5.018520054373836192e-01 7.270222990499579652e-01 5.960450245439536943e-01 -3.408355987870276826e-01 -1.155616634577126545e-01 5.955416380916799257e-01 7.949689674685200824e-01
9.413708431234226737e-01 1.793987716727242221e-01 -2.857219215240831001e-01 3.373425038475254545e-01 -4.890333247323051524e-01 8.043919706207603992e-01 4.579390240941180225e-03 -8.536172959960368622e-01 -5.208805440419478350e-01
4.687601978770029598e-01 8.828552318841506041e-01 -2.881868180704772603e-02 1.569410011243604561e-02 -4.094412246991989413e-02 -9.990381744742434789e-01 -8.831860348239061187e-01 4.678570490758379719e-01 -3.304859334487769695e-02
3.890342924558710669e-01 9.037094881390694834e-01 -1.787777400594967869e-01 2.642865544424724891e-02 -2.049343997943590123e-01 -9.784188356487906191e-01 -9.208440940054780643e-01 3.759136241589908778e-01 -1.036103359075914998e-01
-2.942137636425046221e-01 5.031958617334105766e-01 -8.125467285133106676e-01 9.394314985228608972e-01 -4.125137387475103293e-03 -3.427118947813560523e-01 -1.758030741096553440e-01 -8.641625471957837812e-01 -4.715043702424083216e-01
6.381615358671294258e-01 -4.954436817840812135e-01 -5.893092671254547277e-01 7.683363645885613602e-01 3.610335089021048938e-01 5.285016899695474946e-01 -4.908243056879086491e-02 -7.900571901008611730e-01 6.110650958608192518e-01
-8.927580544377905492e-01 4.494343314760214647e-01 -3.149345848191930503e-02 -2.292852663285117332e-01 -5.134005197804608622e-01 -8.269511309223879225e-01 -3.878289866437449884e-01 -7.310462967417691305e-01 5.613911195762110173e-01
-9.612491089016254042e-01 -2.515717654163078243e-01 -1.127466074041837685e-01 2.462131655014717924e-01 -5.994460879287505373e-01 -7.616058460914423289e-01 1.240130145169281994e-01 -7.598526399982030721e-01 6.381572985700201261e-01
-5.833692042866990279e-01 4.930719419630311129e-01 6.454149297457484336e-01 -8.115723299801224089e-01 -3.852836653014782287e-01 -4.392116237788956101e-01 3.210490150334177617e-02 -7.800234338150772162e-01 6.249261700383470508e-01
2.570612400732466551e-01 7.388328308799357869e-01 6.229330356193554241e-01 -7.297143472442417789e-01 5.710079242287323664e-01 -3.761208873406322040e-01 -6.335901595494637384e-01 -3.578770717466190909e-01 6.859209220020558995e-01
-4.016580186729738072e-02 6.093703261839267249e-01 7.918677376474255736e-01 -7.974123672236361760e-01 4.580023604527636572e-01 -3.928961114830407109e-01 -6.020965246197275134e-01 -6.472261145737182586e-01 4.675234022534640044e-01
-9.498746967896813942e-01 7.365671461064710046e-02 -3.038301314739477732e-01 2.774202426450586567e-01 6.466610869283233587e-01 -7.105402505301416927e-01 1.441390626078423443e-01 -7.592128338255657027e-01 -6.346808675114502529e-01
-8.067988278261063392e-03 -7.259366313882500421e-01 -6.877142682639513227e-01 4.911329121312173474e-01 5.961939620207317159e-01 -6.350915070062992385e-01 8.710472835539134762e-01 -3.428830221208135631e-01 3.517212858992839752e-01
6.174026793674061153e-01 -6.194752168411611359e-01 -4.848343915498822265e-01 7.091144983910798727e-01 7.050901882147659894e-01 2.110605323889091535e-03 3.405445047002156889e-01 -3.451061897486953911e-01 8.746034290554904889e-01
-9.330299661062152472e-02 -1.626209240651259047e-01 9.822672680486118635e-01 -5.822377956027728896e-01 -7.913802416111576088e-01 -1.863235426860757049e-01 8.076470146017395990e-01 -5.892976737130998233e-01 -2.084590034580592610e-02
6.743783935202969371e-01 5.486222245310055090e-01 4.941937242657322704e-01 -4.593685900284960044e-01 8.357232497141814376e-01 -3.009105321892202034e-01 -5.780953907861704488e-01 -2.408951302577675563e-02 8.156135203109164955e-01
1.607674342406220924e-01 1.062763982703846116e-01 9.812538709520397529e-01 -7.138053680632366893e-01 6.991295315960993628e-01 4.122856502870523437e-02 -6.816419357784515576e-01 -7.070524911354839626e-01 1.882579245803796264e-01
-9.149960330527410202e-01 -2.800146889116214011e-01 -2.904720872846053292e-01 -2.574798179011544841e-01 9.595437545443153970e-01 -1.139294803314178650e-01 3.106226052162591178e-01 -2.945432241159907927e-02 -9.500768600591942281e-01
3.461304882320194176e-01 -5.958731845574597452e-01 -7.246577351009338974e-01 -2.377494511830795243e-02 7.665836680205930787e-01 -6.417041622965481418e-01 9.378850873645904196e-01 2.393420728778052897e-01 2.511711270223351833e-01
3.917753318772174143e-01 -5.847752045270110388e-01 -7.103168655627494221e-01 5.137633454448034542e-02 7.847323651096514974e-01 -6.177018596363351710e-01 9.186253651958835587e-01 2.055068741424610768e-01 3.374823893167240296e-01
7.477609823762196850e-01 7.785425975561238027e-03 6.639223602034581839e-01 -6.258146721507276133e-01 -3.258135952187991569e-01 7.086617650836527504e-01 2.218321648378090705e-01 -9.454019718156821961e-01 -2.387584602278876311e-01
7.069062658144442679e-01 1.692289853538233094e-02 7.071047637072176428e-01 -6.222349353063117983e-01 -4.604701065792091708e-01 6.330805369234487889e-01 3.363141635980097521e-01 -8.875138852165037617e-01 -3.149791848857287357e-01
9.562416229292921566e-01 2.506184584152581496e-01 -1.509713445628442507e-01 -1.819859307087546840e-01 1.054526132269406891e-01 -9.776302303978113839e-01 -2.290918584359164789e-01 9.623253787909623602e-01 1.464472114217588161e-01
3.537718590299341881e-01 -8.691772884022023193e-01 3.455087742508134996e-01 -1.354101352894943600e-01 3.179115170188730466e-01 9.384009604681997629e-01 -9.254780208191797364e-01 -3.787652421653205370e-01 -5.227265830304861360e-03
-5.994625188470167204e-02 -9.954587365789222542e-01 -7.394829716546565124e-02 -2.300075476381834572e-01 -5.831307518281686475e-02 9.714402263094692458e-01 -9.713408129562174365e-01 7.524286698032747744e-02 -2.254673724824413639e-01
2.043388394129154184e-01 -9.787955033690913798e-01 1.431786617587261883e-02 1.406282465521084546e-01 4.382682476884419698e-02 9.890919601848762177e-01 -9.687462696594305589e-01 -2.000964068021423570e-01 1.466018178803025207e-01
7.784832619209925975e-01 1.152569989997658494e-02 -6.275595343476721988e-01 -5.556528620689570319e-01 -4.523453590905230914e-01 -6.975912649853369674e-01 -2.919138704882454638e-01 8.917683748323225190e-01 -3.457390025228432306e-01
7.335719122768730172e-01 -1.870205078389000353e-01 -6.533724658769543003e-01 1.673284382315030350e-01 9.814979334283210344e-01 -9.307524071922206044e-02 6.586907038037336237e-01 -4.105041197862664692e-02 7.512931654147581018e-01
6.700647823028997863e-01 6.911559797839630370e-01 2.707703808141466162e-01 3.798812263970788305e-01 -6.326700500534279126e-01 6.748472876113859042e-01 6.377330486562691192e-01 -3.493308165253434239e-01 -6.864871005906214574e-01
9.794057059581335878e-01 4.666152539878025418e-02 1.964361605817761536e-01 -1.998972938657488096e-01 3.608697164196647544e-01 9.109413371212996546e-01 -2.838194922482890903e-02 -9.314482002874072686e-01 3.627653720237771773e-01
5.698292390106785010e-01 7.365898506423601555e-01 3.643213283616219544e-01 -4.801655640532249691e-01 6.582320109193432467e-01 -5.798031139089596664e-01 -6.668850496644527226e-01 1.554542110453859538e-01 7.287649269842075839e-01
2.324319796992187492e-01 9.537231554031131431e-01 -1.907551248617742889e-01 -6.297598713824500427e-01 -1.887212200769874774e-03 -7.767875789599559821e-01 -7.412002962826326202e-01 3.006801976819198363e-01 6.001779232131917441e-01
-9.226586529240257128e-01 -6.834599123514409347e-02 -3.795126291264996343e-01 2.389517861302758728e-01 -8.737774084092834181e-01 -4.235741782246741916e-01 -3.026599644643694353e-01 -4.814996012829527716e-01 8.225296832788377976e-01
9.996104540563304219e-01 2.561389620674175624e-02 -1.108460474745011012e-02 -1.117333935097901410e-02 7.312160121060826690e-01 6.820544700589721288e-01 2.557531288263732022e-02 -6.816649264563843236e-01 7.312173626290390249e-01
-9.461300521614265380e-01 7.199715593876354625e-02 -3.156807468531235283e-01 -3.067703336096351263e-01 -5.112332315689087636e-01 8.028278429131890936e-01 -1.035851669596069557e-01 8.564210369183723470e-01 5.057797155972257874e-01
-1.076742941196674602e-01 6.202060189730077555e-01 -7.770139898454112570e-01 -9.941861015213658836e-01 -6.755741894921986346e-02 8.384503972608182976e-02 -4.918613422444390731e-04 7.815244648599130040e-01 6.238744015407645671e-01
-3.516257143023626686e-01 5.426866653733135593e-01 -7.627912822439347762e-01 -9.075973323368372592e-01 -3.973003138125216216e-01 1.357186169231340833e-01 -2.294045321618772559e-01 7.400294885141163181e-01 6.322419764244742169e-01
9.019089085734696143e-01 -6.206015551356448140e-02 4.274445668545162613e-01 -2.499286690435613134e-01 7.321377183473691819e-01 6.336481845339908547e-01 -3.522725947699124616e-01 -6.783235942164630439e-01 6.448109184120043302e-01
-9.211464822841572975e-01 -4.675796432436272326e-02 -3.863972708855025195e-01 -3.277023524547900135e-01 6.288118225944336892e-01 7.051289668997180460e-01 2.100007770726561862e-01 7.761503620676269977e-01 -5.945504933066428910e-01
-1.926440746505019286e-01 -1.285440083716044846e-01 9.728127766501695195e-01 6.931056998731704999e-01 6.839513539169193024e-01 2.276291595524078393e-01 -6.946169802886870137e-01 7.181134892111231682e-01 -4.266459079437916885e-02
-7.695970158748891565e-01 2.234728833554414096e-01 5.981473928399848594e-01 6.286055869009011809e-01 1.006417775562471889e-01 7.711849640179017085e-01 1.121403106533919447e-01 9.695004399251834215e-01 -2.179299146777160801e-01
1.138728837380944825e-01 5.050554300833743904e-01 -8.555419211777225419e-01 1.251149098940008697e-01 8.469973258702299113e-01 5.166640971568426943e-01 9.855857272055974505e-01 -1.658750810458800296e-01 3.326006338894029607e-02
-8.157571834151834400e-01 2.354307011039102615e-01 -5.283110851423126197e-01 1.223715363947151802e-02 9.202302693665441735e-01 3.911860214940993674e-01 5.782650514922466067e-01 3.126477831670952945e-01 -7.535654542927046062e-01
9.169820521171155869e-01 3.953617383393815965e-01 -5.322604580791349266e-02 -3.491437898766628911e-01 7.308273194369914183e-01 -5.865066437433616997e-01 -1.929832378359438161e-01 5.563996091136333977e-01 8.081936308166203231e-01
-1.103686313283857301e-01 9.517336759231083132e-01 -2.863944401216391711e-01 -6.052755233589587336e-01 1.641936297919125987e-01 7.788979347503081074e-01 7.883275372846225704e-01 2.593134436346190008e-01 5.579392725997318614e-01
-6.138669318088652016e-01 -4.783410854406978108e-01 6.279786588818008219e-01 6.261034152865544433e-01 -7.795262733708068215e-01 1.825657391556845255e-02 4.807929943313259402e-01 4.043866900678574905e-01 7.780163889648343822e-01
-6.970643756750904974e-01 6.118648289041443977e-01 3.737949803231689350e-01 -6.756803055249688272e-01 -7.349942157573440271e-01 -5.691772596416258545e-02 2.399111937579841425e-01 -2.922412256225134231e-01 9.257632986656310070e-01
-3.936142214646490278e-01 8.875247627050610877e-01 2.395154279918171036e-01 -8.883823541721042050e-01 -4.342262157796162869e-01 1.490784569458119546e-01 2.363147000429903222e-01 -1.541018790120326221e-01 9.593789519415947264e-01
-9.616407869169110167e-01 -2.062716782047648578e-01 -1.808286252461550059e-01 1.701048062590149457e-01 -9.655709521049423705e-01 1.968174060868050079e-01 -2.152007245001916480e-01 1.585078270046790250e-01 9.636202140640511837e-01
2.197779255628136141e-01 -9.706977640277737462e-01 9.717774614996406435e-02 9.127895597301948216e-01 1.694640344997837278e-01 -3.716142632604584328e-01 3.442570015015866125e-01 1.703754440127352721e-01 9.232872386178636592e-01
-9.586961264616755685e-01 2.844305588584215005e-01 9.971433521309424914e-04 -1.423847876221501219e-01 -4.768786542297832054e-01 -8.673599722109536225e-01 -2.462281652475481475e-01 -8.316766236509699484e-01 4.976803033186559255e-01
7.929624324960209414e-01 4.160283981808352016e-01 -4.451190318971789406e-01 -2.307486614591851559e-01 8.812208146474033166e-01 4.125590031340500841e-01 5.638844171324366439e-01 -2.244331698730275271e-01 7.947729967581668165e-01
-2.439390572708090982e-02 1.657211407445496887e-02 -9.995650566113650770e-01 3.664547677310385221e-01 -9.301168235403007856e-01 -2.436386206027457701e-02 -9.301160360786007164e-01 -3.668897104068259973e-01 1.661625189464744842e-02
7.355455454154936623e-01 -5.517400514109915832e-01 3.931356843233904108e-01 6.253593024895289787e-01 7.761467870469133112e-01 -8.075832927050470567e-02 -2.605733935175150173e-01 3.052524866823363991e-01 9.159270855068194495e-01
-2.921267655303786889e-02 -9.340884848124706430e-01 -3.558445195156875185e-01 9.536449045638455413e-01 8.062652895347416360e-02 -2.899323349133876015e-01 2.995129638730546495e-01 -3.478190123751971341e-01 8.884334072412635175e-01
-6.378514651790541112e-01 -4.745509120869051412e-02 7.686959884683339794e-01 -6.258743366892736137e-01 -5.496974810719605919e-01 -5.532756943666543581e-01 4.488059971108849799e-01 -8.340148041980531834e-01 3.209244199742175563e-01
-5.255898713872355632e-01 3.925014185224930952e-01 7.547833620006342281e-01 -8.475853832162280055e-01 -3.179006608380915977e-01 -4.248978559570582569e-01 7.317311837928698603e-02 -8.630653545917226221e-01 4.997638326751102089e-01
-6.392659881693794066e-01 2.933593231416931069e-01 7.108300105480034325e-01 -7.630830251987696933e-01 -3.563129681794912629e-01 -5.392080909636043362e-01 9.509623033181094365e-02 -8.871197079498170934e-01 4.516362814740539910e-01
7.209692418828467231e-02 -9.519283464884302770e-01 2.977153954272303005e-01 9.705933617700738258e-01 -1.774079498400417095e-03 -2.407184636246257059e-01 2.296748998268108022e-01 3.063156473210870701e-01 9.238074283073330895e-01
-1.038270887664695663e-01 2.655398513516095682e-01 9.584928392963845134e-01 -1.034650813798527746e-01 -9.613563187824197831e-01 2.551254696657605514e-01 9.891991268563372630e-01 -7.268160483423252716e-02 1.272889301761169212e-01
5.848732863890832023e-01 8.027190450813463940e-01 1.164704835231876595e-01 -7.942820683777251922e-01 5.959032382762249336e-01 -1.183863440837319564e-01 -1.644361113686302611e-01 -2.326940642991007224e-02 9.861132287939166075e-01
-3.225847598990219667e-01 -8.064131020772434821e-01 4.956177776059364493e-01 -5.647722764958789110e-01 -2.562077651987066385e-01 -7.844678812759301456e-01 7.595863008128522775e-01 -5.329685636602236043e-01 -3.727910430353786886e-01
7.290193850635638961e-01 -6.773162731816353421e-01 9.886051934358733306e-02 6.550593635700485695e-01 7.322534801858786579e-01 1.862849187531617490e-01 -1.985647662621603249e-01 -7.104580803263139954e-02 9.775093486817628685e-01
7.586076487919513056e-01 1.650903427074579821e-01 6.302853432684929480e-01 -1.284818939898649814e-01 -9.104671502476738842e-01 3.931182662210662149e-01 6.387541296235391686e-01 -3.792027782923196311e-01 -6.694762242412057862e-01
6.295200753742975497e-01 6.885746410083445346e-01 3.599575509153378761e-01 -7.586738904540988315e-01 4.447605246445660021e-01 4.760273139864271696e-01 1.676854276434919244e-01 -5.727591461322287802e-01 8.023892807595945920e-01
4.586945120760961836e-01 -4.366411848158225362e-01 -7.739146078954105556e-01 -4.714940722575904353e-01 6.186305959524260878e-01 -6.284819214404665511e-01 7.531883459117157953e-01 6.531773583600254396e-01 7.788872902155129230e-02
-7.958632475904472425e-01 -2.791128188394985665e-01 5.373059887012762159e-01 -4.973466423914098544e-01 8.074773291472658876e-01 -3.172170868903337326e-01 -3.453230493853222116e-01 -5.196887503810985187e-01 -7.814573528290298388e-01
-9.284405168341028913e-01 -1.758721040025214843e-01 -3.272112616254979622e-01 -1.291215821022603100e-02 8.955749280679157209e-01 -4.447233121689285196e-01 3.712566267033867717e-01 -4.086741382200181905e-01 -8.337589375106859713e-01
-2.782570728694382378e-01 -4.645022985283289163e-01 -8.407202959724664471e-01 -1.566619331131796078e-01 8.855154624840962940e-01 -4.374007366418343756e-01 9.476444692559408134e-01 9.999018125638237803e-03 -3.191707685944145667e-01
-8.608396471044721387e-01 -4.965315501701601519e-01 1.114070090194763940e-01 -4.417565530657855399e-01 8.378405617137435479e-01 3.207403014443841460e-01 -2.525989900939507038e-01 2.268911916157528574e-01 -9.405924395670528515e-01
-8.017785760123804506e-01 -4.813324300340792172e-01 3.542177393144614328e-01 -3.999792443232814687e-01 8.725889889660830567e-01 2.803659402383351096e-01 -4.440357183359647797e-01 8.311166062976499402e-02 -8.921461386506285285e-01
-3.862676611112365599e-01 -6.141678051195632593e-01 6.881825347495192924e-01 -2.708360218309222023e-01 7.887207009694543469e-01 5.518763495032680266e-01 -8.817284974743959669e-01 2.678736674015438565e-02 -4.709960655086977144e-01
-4.011082217755996826e-01 -6.264859858735134512e-01 6.683019556518657867e-01 -2.905968536117308765e-01 7.789037074361281343e-01 5.557539772356265839e-01 -8.687149492756406355e-01 2.871104397870076833e-02 -4.944795373508134584e-01
7.165591491710041616e-01 1.209351196997540956e-01 6.869626500491368137e-01 -4.696455940586913291e-01 8.118181996974067616e-01 3.469643016526636203e-01 -5.157286124703432950e-01 -5.712494266634039475e-01 6.385124045906600543e-01
-7.389746548289071182e-01 4.816297515349180491e-01 -4.711148925229499684e-01 5.990165881119964286e-01 7.897437679641795549e-01 -1.322267300072242358e-01 3.083757232454597541e-01 -3.799178376940913204e-01 -8.721048388322850675e-01
4.052456337802436415e-01 -2.168044347634039137e-01 -8.881282640300161013e-01 -5.472629539811563193e-02 9.639778774605960443e-01 -2.602915372396162330e-01 9.125683584773510715e-01 1.540859787050245233e-01 3.787829223611696716e-01
7.605864226316216836e-01 -6.316422098724214784e-01 1.501213256533403539e-01 6.376343216375490730e-01 6.832315514348166197e-01 -3.558329931214877506e-01 1.221915118911914150e-01 3.663642529388722036e-01 9.224133935445035792e-01
9.988278624354032798e-02 2.240319747777342815e-02 -9.947469656927835358e-01 -9.949796694380871331e-01 8.514545868011522134e-03 -9.971439170719921530e-02 6.235897457664073100e-03 9.997127583718407040e-01 2.314118258568692924e-02
6.968350925926422024e-01 -5.819079301916735281e-01 -4.192898931663470719e-01 2.667682878296451232e-01 -3.323729313742323499e-01 9.046341332815933667e-01 -6.657743869659178415e-01 -7.422340569320046155e-01 -7.637454019772559055e-02
9.484828718361647537e-01 -2.430531430324842923e-01 -2.032373280070669253e-01 -3.168278556825950831e-01 -7.264213409550489553e-01 -6.098623986348372661e-01 5.930404625124919291e-04 6.428352861092017090e-01 -7.660042057560196849e-01
9.804065555834362566e-01 -7.565772189981724571e-02 1.818760426388041362e-01 -1.137785067548735402e-01 -9.712055818395317619e-01 2.093183441659327015e-01 1.608024787422547286e-01 -2.259106613700791744e-01 -9.607845418769394019e-01
8.110538797648715326e-01 -2.281212560869821104e-01 5.386578660333918300e-01 4.498381960897284704e-01 -3.454253460165710998e-01 -8.236060512575603676e-01 3.739481266928459946e-01 9.102977660362735479e-01 -1.775409127279722610e-01
5.129692610441327627e-01 7.098741605580700664e-01 4.826398381773022161e-01 6.083809311494469130e-01 -6.973054664516239454e-01 3.789956847648998095e-01 6.055866410659745958e-01 9.921573780735991333e-02 -7.895701726469739334e-01
9.197939273582890207e-01 1.273591150739729061e-01 3.711587086441452410e-01 -3.852485145156916979e-01 4.728690046316869622e-01 7.924509363500623627e-01 -7.458359912385410795e-02 -8.718799001388966019e-01 4.840069487884653410e-01
7.804264683840805850e-01 3.195103653320170434e-01 -5.374454892274683759e-01 1.863384109178574666e-01 -9.393665014918486378e-01 -2.878690196800836043e-01 -5.968354246039351274e-01 1.245138639684980619e-01 -7.926435350253446810e-01
9.734445651407892530e-01 -2.170040305097920286e-01 7.290356191822902621e-02 1.435662700409785497e-01 3.306457596936520082e-01 -9.327711979382342644e-01 1.783098558812178380e-01 9.184675456101391022e-01 3.530197770047824868e-01
3.789907533540547435e-01 9.008793804506705083e-01 2.116184083461137566e-01 8.428603719488763080e-01 -4.304463973214247008e-01 3.229586543680295629e-01 3.820371739377318443e-01 5.596642664868376610e-02 -9.224507340871105354e-01
9.230345574250273799e-01 -1.288921777764579224e-01 3.624831200307480628e-01 -1.428322216200283434e-01 7.600522625263123055e-01 6.339712254477490871e-01 -3.572200474025370442e-01 -6.369516188351166397e-01 6.831445476596103017e-01
9.541115857783606380e-01 -2.980138444256744124e-01 -2.930580853913223455e-02 1.604804296420507537e-01 4.262434643806037315e-01 8.902598164438985107e-01 -2.528183410779471507e-01 -8.541102139674077165e-01 4.545092175205514007e-01
-3.535283325562084689e-01 2.175843305192214083e-02 -9.351707270178809539e-01 -3.802830001682042660e-01 -9.167308280652795016e-01 1.224313222088877079e-01 -8.546359212337711897e-01 3.989124709330003071e-01 3.323646832487345826e-01
-1.085113252554415902e-01 2.931467540555352524e-01 -9.498896108906609292e-01 -6.147466430324971531e-01 -7.707069011592645458e-01 -1.676229023306753940e-01 -7.812245881765266242e-01 5.657524662714137342e-01 2.638414101998197148e-01
7.785306577148567442e-01 4.015616139089717151e-01 -4.823259118406296175e-01 -2.290231977467637736e-01 8.972943039088423500e-01 3.773742268181453641e-01 5.843272968909800635e-01 -1.833335823235018036e-01 7.905380494957295889e-01
3.242183529027520272e-01 -6.147057896732447402e-01 -7.190405077484990359e-01 -9.408890322166453268e-01 -1.307759584299818256e-01 -3.124507605225895213e-01 9.803207993025363221e-02 7.778395983998964702e-01 -6.207699013850754843e-01
8.960408791964249442e-01 3.758391049858619826e-01 2.363381263620499273e-01 -1.642757720684260292e-01 7.752139185154778289e-01 -6.099646311477419092e-01 -4.124611660753295661e-01 5.077286161950146370e-01 7.563646202569730415e-01
-6.373705389522016374e-01 -7.315944447377928928e-01 2.419263617396435195e-01 3.325346224476288248e-01 2.207276951824390168e-02 9.428327092965156364e-01 -6.951111572614796508e-01 6.813826834273053468e-01 2.292119494616537967e-01
-9.744789528490317432e-01 2.009969431190230804e-01 -9.995498642420309887e-02 -1.361586655312690963e-01 -1.752314788864361428e-01 9.750665344518889555e-01 1.784701326693024781e-01 9.637915530155266586e-01 1.981268636023924001e-01
-5.431103600264644560e-02 5.620306439666274967e-01 -8.253313677613236532e-01 -9.332138349225574947e-01 2.654492746857547436e-01 2.421747734136249497e-01 3.551932568017768799e-01 7.833634136282247029e-01 5.100779474857567442e-01
-2.646523503637015495e-01 -9.107219189117238267e-01 -3.170878740360727477e-01 8.936951879337602378e-01 -3.551623850601123289e-01 2.741689101675350848e-01 -3.623093215900055064e-01 -2.108204607056913815e-01 9.079023564441446315e-01
-3.565709120421662881e-01 -8.382484148599195217e-01 -4.125491239479853189e-01 8.334863913941465974e-01 -4.849093713382396365e-01 2.648836290696677254e-01 -4.220872185297510071e-01 -2.494042833898124090e-01 8.715732231893273951e-01
-9.755207439523118085e-01 1.798388759302900208e-01 -1.265593016054445685e-01 -1.381438594092057048e-01 -9.489369468476536174e-01 -2.836105516636909796e-01 -1.711010000738096837e-01 -2.591845859837798582e-01 9.505513127454822131e-01
4.494893819579573457e-01 8.040456974230760778e-01 -3.891912280132909796e-01 -8.546406913555532059e-01 2.603196258729840729e-01 -4.492471269408987999e-01 -2.599011046270408576e-01 5.345504736138482205e-01 8.041810784722897010e-01
1.930982928430799717e-01 -1.562636392665651408e-01 -9.686561435020465405e-01 8.227903823654917348e-01 5.636247781810617141e-01 7.309648491683631844e-02 5.345362812643651429e-01 -8.111157651430022097e-01 2.374072019727831995e-01
1.631586798996984347e-02 8.465926732271964461e-01 -5.319912011394206663e-01 9.685049214918135529e-01 -1.455947607078721118e-01 -2.019910460900530558e-01 -2.484592713059232127e-01 -5.119404372507091461e-01 -8.223046754151911442e-01
-1.421399382263642819e-01 9.501057341293619452e-01 -2.776604615992560032e-01 8.297501061390021304e-01 -3.858584222453569079e-02 -5.567996894235286431e-01 -5.397323404460030449e-01 -3.095322709417063223e-01 -7.828657445069048260e-01
2.431259619540969419e-01 9.526931495197237254e-01 1.823884028168591132e-01 6.105313778835490535e-01 -4.185899407608714012e-03 -7.919810066319549202e-01 -7.537514200606921788e-01 3.039049869685248040e-01 -5.826667620966127226e-01
1.626727953738145993e-01 9.773085393276644828e-01 -1.356671684767413455e-01 9.860515131251000875e-01 -1.561179357211624208e-01 5.770271752581061092e-02 3.521328029266271309e-02 -1.431614791184779023e-01 -9.890727050058756298e-01
4.599130210078687941e-01 -2.059442984059833143e-02 -8.877251165574602254e-01 8.063523385951153477e-01 4.283459783672226018e-01 4.078181320868596305e-01 3.718547016639752734e-01 -9.033800929155830772e-01 2.136082596114400600e-01
-4.962162532087803224e-01 4.184488652287436383e-01 7.607036066959432796e-01 4.681482138730166248e-02 8.878071976170902602e-01 -4.578283000839551975e-01 -8.669358699176744620e-01 -1.915696402044586855e-01 -4.601339700587425141e-01
-9.594831434606930776e-01 -2.148996936784256795e-01 -1.822367116464349290e-01 -3.970720178936341244e-02 7.434370324360308757e-01 -6.676261805297689644e-01 2.789541817948708591e-01 -6.333399564685835426e-01 -7.218483663481735091e-01
-3.278052205383232831e-01 -8.648385176620093651e-02 -9.407785503355735601e-01 4.561405474262620330e-01 8.575550832634273313e-01 -2.377710667064572847e-01 8.273327857528017804e-01 -5.070698399162963943e-01 -2.416622417047613880e-01
3.300952214532487661e-01 -8.380773223235088443e-02 -9.402198725786439226e-01 1.966212357257133767e-02 9.964452326582379227e-01 -8.191641599391212558e-02 9.437428387385770057e-01 8.553498158138420418e-03 3.305696477278445289e-01
-5.854542515277680881e-01 8.085887441556354194e-01 -5.854538575219348645e-02 7.615647613967180263e-01 5.732911782516769694e-01 3.022521118827194986e-01 2.779612087447108082e-01 1.323686812037368765e-01 -9.514284516817663739e-01
-3.222508629172630146e-01 1.360241317295476648e-01 9.368307301408842491e-01 2.848189755008439517e-01 9.577005742484718809e-01 -4.108237187404384372e-02 -9.027915221930971068e-01 2.535883389893355822e-01 -3.473620903105300584e-01
2.408308648871297641e-02 -5.534062790590076331e-01 -8.325632079567539812e-01 5.573082963793084543e-01 6.988240532257641302e-01 -4.483886767302535103e-01 8.299563047124652870e-01 -4.531957997722161346e-01 3.252477507022166203e-01
9.613975606756497427e-01 -2.302917043375084238e-01 -1.506003361225864423e-01 2.731689702608693371e-01 7.330169819762422101e-01 6.229484872933379602e-01 -3.306726498406932502e-02 -6.400404948499487379e-01 7.676292861392837175e-01
-5.233708796457006152e-01 -7.501080107395736718e-01 4.042535028459313118e-01 4.308671614635329328e-01 -6.422631547815715880e-01 -6.339176044111577424e-01 7.351438032869782591e-01 -1.575944549606463074e-01 6.593387416604713502e-01
-1.417950372548328342e-01 -9.622200142925715349e-01 2.324366827863114104e-01 5.794989527152013542e-01 -2.710559091105875784e-01 -7.685763839321487767e-01 8.025429154954178967e-01 2.571649725441924744e-02 5.960398732946297073e-01
-6.776991339338924725e-01 -6.099639004749145554e-01 4.106920062317754305e-01 -8.345486501905378940e-02 -4.910987860932556903e-01 -8.670970348250433002e-01 7.305882351707448930e-01 -6.219051554820551608e-01 2.819127670307556288e-01
1.697652526793297922e-01 6.458835286543234133e-01 7.443213193210060918e-01 -8.974039795372563688e-01 -2.107948139277356081e-01 3.875972702843337725e-01 4.072417666367473821e-01 -7.337574625407302653e-01 5.438328140820212209e-01
-7.202607273016113920e-01 -2.094878353428667739e-01 6.613163626815182772e-01 3.053266380210581388e-01 -9.517411869348486597e-01 3.105410128474482903e-02 6.228965635012858604e-01 2.242845512629108862e-01 7.494640159761395415e-01
-5.691994140930809465e-01 8.101332087121295711e-01 1.403431905647087308e-01 -6.153324500134458308e-01 -5.329477621675949850e-01 5.808034596668678606e-01 5.453237597579474460e-01 2.442352696527294864e-01 8.018548061221025813e-01
-1.017087886408137160e-01 9.837461489032858220e-01 1.479825558340328862e-01 -7.714794768496532340e-01 -1.719129842099074990e-01 6.125890487593048661e-01 6.280722403617310379e-01 -5.185981467377703130e-02 7.764250256843850950e-01
-5.829848004171805237e-02 9.883217669865890231e-01 1.407883948531704899e-01 -8.021588131889411111e-01 -1.303260767333773995e-01 5.827146404086614995e-01 5.942579622084465107e-01 -7.896327389231388993e-02 8.003888278381154908e-01
-2.568639202778777442e-01 -1.317724094118725708e-01 9.574220378585768243e-01 1.706891013989640937e-01 -9.812734689241797703e-01 -8.926146900606744816e-02 9.512550431525157446e-01 1.404934564429848320e-01 2.745458642442260566e-01
1.723106154476521656e-01 -7.839593080114000134e-01 5.964200325159599858e-01 9.850311542192794478e-01 1.342070091616778538e-01 -1.081762631509868705e-01 4.762039635029342508e-03 6.061322315090696966e-01 7.953496343774542066e-01
-2.732347218055665716e-01 7.581662936476826209e-01 5.920529182230003240e-01 5.351423426720680609e-01 -3.916393988190898789e-01 7.484926548551250614e-01 7.993531509159680359e-01 5.213467679665406695e-01 -2.987174043331861095e-01
-2.475781692527949662e-01 8.553049652307849193e-01 4.551466429196210361e-01 2.660325189589652362e-01 -3.917033711641140226e-01 8.807923523027526569e-01 9.316285466674915083e-01 3.391487659866018189e-01 -1.305617308554961609e-01
7.185449936833386841e-01 -5.654446564864078484e-01 -4.049264532030218411e-01 4.699224639849939877e-01 8.239438090680114568e-01 -3.166851391220759093e-01 5.127045639497301854e-01 3.726848466821092165e-02 8.577558453054415777e-01
-2.945863965036374030e-02 -9.959810552058862010e-01 8.458088567117169609e-02 9.989795603937280388e-01 -2.643763413507236454e-02 3.661815692923844900e-02 -3.423487206788280307e-02 8.557329707513829098e-02 9.957435334272505267e-01
-3.857591150538512981e-01 6.799084860014228404e-01 -6.236299830958441648e-01 -4.780820290565350184e-01 -7.254290901077254938e-01 -4.951668493736872678e-01 -7.890674740768727213e-01 1.071311620805565495e-01 6.048929123945938624e-01
1.372163985286218579e-01 8.994529427319188919e-01 -4.149169360073485802e-01 -9.688663076587511469e-01 3.472412146125959664e-02 -2.451373355334564019e-01 -2.060818717367761954e-01 4.356359021013250787e-01 8.762143704264567790e-01
8.414443333768524269e-01 3.816379720638803374e-01 3.825230608825481715e-01 -5.162527131077147002e-01 7.768305813503645352e-01 3.605792341327753170e-01 -1.595448840825314518e-01 -5.008859213012719636e-01 8.506813291740142891e-01
6.776465837198429876e-01 7.352635883051454879e-01 -1.351159818332816481e-02 -6.733259049549155106e-01 6.277404947555932369e-01 3.906073437105957447e-01 2.956811344835348354e-01 -2.555960229671909167e-01 9.204582227096920199e-01
7.297703085022667624e-01 6.717841842326880419e-01 1.270484421129522423e-01 -6.817354810430710232e-01 7.009573580953177840e-01 2.095125676874895482e-01 5.169168903681511940e-02 -2.395094819560475985e-01 9.695169814591526602e-01
7.570883039179300278e-01 6.234158633705200181e-01 1.953713422400078503e-01 1.801661243911865939e-01 -4.866813922445855090e-01 8.547990348992747789e-01 6.279788751960787563e-01 -6.119590539740887847e-01 -4.807792097903218487e-01
7.619713597289180518e-01 6.459363703698031145e-01 4.653871921689192726e-02 1.876580678708371919e-01 -2.890045124678485289e-01 9.387549421101364366e-01 6.198258598314921874e-01 -7.065710135624766464e-01 -3.414283325640184441e-01
8.112869507325900509e-01 5.845228212363355880e-01 1.210599128250767868e-02 1.400010424056975789e-01 -2.143347903614731265e-01 9.666748707637032867e-01 5.676382577807235208e-01 -7.825558568527993808e-01 -2.557208227912742271e-01
8.168303404243626442e-01 5.754767278623066362e-01 4.018371126605157356e-02 -9.842468474705516265e-03 -5.574448177910078239e-02 9.983965537628343156e-01 5.767940020289262781e-01 -8.159161037999389521e-01 -3.986967247649126495e-02
7.999574531417613654e-01 -5.089423044304141053e-01 -3.178770264174606841e-01 -2.773613803869275918e-01 1.561429944378043555e-01 -9.479926318056772772e-01 5.321078253820415993e-01 8.465205821768634342e-01 -1.625318793772949008e-02
5.101933738446604583e-01 -8.598230307332811462e-01 2.017615190361210509e-02 -3.925199982252486897e-01 -2.536548922132374484e-01 -8.840742314135968671e-01 7.652651646836237109e-01 4.431292717446300156e-01 -4.669107797479306599e-01
2.917414590661218110e-01 -9.180385282592002927e-01 2.684998728000676516e-01 -9.554611667848507128e-01 -2.927697473869361744e-01 3.714611394373865116e-02 4.450707615764178116e-02 -2.673782632277192928e-01 -9.625632366370669990e-01
5.691637267895245378e-01 -1.237747448497261843e-01 8.128545162847071737e-01 -8.137749431740639583e-01 5.656276930792633606e-02 5.784211225312125837e-01 -1.175712293425108940e-01 -9.906969595520136451e-01 -6.853130937963457237e-02
-3.926734029354278510e-01 -9.193045618479882553e-01 -2.620536572135564665e-02 -1.977310618350583415e-01 1.122183313924567244e-01 -9.738118264249379097e-01 8.981703768287461198e-01 -3.772083889111851329e-01 -2.258402212236270690e-01
1.318372042750289019e-01 -9.047222096632304700e-01 -4.050884778798651831e-01 -8.618458922365526687e-02 3.966464071550498405e-01 -9.139167600341620012e-01 9.875176799173237541e-01 1.554006146483082884e-01 -2.568035859628676337e-02
-3.355928130094391060e-01 -2.675910484607397222e-01 9.032012481391362702e-01 -3.553414345000272534e-01 9.239333032180023775e-01 1.417029150445885399e-01 -8.724161442705393732e-01 -2.733903472845246596e-01 -4.051515632794380761e-01
-7.804386677289318897e-01 -5.550861832945730434e-01 -2.877408817477175584e-01 -6.251687864786660276e-01 6.993710763525533558e-01 3.464737882932328317e-01 8.914837423231184582e-03 4.502881596010884224e-01 -8.928387866780778115e-01
7.274638179466548227e-01 -6.817621621016466404e-01 -7.743867189566605580e-02 6.846995572839268407e-01 7.139676887267721872e-01 1.464126214140894777e-01 -4.452987574281992711e-02 -1.595321089330894726e-01 9.861879112956566384e-01
5.498306087172708523e-01 -8.061060237979952303e-01 -2.188135738801002261e-01 -8.325173683985259698e-01 -5.501502657086635439e-01 -6.518831532936157636e-02 -6.783165214255787445e-02 2.180086317953336406e-01 -9.735867210630687607e-01
6.484736561430858304e-01 2.915717905898382867e-01 -7.031840500328876420e-01 -7.553066243450248241e-01 3.615260662502522981e-01 -5.466358995182644120e-01 9.483575543508315775e-02 8.855985514632767064e-01 4.546662348769736628e-01
-5.885399694094730627e-01 -7.962750792456383397e-01 -1.398810300928945149e-01 -6.682870836143701698e-01 3.817838507667602466e-01 6.384617961694377675e-01 -4.549868990220457543e-01 4.692409716404327136e-01 -7.568354063151685462e-01
2.559380232555994849e-03 9.874115715191265907e-02 -9.951098599939239842e-01 -2.445876146376162463e-01 9.649503538096027011e-01 9.511946934568028811e-02 9.696238179514292677e-01 2.431481000687115701e-01 2.662053895528251890e-02
-5.417073381698593870e-01 -2.545029028025497242e-01 -8.011126214447014116e-01 -2.438882042183554422e-01 9.596518577385719784e-01 -1.399530484914635053e-01 8.044076725243685111e-01 1.195683252537392688e-01 -5.819207093581948431e-01
9.908279761804777985e-01 -1.113631968460421645e-01 7.653861774508576021e-02 1.339206717200714103e-01 7.336752438124859443e-01 -6.661725679602353845e-01 1.803261778399258691e-02 6.703125203999394932e-01 7.418597911269605438e-01
-9.333067955074830779e-01 -2.487958063185922997e-01 2.589190456838483256e-01 2.534435244376097573e-01 5.437710242839898650e-02 9.658206410364889027e-01 -2.543713926136267345e-01 9.670283230028857702e-01 1.230516680224976074e-02
-4.878016487432725867e-01 8.506430490890910523e-01 -1.961018983073830602e-01 -3.858627133692845157e-01 -8.602089533508015806e-03 9.225161085243722692e-01 7.830450293020434493e-01 5.256732893081709213e-01 3.324275484873207009e-01
-5.669831017304541865e-01 4.124134097525650744e-01 7.130535336202863395e-01 7.212148490603325079e-01 -1.696762894723555237e-01 6.716093345731395381e-01 3.979689734728013017e-01 8.950559402892966920e-01 -2.012350861700023530e-01
-4.526019282401332888e-01 -1.872600623851672086e-01 8.718286320079289275e-01 8.808663436220041110e-01 5.813815466379666091e-02 4.697812678750510340e-01 -1.386577773776682398e-01 9.805884070331407631e-01 1.386376455544932884e-01
2.764642102767850829e-01 2.022340194980065120e-01 -9.395046257436489023e-01 -5.315373177160979123e-01 8.466409085486144015e-01 2.583121846047274281e-02 8.006470010630213352e-01 4.922403613374839448e-01 3.415608384448278190e-01
-2.344952467659964235e-01 -9.454393707565381666e-01 -2.261777519289541183e-01 4.824887168090388756e-01 -3.151772483761905441e-01 8.172318766775926724e-01 -8.439292727451285225e-01 8.250877728759625773e-02 5.300713954500698710e-01
-2.024798264998836361e-01 -1.200869739544052767e-01 -9.718955903527144446e-01 -4.049073705529679934e-01 -8.933787774539243554e-01 1.947418323494283510e-01 -8.916568516713470061e-01 4.329589803681236360e-01 1.322670789960075921e-01
6.453476956584540680e-01 5.579697934906454604e-01 -5.217241237093891426e-01 -4.914840030960344053e-01 8.261333610820080775e-01 2.755850946768385046e-01 5.847818622435384528e-01 7.857085502494652596e-02 8.073764885922973811e-01
7.077144396357967771e-02 -9.867135637418004146e-01 -1.462454985538566565e-01 -8.986188963885186620e-01 -1.267082337321600860e-01 4.200346444734731621e-01 -4.329843897564790156e-01 1.016925102081388671e-01 -8.956467783645386538e-01
7.839444919075133633e-01 -5.214291849704748572e-01 3.369608859628925313e-01 6.031662504152057735e-01 7.682432227321815965e-01 -2.144593786387838097e-01 -1.470425379539282429e-01 3.713676827446059092e-01 9.167685292618684700e-01
6.550930975541295886e-01 2.322052001788575681e-01 -7.189810696720970729e-01 -1.418856350243521969e-01 -8.968633720539063159e-01 -4.189326418910715999e-01 -7.421061245608154833e-01 3.764529676838707095e-01 -5.545824221983008950e-01
6.234638216949944800e-01 2.905033856053582664e-01 -7.258792227287520493e-01 -3.652908563182060697e-01 -7.126180107237475303e-01 -5.989475445165802769e-01 -6.912708972087457937e-01 6.385791679533195930e-01 -3.381733178833928322e-01
5.368368122679596510e-01 -1.677801993937723113e-01 -8.268349543200032015e-01 -3.427150088836877773e-01 -9.388944442127480361e-01 -3.199445752452566988e-02 -7.709427084289920407e-01 3.005445513028324189e-01 -5.615338930130125972e-01
6.303202873510578286e-01 -3.065979966920463484e-01 -7.132278764729433895e-01 7.292123807903044819e-01 -8.138226416299375321e-02 6.794308138301063948e-01 -2.663562258626894774e-01 -9.483536236574038325e-01 1.722781629808470827e-01
7.150608700290871367e-01 6.516388510730674044e-01 -2.530904184780966570e-01 5.859331820344546582e-01 -7.561455060299829833e-01 -2.914211383919155796e-01 -3.812745183515739433e-01 6.008977852208719633e-02 -9.225068889569019159e-01
7.281031690899880671e-01 6.274544062965852209e-01 -2.759832298892749836e-01 -3.121179972804061786e-01 6.619339164767070738e-01 6.814879646710395589e-01 6.102852865134344995e-01 -4.100542137776512774e-01 6.777959949928942240e-01
7.368083745474179880e-01 -2.430668097830282134e-02 6.756645650443804385e-01 -2.821007407273914969e-01 -9.192585615737055571e-01 2.745594089709897934e-01 6.144368082055716718e-01 -3.929031461228847943e-01 -6.841743392505225119e-01
7.078573424452554441e-01 -5.374049659567475823e-01 4.584036270704755500e-01 5.523579483247023081e-01 8.256380735154948969e-01 1.149889928825711671e-01 -4.402711433524415519e-01 1.718070840409365585e-01 8.812738769556740515e-01
7.980364863449995738e-01 -2.210745675162359425e-01 -5.605923671078983928e-01 5.985976368296122008e-01 1.836593048366022274e-01 7.797115677793553523e-01 -6.941639319448543455e-02 -9.578075460886940062e-01 2.789015399947147311e-01
-3.425077307999996878e-01 7.399501536247016231e-01 -5.789319687951386406e-01 5.876617993683840302e-01 -3.120488033734972744e-01 -7.465113220014025774e-01 -7.330361954947028913e-01 -5.959021014092408253e-01 -3.279613111796924052e-01
6.076770894416785307e-01 7.941391385501114231e-01 -8.460708633309879309e-03 -9.155516346044238751e-02 5.946796494575103120e-02 -9.940227427926099368e-01 -7.888892235361201211e-01 6.048194687409609305e-01 1.088448584935442082e-01
3.190371990213977105e-01 8.675575437121448852e-01 -3.815221802054652445e-01 8.958827278754301071e-01 -1.447265844016031311e-01 4.200575599390205528e-01 3.092077029038236557e-01 -4.758131188981614690e-01 -8.234029829611650975e-01
3.873614041870276914e-01 5.529816491238941367e-01 7.376736665209574495e-01 9.206866551911724317e-01 -1.905231026663326832e-01 -3.406420853378010483e-01 -4.782494641027704857e-02 8.111178971534364068e-01 -5.829241214928763126e-01
8.955058560108311028e-01 4.051946314700884955e-01 -1.840830586396476343e-01 -4.358996426603332086e-01 7.151069265201955849e-01 -5.464554740977839442e-01 -8.978175415362847633e-02 5.695958165845841359e-01 8.170066354384390994e-01
4.274512584567307094e-01 -3.319951794560328517e-01 8.408713471522943905e-01 2.236668943831514669e-02 -9.259594936754698136e-01 -3.769598748883462580e-01 9.037616681666289509e-01 1.799394811880484224e-01 -3.883769177776254522e-01
5.372654750172780602e-01 -7.766391093079214603e-01 3.289034862202856457e-01 8.380934116442271264e-01 4.478785845479008598e-01 -3.114549836844949793e-01 9.457929325702785217e-02 4.429858546237878669e-01 8.915258212134034022e-01
5.468536726692164729e-01 6.006233639620028875e-01 -5.832689219829538807e-01 4.115366261716201235e-01 4.138543361201235671e-01 8.120112029977494261e-01 7.291012728060964898e-01 -6.840878329114906675e-01 -2.086074914740178310e-02
8.796100255840962889e-01 -2.457355378814907454e-01 4.073085419114605976e-01 -2.363078188483140954e-02 8.326084080968141343e-01 5.533577729769419973e-01 -4.751081866685282762e-01 -4.963640641591449132e-01 7.265637802505430232e-01
-7.808591397446424942e-01 2.535626132252318254e-01 -5.709334506329510894e-01 6.223407187945809715e-01 2.362696106151520592e-01 -7.462363572153321023e-01 -5.432341675098471823e-02 -9.380206139921211106e-01 -3.422956238667724804e-01
-7.278734729618759891e-01 1.163054158198748578e-01 -6.757760410146124164e-01 6.680423433569373515e-01 3.425538460928417850e-01 -6.605878367099820014e-01 1.546597389128433753e-01 -9.322713729263426563e-01 -3.270328001614567492e-01
-5.880283808388404587e-01 -4.373448403340622626e-02 -8.076570548409661709e-01 7.607359288633485095e-01 3.093185905663697333e-01 -5.706162073289310355e-01 2.747789472730225446e-01 -9.499522642935100958e-01 -1.486177166395818983e-01
-2.883498443782385179e-01 -9.018459125174579927e-02 -9.532686435353895371e-01 8.228685212337282229e-01 4.857418987461272208e-01 -2.948596353608354814e-01 4.896343166176808093e-01 -8.694374890141689516e-01 -6.585353967004350939e-02
-3.486904420550439587e-01 -5.743293655113624815e-03 -9.372203530640216274e-01 8.485621775695936231e-01 4.226467603254561167e-01 -3.182953766311199528e-01 3.979412097506461743e-01 -9.062762992401313111e-01 -1.424993439206106438e-01
1.144689946749648246e-01 -3.191957475311945069e-01 -9.407501921424757940e-01 9.001766709979459602e-01 4.338912998612270422e-01 -3.768687962396398416e-02 4.202128154270871052e-01 -8.425273969805001650e-01 3.369996663026599837e-01
1.144689946749346959e-01 -3.191957475311714698e-01 -9.407501921424874514e-01 9.001766709979499570e-01 4.338912998612167726e-01 -3.768687962397792440e-02 4.202128154270860505e-01 -8.425273969805140428e-01 3.369996663026261774e-01
-4.342159443515901662e-01 4.441693564828060325e-01 -7.836900512527306129e-01 2.849955670091516291e-01 -7.575595256291968171e-01 -5.872657762151636263e-01 -8.545373253732039265e-01 -4.783483541208398138e-01 2.023581272247173268e-01
4.359243056471356903e-01 5.982362696979492966e-01 6.723714489506119607e-01 -3.438130722591814514e-01 8.011261016493277376e-01 -4.898872733597534612e-01 -8.317226527453522866e-01 -1.761632407834835823e-02 5.549117894190039868e-01
-3.238246010581449230e-01 7.702868556550444001e-01 5.493594340271205079e-01 -6.584016629323590220e-01 2.335160258522001320e-01 -7.155260413975856881e-01 -6.794445363658742076e-01 -5.934040998133224276e-01 4.315399127859473882e-01
-9.515330044415188926e-01 -3.070519185830790088e-01 -1.743733789737028292e-02 -9.328311171639042110e-02 3.421759016953716537e-01 -9.349940713007048876e-01 2.930583602748850769e-01 -8.880511086606502902e-01 -3.542344222115996755e-01
-3.552463920528022845e-01 -7.018525623200786434e-01 -6.174163762795792376e-01 6.593586283504524470e-01 2.800472429353370596e-01 -6.977246885012216016e-01 6.626056143387838437e-01 -6.549629932210345729e-01 3.632867701385045223e-01
8.055839293173254756e-01 1.459811024076036468e-01 -5.742160312683020074e-01 1.211076516810121045e-01 9.081355291940621521e-01 4.007777405492118361e-01 5.799719558133560326e-01 -3.924020621190483782e-01 7.138999594584309882e-01
-7.130834679392318298e-01 2.321631630625121956e-01 -6.615226628533360520e-01 -1.198117855346038235e-01 -9.700519454961461507e-01 -2.112921178987800797e-01 -6.907655925122274665e-01 -7.141070477142340278e-02 7.195438884774719712e-01
6.795725843944283584e-01 -3.986704288514429373e-01 6.158270793809609289e-01 4.703334849470117152e-01 8.809955666162955223e-01 5.131495435086375762e-02 -5.629986815944391099e-01 2.547718602236887508e-01 7.862084861924887313e-01
-7.447812532057361823e-01 -2.365648315399568324e-01 6.239695227747630302e-01 6.247107313442432086e-02 -9.556648436075009245e-01 -2.877534912283155055e-01 6.643780925758516753e-01 -1.753333601204365710e-01 7.265397187588241712e-01
5.486004419952177358e-01 -5.813948484733899580e-01 -6.008473892855454856e-01 4.539093270571087357e-01 8.106236186545364708e-01 -3.699400920284087180e-01 7.021423487108683359e-01 -6.978093613608597756e-02 7.086090199106677145e-01
-8.073362054354430439e-01 -8.278397737186571348e-02 -5.842559922530485839e-01 4.188043843014708778e-01 -7.778938738161101929e-01 -4.684912045804396907e-01 -4.157055918350941459e-01 -6.229188824958351578e-01 6.626921809914270156e-01
2.881859579357672896e-01 -9.340976011842394566e-01 -2.107380485590906738e-01 8.705634919944089667e-01 1.639142003481675602e-01 4.639518739381509604e-01 -3.988333737980627736e-01 -3.171652666766496820e-01 8.604290403971641688e-01
-9.421022773755991508e-01 2.739445168871698644e-01 1.933848510901637341e-01 -2.127827692093954559e-01 -9.341105393922486400e-01 2.866373899614344523e-01 2.591655688769070043e-01 2.288927737255534167e-01 9.383183393949690032e-01
6.150562899996786514e-01 -5.459643914293826894e-01 5.688836818040884369e-01 7.868919527924796986e-01 3.792058701023188760e-01 -4.868305277099837514e-01 5.006810124489636388e-02 7.470781695184831595e-01 6.628479417382571182e-01
-2.826901698743879421e-01 7.913035225643837156e-02 9.559417635024434201e-01 -8.614639173487742552e-01 -4.592442963997414584e-01 -2.167362344657927098e-01 4.218603879987954386e-01 -8.847785392831803986e-01 1.979917913991064982e-01
-1.113402072912698798e-01 -9.911454631189732245e-01 -7.234659065231535680e-02 -1.823490329223394213e-01 9.193881227731158512e-02 -9.789259854500366176e-01 9.769095088249605263e-01 -9.580149130213980180e-02 -1.909709031021777637e-01
-3.044696323713111941e-01 9.665694687942849583e-02 9.476052329866200274e-01 -5.785345922144851105e-01 7.715520285240449194e-01 -2.645849445672436295e-01 -7.567007126829590202e-01 -6.287804878495986127e-01 -1.789947751324679204e-01
-4.612250123404039170e-01 -2.824261155432340464e-01 -8.411343395978757576e-01 -4.660553782779075505e-01 8.837959847284920789e-01 -4.119516665863583171e-02 7.550257428524087544e-01 3.730149415733312046e-01 -5.392550240778597459e-01
-9.833591198702000824e-01 -1.545007120421074132e-01 9.557390515505582995e-02 -8.764095882324199338e-02 8.642490629708344807e-01 4.953711936422812157e-01 -1.591348601176012234e-01 4.787515923028535791e-01 -8.634077884538881031e-01
3.110634934215946723e-01 7.388417458308406127e-01 -5.977895764213265739e-01 -3.660585646783223179e-01 6.736081961531806828e-01 6.420694084761434661e-01 8.770636409554325441e-01 1.910164110472710799e-02 4.799942676960903820e-01
-4.387131963745535268e-01 8.985844634795592256e-01 -8.757472236663696105e-03 8.433995350014755754e-01 4.150950789687907205e-01 3.411353100679978545e-01 3.101740732010296320e-01 1.422745142639653959e-01 -9.399734075519557974e-01
7.198001557735561606e-01 -6.911049426645892169e-01 6.528165111989295277e-02 6.887628443105204834e-01 7.227436559758215751e-01 5.698554241196072956e-02 -8.656488921985813767e-02 3.945373401654640386e-03 9.962384021824671754e-01
2.555015041538900578e-01 -4.804664894684271270e-01 -8.389701626833852011e-01 2.369085604583258953e-01 8.724305188998596750e-01 -4.274802026687153367e-01 9.373330866648547088e-01 -8.953737873094153032e-02 3.367339342171032368e-01
-1.147243912409066369e-01 -9.051429936033772439e-01 4.093341852143800308e-01 -9.841005979974234430e-01 4.731252860330244919e-02 -1.711944440052760863e-01 1.355888161889365062e-01 -4.224661948225905128e-01 -8.961796623203429624e-01
-1.165397866635452806e-01 -4.312492017661869737e-01 8.946745800012663175e-01 -8.419530923740308204e-01 5.207142087866296620e-01 1.413212758558365367e-01 -5.268144534522780642e-01 -7.368044779612440420e-01 -4.237755218155440096e-01
-6.954686070055737801e-01 -7.132194836753682488e-01 -8.741501458884737286e-02 -7.014675126847973452e-01 7.002596900361932608e-01 -1.325884427777131447e-01 1.557778717197375040e-01 -3.089230674871043525e-02 -9.873089283837215291e-01
2.297161320337739177e-01 -7.658429480707150683e-01 -6.005956023596893401e-01 -2.444407489220727647e-01 5.519186584929351991e-01 -7.972669030342193208e-01 9.420611545700513512e-01 3.299551080036725592e-01 -6.041860435682735314e-02
5.033139309742830081e-01 -5.376617882946621574e-01 -6.764576027327954266e-01 2.760661602611097498e-01 8.418688743605657887e-01 -4.637286637049313209e-01 8.188177831763926440e-01 4.665404366890237714e-02 5.721545579329403441e-01
5.254742092025617428e-02 -2.438567965007239768e-01 9.683866125443050255e-01 -5.571897840077143504e-01 -8.119039252169188980e-01 -1.742169934730717629e-01 8.287208897765676596e-01 -5.304204737920323875e-01 -1.785379730762331196e-01
8.905222117771537105e-02 -7.893465509677333181e-02 9.928942653314445366e-01 -8.317239178567091828e-01 -5.543495869171956025e-01 3.052638121069839797e-02 5.480009364667196570e-01 -8.285323504302581910e-01 -1.150179026156814555e-01
3.807949132219606847e-02 -4.839661046497686359e-01 8.742578349038526708e-01 -7.252769233064332299e-01 -6.152261145983527468e-01 -3.089825439007342633e-01 6.874033291014799429e-01 -6.223131345764316702e-01 -3.744369448570195602e-01
3.925504942144135700e-01 -2.338225559354661920e-01 8.895117322597976273e-01 -9.175734206207878385e-01 -3.336512194154794136e-02 3.961638378349196521e-01 -6.295337371647870273e-02 -9.717066331839212534e-01 -2.276468575756799562e-01
8.086910871092353181e-01 5.292129860728538304e-01 2.568118786231210482e-01 -3.796365324213138437e-01 8.030360568973800017e-01 -4.593573713067296005e-01 -4.493270845177306794e-01 2.739830408885949309e-01 8.503166847852833277e-01
-3.026249770387010596e-01 -7.648306440115142379e-01 -5.687285901493421836e-01 -9.199457016274779075e-01 7.835679589588120941e-02 3.841355471627938001e-01 -2.492348878657510980e-01 6.394484330404320849e-01 -7.273153869901851643e-01
-1.303071213412662910e-01 -9.717896766340089476e-01 -1.965830066799316433e-01 -4.637465075796565195e-01 -1.155087374194013333e-01 8.784058903988792855e-01 -8.763328310838437440e-01 2.056272257444163865e-01 -4.356124575780986330e-01
1.164998646867207166e-01 -8.144602522150041768e-01 5.684032715333786623e-01 -3.668762370799127925e-02 5.683806624720898482e-01 8.219473467287604640e-01 -9.925128713496045307e-01 -1.166101200139175037e-01 3.633565901016739402e-02
-8.269139470257155233e-01 1.371482015986333625e-01 -5.453473159488482214e-01 -5.423309279858783416e-01 6.182104685063877225e-02 8.378874164923755252e-01 1.486286942831981372e-01 9.886195066680367738e-01 2.325902558405789841e-02
-9.756078756958322939e-01 -1.698707798151725679e-01 1.390438457654666338e-01 1.432537491401693619e-01 -1.272207829509152018e-02 9.896042199188214150e-01 -1.663359138537168214e-01 9.853842229754029569e-01 3.674638585779801264e-02
-7.872547537533336470e-01 5.926601499607029311e-01 -1.702465839344080301e-01 -2.554295027977445121e-01 -6.214240860195881927e-02 9.648285288866851328e-01 5.612358878344071433e-01 8.030518462102587129e-01 2.003047940140732230e-01
-4.586368518896909996e-01 7.125173983293218161e-01 -5.310095998818932239e-01 -6.613530084814290833e-01 1.254257588460490069e-01 7.395137437468324304e-01 5.935186907429930159e-01 6.903530517756171214e-01 4.137006497974303199e-01
7.261891515826118804e-01 -4.362342784661476514e-01 -5.313651949599692559e-01 5.370440930884735620e-01 8.424934761916894610e-01 4.228929714741008067e-02 4.292236692011583976e-01 -3.160765680425592916e-01 8.460866651424853169e-01
7.036794274760583834e-01 -5.052656659605809786e-01 -4.995416600728887491e-01 6.464298128978993585e-01 7.470711351330477923e-01 1.549619825886549840e-01 2.948961857056712765e-01 -4.319621810441630627e-01 8.523173785649428291e-01
9.704861868547196568e-01 1.046128564203783889e-01 -2.172848623253735290e-01 6.110385053541005779e-02 -9.782791050906328723e-01 -1.980815791355101385e-01 -2.332871204630325157e-01 1.789584946702455215e-01 -9.557986067218482429e-01
8.297681880608185345e-01 4.851565127736301442e-01 -2.758766249532512149e-01 -1.363280115788889357e-01 -3.031407348704051041e-01 -9.431438745605981167e-01 -5.412018360475255863e-01 8.202004955957789001e-01 -1.853961156098641316e-01
4.534809772650305604e-01 -2.157658887480882470e-01 -8.647543492295955980e-01 -7.945244450744094744e-02 -9.761776848195973244e-01 2.019020473448532305e-01 -8.877174732540450419e-01 -2.285189079702142426e-02 -4.598211377986615722e-01
9.403008499158407307e-01 1.146294848795419499e-02 -3.401513081843289266e-01 3.243965445978344575e-01 2.721658593601540832e-01 9.059208722905849331e-01 1.029620973976979603e-01 -9.621820751867660171e-01 2.521992479940327048e-01
8.671926862016972049e-01 -4.380494330482673920e-02 -4.960423086192806696e-01 4.010056921895199800e-01 6.520308308000729580e-01 6.434673500013585734e-01 2.952478278156990821e-01 -7.569259690539279495e-01 5.830023992591142346e-01
3.164889692846108993e-01 2.821229197793224119e-01 9.056717895884549563e-01 5.151040781306450711e-01 -8.528365197889323790e-01 8.566013779746317613e-02 7.965566652877517084e-01 4.394047435445956884e-01 -4.152360176287275273e-01
5.427677004284706674e-01 1.068452290480171735e-01 8.330590137566888931e-01 6.996004266881109546e-01 -6.063319721412766539e-01 -3.780486510187328064e-01 4.647176200117694722e-01 7.880010384440794269e-01 -4.038463780469616071e-01
7.845650129752276269e-01 3.736287420295358874e-01 4.948326015377401133e-01 2.312181086675828556e-01 -9.167891039982480894e-01 3.256315786502836374e-01 5.753224544891039072e-01 -1.410648854942875285e-01 -8.056703863498499985e-01
5.975048340130271196e-01 7.789849488446538572e-01 1.901852328772065948e-01 -3.527019830253888544e-01 4.231153983692928500e-02 9.347786073539479101e-01 7.201314355734121930e-01 -6.256134454038854154e-01 3.000308857915405247e-01
4.196216406756729800e-01 6.910904024654738187e-01 5.884825692378374828e-01 -4.063502155267765259e-01 -4.367056687143837101e-01 8.026005614588527237e-01 8.116632189633821159e-01 -5.759185832501263480e-01 9.757358479203537271e-02
-2.336458032234318416e-01 2.946639946847024460e-01 9.265974146696779323e-01 4.440510578801056818e-01 -8.154528070730561184e-01 3.712888059613865810e-01 8.650019055653211941e-01 4.982066335097587451e-01 5.968126754046639004e-02
7.558221309669226340e-01 -5.593144162518999263e-01 3.404413166955745917e-01 5.002141880004770114e-01 1.577210221167731075e-01 -8.514163759908919271e-01 4.225147008846478758e-01 8.138129164342606803e-01 3.989860455969855835e-01
1.414681515663123446e-01 8.411015413849272093e-01 5.220488091857989899e-01 -9.274165750141613040e-01 2.970539899814709783e-01 -2.272826949529835328e-01 -3.462445067887918171e-01 -4.520034558673065583e-01 8.220751896284175242e-01
-8.372080651187325806e-01 -5.133128948364383826e-01 1.886598200327348207e-01 -3.285865375689147050e-01 1.963819269757006714e-01 -9.238317087466653144e-01 4.371653497575266889e-01 -8.354304344180588648e-01 -3.330802399113961809e-01
6.611770316687756166e-01 -3.806208951751681169e-01 6.465080563687669590e-01 2.236786177799302278e-01 9.225649817667505026e-01 3.143910468918849066e-01 -7.161094949389562592e-01 -6.325811073506042159e-02 6.951155318970393404e-01
7.758571044955382412e-01 -3.815845171681908066e-01 5.024330897356564796e-01 5.283462186362954949e-01 8.282089299473113231e-01 -1.868695844921200166e-01 -3.448130314482434899e-01 4.104427178219250405e-01 8.441805190422392302e-01
9.520637495827982688e-01 2.630313078613217836e-01 1.561702526574956507e-01 1.929739289784972722e-01 -1.203082914131409636e-01 -9.738002761099696647e-01 -2.373513839541399606e-01 9.572567294629031887e-01 -1.652993479510471153e-01
4.197105772426999448e-01 7.979604189261898517e-01 -4.325531194867746065e-01 8.748282231895487815e-01 -4.826503498104671719e-01 -4.152372501174661501e-02 -2.419062034376495696e-01 -3.609817303617641193e-01 -9.006517523901285127e-01
2.994111733425429689e-01 9.134740548931142845e-01 -2.755323943110378759e-01 8.561393053263811614e-01 -3.846880696123246568e-01 -3.450225774832786918e-01 -4.211631977664992976e-01 -1.325904979064296274e-01 -8.972409490833673784e-01
9.681443068442191491e-01 -2.074068148429711322e-01 -1.402819100305528754e-01 2.915392702778650882e-02 6.498085912879003612e-01 -7.595385725736994997e-01 2.486898664280175753e-01 7.312531762974626703e-01 6.351552113388405640e-01
-1.667358541304914399e-01 8.978697986650390206e-01 4.074665380035247808e-01 6.076259325777818576e-01 -2.318884253543972152e-01 7.596173275048687668e-01 7.765242307915166675e-01 3.742426790624774902e-01 -5.069048590828293399e-01
-3.918226887582836881e-01 5.381048393077246805e-01 7.462694972245866865e-01 8.539924844599283693e-01 -8.906771131971198685e-02 5.126048958859329430e-01 3.423036912745589522e-01 8.381587705881723416e-01 -4.246387384894778072e-01
7.041812698658919123e-01 1.104542245763731889e-01 -7.013762210420966259e-01 -3.702488045471017397e-01 9.000103204870633089e-01 -2.299940124181839018e-01 6.058420271832435366e-01 4.216411831047885417e-01 6.746659549795678279e-01
-9.911542802386764661e-01 1.254218009601492101e-01 4.338853084011792122e-02 -6.717155593993176521e-02 -7.560537997091982820e-01 6.510534801518933490e-01 1.144603636074942865e-01 6.423799683903570479e-01 7.577907371917690371e-01
-3.587165270062964706e-01 9.272998159574130650e-01 1.069462695837914840e-01 -8.407843422308858283e-01 -3.707466695896927122e-01 3.944979047441545261e-01 4.054678077380714507e-01 5.159416937502884354e-02 9.126521235249406283e-01
-6.661517801534464489e-01 2.582777454259116978e-01 6.996673581182005774e-01 7.532328729728039740e-02 -9.100280178851510859e-01 4.076461812095809600e-01 7.420028357015392428e-01 3.242554747135832915e-01 5.867624552824962647e-01
3.695579050705985469e-01 -9.249643549480429661e-01 -8.870116614442678793e-02 9.208247453384957870e-01 3.517579073913245646e-01 1.683691270986778787e-01 -1.245341044538598174e-01 -1.439003706153221263e-01 9.817249819397733113e-01
-8.073571577752347572e-01 -5.882122733899545208e-01 4.669840706615391301e-02 3.491693437208215900e-01 -4.124568092622379889e-01 8.414036783249672080e-01 -4.756628944900636591e-01 6.956189344221701543e-01 5.383856506991057111e-01
-4.793690742916942860e-01 -7.718263929905884169e-01 4.177191756382056531e-01 6.692093194513912824e-01 -1.354395357319458128e-02 7.429505017704832737e-01 -5.677712368305829482e-01 6.356890595289061974e-01 5.230059676744859276e-01
9.207724662402777538e-01 3.846515353217743183e-01 6.497123816273321639e-02 -3.136117421886118750e-01 6.308422399839794803e-01 7.097082100507355884e-01 2.320037512093724164e-01 -6.738555220717546979e-01 7.014934032463758795e-01
-6.012817462287317616e-01 7.943076956218164675e-01 8.680752460522618563e-02 6.855360623441439927e-01 4.570063935962988544e-01 5.667322678635751121e-01 4.104882079643859538e-01 4.002754562648888625e-01 -8.193161723255084627e-01
-5.660844400925868491e-01 7.320896158012472066e-01 -3.789369355460679434e-01 4.027429252270850468e-01 6.466997523514076418e-01 6.477480733187546136e-01 7.192680605063684895e-01 2.140659355072883074e-01 -6.609305806140284290e-01
6.414685144807683037e-02 7.130004940153070736e-01 -6.982230853983750762e-01 3.422330621010642449e-01 6.415174210237741814e-01 6.865361823880332670e-01 9.374229102460786001e-01 -2.829941590509137406e-01 -2.028610196386646525e-01
-5.396616833592672302e-01 7.881817497522144444e-01 2.958628007563308127e-01 5.699330681278143018e-01 6.006888612389503779e-01 -5.606685204627327446e-01 -6.196301843585884095e-01 -1.339493237795243430e-01 -7.733796049100014613e-01
-4.920078906978234135e-01 4.454539192677874349e-01 -7.479966853536493820e-01 8.671860274005066538e-01 3.266721574370533565e-01 -3.758639320774864179e-01 7.691962930492349249e-02 -8.335802944914120216e-01 -5.470166937701301801e-01
-2.224169987267997639e-01 3.535615465763552456e-01 -9.085840145302463977e-01 8.794416512863443280e-01 4.750329658498921304e-01 -3.043128880943830536e-02 4.208480256103274697e-01 -8.058150619952395566e-01 -4.165921569130866531e-01
4.694869801655736086e-01 8.016216621980004620e-01 3.701144230503935484e-01 5.691135328048635422e-01 4.574134622627862301e-02 -8.209856978192593413e-01 -6.750494516947470602e-01 5.960792228725332320e-01 -4.347387696379270694e-01
2.768567295581031984e-01 9.609105480291577628e-01 1.126935976648004356e-03 7.204216748814267213e-01 -2.083430766477814555e-01 6.615026627111767477e-01 6.358796754571037768e-01 -1.823295946884124774e-01 -7.499419692491731126e-01
6.959726538425506925e-01 -2.952026717460616290e-01 -6.545818876942322007e-01 4.888544729005741551e-01 8.625045560268960187e-01 1.307944767868619018e-01 5.259689814318513346e-01 -4.110246627963267119e-01 7.445907313045917464e-01
-1.288936589969531255e-01 4.583737566088861848e-01 -8.793633628498712662e-01 1.808269986153213937e-01 8.827569725657027355e-01 4.336377796714784849e-01 9.750323180501002662e-01 -1.031194774952466364e-01 -1.966681268506811908e-01
9.134402059244604022e-01 1.907538083581244714e-01 3.594996172425658498e-01 -3.745128134321632496e-01 7.396963293179885657e-01 5.590970335895371068e-01 -1.592706588666134571e-01 -6.453389225750808533e-01 7.471081128148916450e-01
