6.055772684188377442e-01 -5.745698795863850988e-02 -7.937095605503940998e-01 -7.957848880176711104e-01 -4.170879297610783493e-02 -6.041413647410502907e-01 1.607475375088141889e-03 9.974763511598644383e-01 -7.098129964801599967e-02
8.544782492799959384e-01 1.319969202928629737e-01 -5.024377917121608528e-01 -5.188531728137202315e-01 1.690810383160413488e-01 -8.379755292030341973e-01 -2.565748562367144159e-02 9.767233055042605638e-01 2.129630905023265630e-01
-2.709502063766850433e-01 -9.854522284051250858e-02 -9.575358085835463662e-01 1.412266997541426067e-02 -9.950458036409297602e-01 9.840934330307293809e-02 -9.624897588323719777e-01 1.314106966309498171e-02 2.709995875105948859e-01
5.585353370417003305e-01 6.953968686452557391e-01 4.521741615285945759e-01 -8.113713576496851543e-01 5.713132017191905332e-01 1.236031776576743818e-01 -1.723798052598418951e-01 -4.359179058260180817e-01 8.833237130966418160e-01
4.031643871352199038e-01 8.659184278398273094e-01 2.960468768173114551e-01 -9.135722947850287712e-01 3.619840308578720633e-01 1.853462263039201696e-01 5.333047109392081292e-02 -3.451852223535775699e-01 9.370181551718259616e-01
6.965812294391108273e-01 3.301522543848564584e-01 6.370039872070619724e-01 6.270544635696323477e-01 1.513312684680874765e-01 -7.641345083826803775e-01 -3.486793519990799006e-01 9.317179487958989759e-01 -1.016089237275202423e-01
9.278767424877448766e-01 3.654414205716710606e-01 7.414390656615438280e-02 3.681383646264449472e-01 -8.661370567526219810e-01 -3.380543497872376402e-01 -5.932027680733063801e-02 3.409679853746746536e-01 -9.382014377035656771e-01
4.829246091371121596e-01 5.068433256991412561e-01 -7.140683896406572195e-01 4.144240433907347976e-01 5.860648707714113392e-01 6.962619331166705061e-01 7.713861122352679844e-01 -6.321691311998102192e-01 7.297708824443067954e-02
-2.085299002711380190e-01 8.771336492865361434e-01 4.326104968469826617e-01 5.824363090107059771e-01 -2.439669355346785751e-01 7.754018830979220178e-01 7.856737405812252995e-01 4.136625383753064766e-01 -4.600000844630394714e-01
6.070954364736700359e-01 6.439817867276820262e-01 4.655347348757841730e-01 -6.527036829655261663e-01 7.382738392957157725e-01 -1.700871554668421659e-01 -4.532251463192243368e-01 -2.005971001150965161e-01 8.685319626642025170e-01
8.925997488464845198e-01 -5.813645839094103845e-02 4.470859431529370931e-01 -4.217345800536881906e-01 -4.582503500415621156e-01 7.823979554381038648e-01 1.593914437670105877e-01 -8.869198210055655451e-01 -4.335523022212243172e-01
8.807956184433447522e-01 -9.926864178196193045e-02 4.629738818656735089e-01 -4.475885786854949533e-01 -4.935546341561413697e-01 7.456998641097476455e-01 1.544782922008930137e-01 -8.640309947344262387e-01 -4.791522695103652141e-01
5.762068414747534284e-01 -7.337184156555666137e-01 3.600596650078611294e-01 7.102968896389918463e-01 6.674833705876930257e-01 2.234821660850508096e-01 -4.043068196393204694e-01 1.269773070937376958e-01 9.057663932142551166e-01
-2.539910041279649575e-02 9.602057947143052274e-01 2.781361492062666141e-01 9.976722590723553497e-01 4.196041666954280352e-02 -5.375301768628971272e-02 -6.328466777731309167e-02 2.761234420145965984e-01 -9.590364412233389757e-01
7.111324323889773869e-01 6.678270673339391506e-01 2.197673127211770550e-01 6.482511950908854959e-02 2.489722655798780881e-01 -9.663387164202081880e-01 -7.000631167867433780e-01 7.014412442308862738e-01 1.337602833678861736e-01
9.533180062522713660e-01 1.018744624937826943e-01 2.842646176484109333e-01 -4.688195291163899103e-02 -8.800252797331182819e-01 4.726072254228005920e-01 2.983066567248964795e-01 -4.638718582995199902e-01 -8.341678713732416650e-01
8.241328941912885453e-01 3.731440020183166006e-01 -4.261085853038457660e-01 3.307184124979684614e-01 2.937258999020797012e-01 8.968558565129277627e-01 4.598155112071730111e-01 -8.800503675838492468e-01 1.186635840046052631e-01
2.007198885876885774e-01 8.923166353140618012e-01 4.043297523892319112e-01 4.403448448779357927e-01 -4.508636783920607072e-01 7.764137821395283856e-01 8.751045331357691914e-01 2.220283424637828351e-02 -4.834243376544619109e-01
5.654042986828485828e-01 6.409075699397613901e-01 5.191873128504450596e-01 1.408543151746232402e-01 5.451874823808768866e-01 -8.263961949040476984e-01 -8.126980010604457627e-01 5.403777344128000149e-01 2.179767492721305100e-01
7.206799594893223970e-01 6.281812634624328595e-01 -2.932723925384219110e-01 3.005985361384897470e-01 -6.643414836249951216e-01 -6.843178451613967095e-01 -6.247086649486029986e-01 4.050169050418535033e-01 -6.676079617323720239e-01
3.117378294711670716e-01 5.823582821278338040e-01 -7.507851602913605538e-01 7.954071555975921193e-01 -5.921740237896895298e-01 -1.290634819492950391e-01 -5.197566570047502665e-01 -5.569459190853690567e-01 -6.478149895714053752e-01
7.932159774992962875e-01 -4.775478632892750895e-03 -6.089216762800142568e-01 5.722106310767390847e-01 -3.361920606171509007e-01 7.480306758821817503e-01 -2.082868376124512866e-01 -9.417813404298368551e-01 -2.639403343477150776e-01
3.818483689994364716e-01 4.986901044486291013e-01 -7.781388069088224224e-01 -8.997831245777843101e-01 3.929331850799932524e-01 -1.897204279668673610e-01 2.111448597941937566e-01 7.726006030206727937e-01 5.987538362253581603e-01
3.751720370336519318e-03 -6.990149911620157086e-01 -7.150971729247921349e-01 -9.999444780388817566e-01 -9.664134584419290311e-03 4.200635937863300348e-03 -9.847102813063269428e-03 7.150417097159448288e-01 -6.990124376094373204e-01
8.698140977950468145e-01 -4.861562687991811682e-01 -8.411609586902690783e-02 2.073272777964457747e-01 5.148669347813460417e-01 -8.318217593633728812e-01 4.477039592839271998e-01 7.060907319715503672e-01 5.486319741551488605e-01
3.147947443257543831e-01 -6.210679958946265788e-01 -7.177595791212512122e-01 9.418445868645169972e-01 1.106893330606181919e-01 3.172958331598496051e-01 -1.176139580955024438e-01 -7.759010349406865181e-01 6.197939503085534430e-01
-1.208257771294675570e-01 7.437342557782460339e-01 6.574651993550982843e-01 4.026059120349002041e-01 6.421135312260461969e-01 -6.523792551966716147e-01 -9.073641006650013940e-01 1.858751457252856287e-01 -3.770156747749320303e-01
9.127495311792430677e-01 2.986107493830352788e-01 2.787829149804097462e-01 6.946775865906826275e-02 5.590308143014000031e-01 -8.262316740287796168e-01 -4.025698993205497622e-01 7.735089973713402678e-01 4.895112941972091236e-01
-2.515380777729688822e-01 3.369780118646740763e-01 9.072895981713949842e-01 9.678183970781770729e-01 9.483361540188572913e-02 2.330968375307464480e-01 -7.493043928063789459e-03 9.367242950353849018e-01 -3.499877846199112574e-01
8.643814005206154061e-01 -2.686494490757368458e-01 4.250556057097974461e-01 -1.063991379462824877e-01 7.284565039788188923e-01 6.767793918665409025e-01 -4.914509313027167758e-01 -6.302210686118484562e-01 6.010801833361606450e-01
5.036342439893469747e-01 1.183881166393023765e-01 -8.557667919006193280e-01 8.558080618054925148e-01 -2.037696044987451771e-01 4.754687262388044289e-01 -1.180894137084492063e-01 -9.718344520138313403e-01 -2.039428553516175191e-01
2.208368498989265460e-01 2.125666928912953724e-01 -9.518647418619811118e-01 5.512047131573045711e-01 -8.323520110569700980e-01 -5.799563675476816088e-02 -8.046144728501298804e-01 -5.118647582737796409e-01 -3.009817591108012169e-01
6.690323739738383013e-01 -5.274201295406588663e-01 5.236637179815353260e-01 6.878106920995766815e-01 7.063378699197273569e-01 -1.673417621239951802e-01 -2.816241012563230339e-01 4.721385606710991056e-01 8.353281062666282342e-01
-8.465552270380291011e-01 -2.495825117747323407e-01 -4.701625435855205093e-01 4.112783172961494427e-01 2.540490561692720362e-01 -8.753908971319900312e-01 3.379266093349839739e-01 -9.344343994501260742e-01 -1.124186809549165972e-01
2.101893462520474098e-01 -8.471574086726715858e-02 -9.739834094949703092e-01 6.867370775402209526e-01 7.218703290534873585e-01 8.541319783105191799e-02 6.958538819706718836e-01 -6.868234644226420826e-01 2.099068928473445117e-01
-2.697532913433436375e-01 5.363201029297739453e-01 -7.997461528527850527e-01 4.391849298577456540e-01 -6.705944971364717899e-01 -5.978458144004435981e-01 -8.569420979245216952e-01 -5.125073341950135974e-01 -5.464863402721392704e-02
-2.241841721812105059e-01 9.444755528728212557e-01 -2.402236186743595681e-01 1.201937936857513933e-01 -2.178197054085145301e-01 -9.685597699136460070e-01 -9.671064620313795102e-01 -2.460091582875049421e-01 -6.468836940146906189e-02
9.075227502155618353e-01 3.730371365023626984e-01 -1.929915869443555587e-01 -3.509336051984442983e-01 4.210321101597139237e-01 -8.364075364060759021e-01 -2.307554172356641731e-01 8.267861011196162568e-01 5.130074857268833721e-01
-1.608868126332232279e-02 9.973996755401300929e-01 7.024985101514631680e-02 9.309724896553016604e-01 -1.068615045133943647e-02 3.649329112227902017e-01 3.647346677246579572e-01 7.127196798864440797e-02 -9.283797330504415246e-01
7.569986468026773663e-01 -6.522010865158133219e-01 3.983455141592698312e-02 5.172429949100196822e-01 6.353751393696126515e-01 5.733743249288014709e-01 -3.992652413564558023e-01 -4.134394454072300995e-01 8.183245639878673483e-01
-7.087567530090871371e-01 -1.123508039570161599e-01 -6.964489657643470055e-01 5.795091715133280363e-01 4.702467305700364641e-01 -6.656103458631994485e-01 4.022847066394050763e-01 -8.753543906546672471e-01 -2.681822245519710490e-01
2.538282119719578733e-01 9.633994888337400475e-01 8.621289765462594734e-02 -9.534763044582919012e-01 2.642059233184375633e-01 -1.451832184517571900e-01 -1.626473966704584939e-01 -4.535035830442985666e-02 9.856415014385212503e-01
9.859193312127705333e-01 1.665969950635681485e-01 1.443999919504163933e-02 -9.216693553818147699e-02 4.693236660548305572e-01 8.782030246328890177e-01 1.395289515995301322e-01 -8.671682291900710826e-01 4.780700094639827036e-01
5.178856342635741461e-01 -8.550995243810847191e-01 2.448005773396228976e-02 -4.402052970972137880e-01 -2.418523168157705738e-01 8.647119481413435560e-01 -7.334942169035614246e-01 -4.585981468062061972e-01 -5.016711806701118492e-01
6.296576203530456217e-01 -7.768727561705769391e-01 4.302639954535712410e-05 2.893379359427054598e-01 2.344578353220808931e-01 -9.280695460365557814e-01 7.209818582708962253e-01 5.843785110491447332e-01 3.724069224225430852e-01
6.288073585857434367e-01 2.230514119719596844e-01 -7.448821204766132853e-01 3.931631218033521669e-01 7.352809889334886995e-01 5.520730268423130749e-01 6.708383303317297930e-01 -6.400077616172369366e-01 3.746545070160388069e-01
-7.425932794826017869e-01 4.725037298701413868e-01 4.746529748417038230e-01 4.908548429997671159e-01 -9.819375901539731388e-02 8.656901921554270851e-01 4.556498045329863134e-01 8.758414302539190288e-01 -1.590127186102441581e-01
3.225705614745050798e-01 9.047650259708193143e-01 -2.781159482123333193e-01 -9.389355411711286514e-01 3.430363308591256044e-01 2.694671104955938604e-02 1.197843161507482629e-01 2.524407326299212273e-01 9.601694611440036997e-01
3.266402044432938356e-01 -7.863172126282846897e-01 5.244153105752430433e-01 3.476187672575526411e-01 -4.160117634829731958e-01 -8.402948323619077176e-01 8.789012285186448281e-01 4.567706796284894399e-01 1.374524526523459578e-01
1.016977015304525722e-01 -1.594032795734134922e-01 9.819613902616861623e-01 -8.355968922197007931e-01 5.219620162688853870e-01 1.712702171578514287e-01 -5.398475814673996398e-01 -8.379416734079766504e-01 -8.011454768042602925e-02
4.120510170250530901e-01 4.954159782583874017e-01 7.647071124652266016e-01 -7.273135624265641974e-01 6.843726365608603368e-01 -5.146917754459901656e-02 -5.488432756980815563e-01 -5.349739272273199564e-01 6.423192009491682786e-01
5.333283157115819018e-01 5.646815912034125473e-01 6.298377634091413269e-01 -7.553255906660535368e-01 6.531183552084308674e-01 5.403393539999949702e-02 -3.808466354652811359e-01 -5.045504084289459401e-01 7.748449687575955647e-01
5.314411118733022299e-01 2.292222420139353734e-01 -8.154921878086714981e-01 8.469514267049971235e-01 -1.260439765847838345e-01 5.165135010520677250e-01 1.560850451639170244e-02 -9.651787812280167023e-01 -2.611250559673706229e-01
5.298482532181940652e-01 2.204828351523879515e-01 -8.189311008655082436e-01 8.432583064268230899e-01 -3.400931733023214443e-02 5.364315380147759438e-01 9.042265868572230136e-02 -9.747977665843806649e-01 -2.039437595473538034e-01
5.153932403686783958e-01 -7.856690279910823194e-02 8.533446253225184241e-01 8.498515790846854490e-01 1.747981858470522565e-01 -4.971899916046643164e-01 -1.101004146656156535e-01 9.814646381857755619e-01 1.568600098218938532e-01
5.766223144845434856e-01 -1.362439967415760289e-01 -8.055707788831282246e-01 -2.931536007507398178e-01 8.858374625557942084e-01 -3.596567200812292309e-01 7.626058436737578328e-01 4.435420648423251677e-01 4.708532296905721393e-01
5.233396998150409152e-01 -6.183377164825080291e-02 -8.498777225467526453e-01 -4.041550800232259766e-01 8.600355060550012309e-01 -3.114443764400597336e-01 7.501827976492949634e-01 5.064736054410633459e-01 4.251002906404643955e-01
5.068395483296763704e-01 -3.393807289976943919e-01 -7.924231149038770683e-01 -6.061036951504001902e-01 -7.939582379846629179e-01 -4.763010666920685504e-02 -6.129861197237672643e-01 5.044313998169451807e-01 -6.081093486411113247e-01
4.100597442448873364e-01 -8.753118681347555885e-01 -2.562813681332716809e-01 -5.600020810980596009e-01 -4.634210760255128569e-01 6.867594742420360943e-01 -7.198949057436507815e-01 -1.380943148641526619e-01 -6.802067956780056823e-01
8.973067262296569382e-03 -3.095740408454465409e-01 -9.508330017929164102e-01 -7.954962078178602347e-01 5.739386872125357142e-01 -1.943712084341580049e-01 6.058921252263557156e-01 7.581281531214711933e-01 -2.411149850866119715e-01
4.317647146746660392e-01 3.225927113384551292e-01 -8.423260495516022850e-01 -7.803579600476258094e-01 6.019301089766971868e-01 -1.694744762423232576e-01 4.523501800068310819e-01 7.304889366024688302e-01 5.116299719027236348e-01
9.219068873464447700e-01 3.636639509341857424e-01 -1.335523187897827702e-01 -3.433441533515793620e-01 6.072783585057487388e-01 -7.164689718681827024e-01 -1.794505041020414693e-01 7.063720875583219261e-01 6.847159925808814496e-01
-1.277266701754027345e-01 -2.811174341303482871e-01 9.511355770624257966e-01 7.648862723621968618e-01 -6.384027216778611624e-01 -8.597066538164474525e-02 6.313753939438623286e-01 7.165297992283846673e-01 2.965639201588152196e-01
7.400101970242806138e-01 2.129340108560706935e-01 6.380000120069215797e-01 -6.387659919138523046e-01 -7.455222258113508582e-02 7.657806302607328419e-01 2.106250599392144041e-01 -9.742181855872736884e-01 8.084559973580926484e-02
9.661631550691189840e-01 1.397045304973699720e-01 2.168211289182743473e-01 1.365959175625666988e-01 -9.901924154295244085e-01 2.933488931433936298e-02 2.187928542985945746e-01 1.274591837997692770e-03 -9.757704967478370017e-01
8.353795509107903028e-01 1.866848857482613366e-01 -5.170007343836621194e-01 5.427560276063632116e-01 -1.313995396724305376e-01 8.295481031687278461e-01 8.693043435441918931e-02 -9.735927867476383835e-01 -2.110928354443139254e-01
9.215959717125441486e-01 -1.532743767930787038e-01 -3.566059875295212178e-01 3.769041264590069495e-01 1.338245214274101924e-01 9.165338383949050982e-01 -9.275852727046023094e-02 -9.790801616228459459e-01 1.811018849576042367e-01
9.887671957996392313e-01 6.194217346550692088e-02 1.360242612804307694e-01 -1.484969896536411094e-01 5.104704220327864750e-01 8.469761462364068239e-01 -1.697281869119737080e-02 -8.576614223433614015e-01 5.139346340242481048e-01
9.592831132652659409e-01 -2.482945337623116699e-01 1.346318428450540283e-01 -3.623843704744007799e-02 3.645278441090503141e-01 9.304870910171545439e-01 -2.801119138566902644e-01 -8.974794010855982052e-01 3.406875993378363776e-01
-7.922601874164211799e-02 -9.213089498510398379e-01 3.806744762638067381e-01 -9.379636623007931995e-01 1.982084575746896893e-01 2.844952996960520841e-01 -3.375609665788283364e-01 -3.345193959552080765e-01 -8.798575836873434586e-01
5.720194146270385360e-01 -7.730558049643203311e-02 8.165890254674318394e-01 3.041252998089550852e-01 9.445774634427407390e-01 -1.236172219886498280e-01 -7.617752892460173397e-01 3.190568331507533384e-01 5.638272305537921358e-01
-3.771500135328402781e-01 -9.218821379613294509e-01 8.883237585490283417e-02 2.047364252155381981e-01 1.055368355466526978e-02 9.787602443670209151e-01 -9.032390954128042271e-01 3.873266624843638706e-01 1.847625315007968283e-01
-7.476617477803987333e-01 -6.631727838942153008e-01 -3.469538309279684291e-02 7.168081553250943427e-02 -1.325330003394909473e-01 9.885832612914335904e-01 -6.601997967210787577e-01 7.366388956082953188e-01 1.466266206609059819e-01
-3.474523994582058850e-01 -2.427655486684532349e-01 -9.057271766323679030e-01 -9.375869918297220496e-01 1.047800542158402182e-01 3.315897661120117967e-01 1.440357116927286005e-02 9.644096788285727584e-01 -2.640199017486016264e-01
9.994368722053856846e-01 3.337896351746153650e-02 3.432676916894519901e-03 -1.767777946953059259e-02 4.368187772534201097e-01 8.993758124120604380e-01 2.852077469744575267e-02 -8.989300309998142779e-01 4.371628584147225216e-01
8.089607660495360397e-01 -5.159586178318351091e-02 -5.855940112735088521e-01 4.116036290926157748e-01 7.609340947362314145e-01 5.015593244928665539e-01 4.197200632687650979e-01 -6.467744355761154695e-01 6.368028721471513665e-01
8.255224669357951184e-01 5.476183704304946748e-03 -5.643426866685490317e-01 3.625515307993070757e-01 7.611866048146077590e-01 5.377279425191603401e-01 4.325147906133596787e-01 -6.485098025958027090e-01 6.263912450201031268e-01
3.274881702661908145e-01 6.172200503102973634e-01 -7.153956302848490933e-01 -2.815325195423106774e-01 7.864997465116387865e-01 5.496886292959737297e-01 9.019373253036271354e-01 2.139061083938384455e-02 4.313368787758093958e-01
-2.019075828361796554e-01 3.593736117961336962e-01 -9.110894221413468053e-01 -2.953754529562829800e-01 8.645913593517587925e-01 4.064912337617492266e-01 9.338022648206214527e-01 3.511871132016095576e-01 -6.841740814294221262e-02
-4.457662245205507023e-01 7.334796915611954127e-01 5.131276791832493078e-01 5.906481104159090334e-01 6.717424809715010214e-01 -4.470982542130630955e-01 -6.726271498674509797e-01 1.037765933414005887e-01 -7.326685034417977915e-01
7.552242822632712071e-01 2.534550097771272048e-01 -6.044806378196103669e-01 5.903929614175180696e-01 1.375694320218259215e-01 7.953054774624938039e-01 2.847322155790940057e-01 -9.575151222785299732e-01 -4.574227824837497763e-02
-4.852276890777481450e-02 9.103339802427973249e-01 -4.110201762843633255e-01 -5.444548358722998138e-01 -3.691009866329439393e-01 -7.532153698391013119e-01 -8.373854981982846724e-01 1.872338272906198253e-01 5.135455396800916450e-01
2.627836499548339977e-01 9.610749262196023324e-01 8.532138951283677053e-02 -5.285717170742749715e-01 2.173748082352900124e-01 -8.205852378966026484e-01 -8.071906176520935450e-01 1.705379105555618058e-01 5.651195695052287915e-01
3.223571047498791087e-01 9.421453665428622948e-01 9.191303128006818313e-02 -5.118216602524947589e-01 2.551497295912384389e-01 -8.203274977628736142e-01 -7.963193361420122240e-01 2.173953168569488226e-01 5.644597338119092811e-01
-8.315686048791917084e-01 3.497331547377786620e-01 -4.314862406339695089e-01 5.540724553295273136e-01 5.764657395087720015e-01 -6.005755284872280608e-01 3.869586055877415748e-02 -7.384943951376782278e-01 -6.731483185196637242e-01
-6.003583397890646656e-02 -3.537422083225665315e-01 -9.334142428148024528e-01 9.163839077392903487e-01 3.512245967354127862e-01 -1.920463909697721627e-01 3.957729554617457901e-01 -8.668954566146487295e-01 3.030776056160439658e-01
-7.249180624273761087e-01 3.206389574384619356e-01 6.096592997234725475e-01 -6.865732163499708163e-01 -2.646616626610293621e-01 -6.771790183609911473e-01 -5.577653052489619373e-02 -9.094750481955375943e-01 4.120001399906673134e-01
-5.208288873680954056e-01 -7.551095555198490406e-01 3.981793932959459270e-01 4.766784429570920523e-01 -6.441979146420471203e-01 -5.981527470394499835e-01 7.081771897646198521e-01 -1.217316965028157338e-01 6.954613303150883885e-01
-5.651891148296657175e-01 -5.283423495470707110e-01 6.335736943348738714e-01 2.231006552047399283e-01 -8.372773200913995462e-01 -4.991921342607273937e-01 7.942212299638401474e-01 -1.407872541661543686e-01 5.910935517657760485e-01
3.206764731112999867e-01 9.445889706532507590e-01 -7.013042216563752929e-02 -8.510552340552255401e-01 2.548381447996097560e-01 -4.590887806756976386e-01 -4.157782920982082686e-01 2.069038338826182100e-01 8.856179849938522475e-01
2.178869350299860175e-01 -1.852956548397931835e-01 -9.582227318534722871e-01 1.825391308544165037e-02 9.824136885609199288e-01 -1.858228704578571699e-01 9.758032989287894754e-01 2.299706123878880043e-02 2.174374783105978148e-01
-5.599241355796736874e-01 7.877144002899879593e-01 -2.568871074443787594e-01 7.848210312255013976e-01 6.036278395028699117e-01 1.403188523443593683e-01 2.655953902866083904e-01 -1.230424924685862981e-01 -9.562006241922362815e-01
-7.284866835236675220e-01 6.808307537273223797e-01 7.600418875150255493e-02 6.828081088545550070e-01 7.305977584954211901e-01 4.199919299776652676e-05 -5.549989559588604238e-02 5.192687223925577383e-02 -9.971074974787291767e-01
-7.669189268801748227e-01 6.410498197786241859e-01 -2.984104815107033529e-02 6.397974176855284467e-01 7.673846288680049588e-01 4.219118035850332599e-02 4.994621022550719408e-02 1.326498921626681309e-02 -9.986638153779290317e-01
-7.511320897427169463e-01 2.930889562628364309e-01 5.915229898114696683e-01 3.245579390155172717e-01 9.442235892319200685e-01 -5.571317402544505998e-02 -5.748588765781900145e-01 1.501355296215752255e-01 -8.043609853570163892e-01
-9.549796805841217484e-01 -7.893272172135637477e-02 -2.859780325708737303e-01 -2.017136568629777568e-02 9.790010751010298495e-01 -2.028546547589628324e-01 2.959846713561337661e-01 -1.879535059334813685e-01 -9.365183147859492685e-01
9.569964073826375817e-01 2.745899577795073432e-01 -9.358542270766935511e-02 -1.033289443156975435e-01 6.240830235997754105e-01 7.744956480969831247e-01 2.710738008796280685e-01 -7.315194698305784726e-01 6.256183019505271448e-01
4.688365548600736954e-01 -1.923392504387954616e-01 -8.620892631088615810e-01 8.543784017071455184e-01 3.463962754963761936e-01 3.873592221937954272e-01 2.241201274390156317e-01 -9.181586099704568404e-01 3.267337377955304434e-01
2.087599260917724076e-01 -2.254832263921395519e-01 -9.516178896353034711e-01 8.472545811767352442e-01 -4.442942451257237413e-01 2.911396545014058312e-01 -4.884454605513212089e-01 -8.670409092793456285e-01 9.829086276380516463e-02
4.303450651190751652e-01 7.399967266838666236e-01 -5.169216279329220676e-01 5.412139764388999019e-01 -6.698381400216222303e-01 -5.083348285132234246e-01 -7.224199309507274291e-01 -6.100582488202926923e-02 -6.887581089871898099e-01
5.081682968479551699e-01 6.610664670878685367e-01 -5.520471974121531344e-01 8.597309553564849161e-01 -4.275078880227712874e-01 2.794632177588598498e-01 -5.126076940970213103e-02 -6.166264118331893362e-01 -7.855852606491872114e-01
4.827570734923371520e-01 2.523021108056976436e-01 -8.386234273355973601e-01 8.754037461160444344e-01 -1.119327497192398740e-01 4.702545489692646075e-01 2.477678912028013353e-02 -9.611527997271192003e-01 -2.749025396347034578e-01
4.827570734923347096e-01 2.523021108057137973e-01 -8.386234273355936963e-01 8.754037461160442124e-01 -1.119327497192036946e-01 4.702545489692730452e-01 2.477678912032054565e-02 -9.611527997271190893e-01 -2.749025396346997940e-01
2.776757889443089988e-01 4.307155405508404367e-01 -8.587084949866007344e-01 2.233591188349548784e-01 -8.983095863706550555e-01 -3.783524693560955665e-01 -9.343483613018368494e-01 -8.674105234881612780e-02 -3.456430667176643712e-01
5.669793219490080194e-01 6.427089185705064933e-01 5.152278083257670893e-01 1.379092531087599827e-01 5.425883439585194035e-01 -8.286005834582401697e-01 -8.121055882021913641e-01 5.408540792027750621e-01 2.190008644286390582e-01
-8.819982205034397893e-01 2.775663457905233611e-01 -3.808360050116863516e-01 3.755193317294090449e-01 -7.429272134025886876e-02 -9.238321400846349896e-01 -2.847180544438016603e-01 -9.578295856990188817e-01 -3.870548066336496063e-02
-3.009345032865089892e-02 9.867081326255206647e-03 -9.994983866687422447e-01 9.564981976731087299e-01 2.905835962641167836e-01 -2.593012592154968210e-02 2.901819809971177833e-01 -9.567987323822676471e-01 -1.818250852535202577e-02
7.023362987488878106e-01 4.974546038255022173e-01 -5.091783976098414044e-01 -5.753481967418608845e-01 -2.449793406947335314e-02 -8.175416220182409877e-01 -4.191636625061886390e-01 8.671440297661860974e-01 2.690038209305913308e-01
6.501963291595235228e-01 7.588318963720406263e-01 3.766811112722744798e-02 -6.676330694003264066e-01 5.469831915564740132e-01 5.050499705947847362e-01 3.626442033048090652e-01 -3.535301135732377698e-01 8.622677313957156642e-01
4.752232556251292928e-01 3.739127164580212104e-01 7.964622638794861542e-01 -8.701285491464463284e-01 6.542469736768596889e-02 4.884628101858391469e-01 1.305341536662084356e-01 -9.251534410276656129e-01 3.564434671603852189e-01
1.086372884578954562e-01 3.224657914517319313e-01 9.403264076372226388e-01 -9.723466315362534473e-01 -1.622516029582098118e-01 1.679775147976453609e-01 2.067364691983921698e-01 -9.325718367401515385e-01 2.959219519104366314e-01
3.096811978664621989e-01 3.240670181086912072e-01 8.939116977991363733e-01 -9.216092648568754431e-01 3.336183372079118414e-01 1.983309557497215658e-01 -2.339528128019902620e-01 -8.852566706061973933e-01 4.019784926202740749e-01
3.096811978664531506e-01 3.240670181087083046e-01 8.939116977991330426e-01 -9.216092648568723344e-01 3.336183372079340459e-01 1.983309557496972242e-01 -2.339528128020134934e-01 -8.852566706061826274e-01 4.019784926202928377e-01
5.936760428992798877e-01 5.780237126384319968e-01 -5.598547523377256363e-01 -3.376245225755446500e-01 8.104489563376692240e-01 4.787297472758699213e-01 7.304508456036504782e-01 -9.518968851123636721e-02 6.762991093872929849e-01
5.339126369593366617e-01 8.288383552205617066e-01 -1.672252283909394510e-01 -8.417652899265662958e-01 5.396964838943036913e-01 -1.260563155775978016e-02 7.980283685416186823e-02 1.474946988450765439e-01 9.858381312581838696e-01
4.882834087580736893e-01 2.919917411499641791e-01 -8.223868529054974008e-01 -4.661610778745909900e-01 -7.093838371625220685e-01 -5.286477286883731752e-01 -7.377487121008042825e-01 6.414946567764916452e-01 -2.102651733426526004e-01
8.569004689368751038e-01 2.441123249961850983e-01 4.540162542472686580e-01 2.113943363635267525e-01 6.368805166609485813e-01 -7.414146222263946484e-01 -4.701425537953226597e-01 7.312950022273091433e-01 4.941392504428001597e-01
8.412033322624746789e-01 -3.729259548877219554e-01 3.915395075360716959e-01 5.392212778510852011e-01 6.324151006731940639e-01 -5.561398690555793278e-01 -4.021650535727310655e-02 6.789531446363548106e-01 7.330792999977927549e-01
-7.486962661825252718e-01 -7.911769583389756388e-02 6.581749700575677542e-01 -3.121709808971712130e-01 9.179553066448400411e-01 -2.447597468708351820e-01 -5.848103792598443595e-01 -3.887138345988115917e-01 -7.119679593222185687e-01
4.313590779327898250e-01 7.278778355664883293e-01 -5.330320838148654428e-01 -6.258138772804219263e-01 6.669795388353197962e-01 4.043455029776754084e-01 6.498356229757018543e-01 1.591607717563235380e-01 7.432237293343861850e-01
4.991023207352855429e-01 8.059387841804145358e-01 3.183701455702902527e-01 4.267117651684194102e-01 9.118551477760690471e-02 -8.997790125145144202e-01 -7.541975489906501684e-01 5.849340800881226432e-01 -2.983926591723691235e-01
6.523317441168455799e-01 7.539262763612821772e-01 -7.783614474963262975e-02 5.748974049468256187e-01 -5.591046346647677856e-01 -5.974068808456947099e-01 -4.939192944225600512e-01 3.449596749018473685e-01 -7.981519612760044069e-01
2.592872802456596126e-01 -3.039078598337490167e-01 -9.167388499644156807e-01 8.140314271640136656e-01 5.795695394013458124e-01 3.810491552846390073e-02 5.197335296977945163e-01 -7.561343542845957444e-01 3.976655584514321440e-01
-7.930795506222935165e-01 5.298993894300111362e-01 3.003855247285436847e-01 5.511273253962823970e-01 8.342561796002562202e-01 -1.659210656686392615e-02 -2.593906274063921824e-01 1.523918104114753147e-01 -9.536735492469272657e-01
-8.511767013405686644e-01 4.998835254672724382e-01 1.600458811135085091e-01 5.180937461280474832e-01 8.490335433269007304e-01 1.035418395083556459e-01 -8.412546176987464874e-02 1.710511715019185086e-01 -9.816640990735204797e-01
-2.138275411677039162e-01 4.626061687924131194e-01 -8.603913732908875511e-01 7.417064781269632201e-01 6.500648225581476813e-01 1.651884583648043081e-01 6.357273652617690951e-01 -6.028360134129757686e-01 -4.821197548220565454e-01
6.664466798387912450e-01 6.405353382879476198e-01 -3.815275918412672218e-01 -3.097859610158230081e-01 7.033810288527869714e-01 6.397560367886325761e-01 6.781456195312000057e-01 -3.081713949320081802e-01 6.671948066766597574e-01
5.541935667312645197e-01 6.431710305103413017e-01 -5.283942809171439103e-01 -8.322757909632759743e-01 4.177430814015432037e-01 -3.644279431075470033e-01 -1.365644060996488302e-02 6.417333896980969010e-01 7.668062064018894564e-01
6.050942908181198288e-01 6.788820172483148729e-01 4.159087710979123553e-01 -7.788282209587933380e-01 6.131261231222032704e-01 1.322987504978717366e-01 -1.651892897783561187e-01 -4.039747068839781297e-01 8.997315903871143661e-01
-4.640691022260451382e-01 1.221996531825843627e-02 8.857147062156827122e-01 -4.513422012230403624e-01 8.571082851772519051e-01 -2.483054668662193765e-01 -7.621876971942366241e-01 -5.149913202454302619e-01 -3.922420863671002289e-01
6.825800114015100339e-01 -4.886293771891050408e-01 5.434389200111655605e-01 7.091295796487953607e-02 7.843860859742701752e-01 6.162059887104605060e-01 -7.273622759174316332e-01 -3.820730295084336370e-01 5.700564179925192709e-01
6.637623384990971598e-01 -4.114685056245478423e-01 6.245904473087238173e-01 -1.701546846326317253e-01 7.301081553023434090e-01 6.618077249916164417e-01 -7.283316149171200626e-01 -5.455600337635732044e-01 4.146050027099402180e-01
8.280839705408277185e-01 -4.837002436567968133e-01 2.833919759267939931e-01 -3.672784170518961777e-01 -8.617992251266559656e-02 9.261099207564749136e-01 -4.235368957968014270e-01 -8.709805366608754928e-01 -2.490168722330737827e-01
8.713483840937318314e-01 -2.446296206560006348e-01 4.253332131810821926e-01 -4.007553798607498274e-01 1.453317204133661444e-01 9.045848863176729759e-01 -2.831026652115953834e-01 -9.586631523842942260e-01 2.859792318856205565e-02
7.371420847215084393e-01 -4.061722730775149115e-01 5.400422497504000496e-01 -5.716192310186993808e-01 5.140636844585524251e-02 8.189071009661598177e-01 -3.603789695057406650e-01 -9.123494231193736148e-01 -1.942820847935464446e-01
2.586215329805913732e-01 -8.264204987777818978e-01 5.001440411308035738e-01 5.848821849942333895e-01 -2.780958988055639014e-01 -7.619550516558681874e-01 7.687832804862109182e-01 4.895833231099764316e-01 4.114370393844629104e-01
3.439209943893425242e-02 -1.496759777715334083e-01 9.881367745278575310e-01 4.465117989404081555e-01 -8.822544885852325880e-01 -1.491785198284602265e-01 8.941165454811712543e-01 4.463452912816994744e-01 3.648950599106254300e-02
7.578791643935253730e-02 -1.749391097912531279e-01 9.816580359714000004e-01 5.150807956341185712e-01 -8.360977159274229908e-01 -1.887654189460291621e-01 8.537844960472785738e-01 5.199393400064956650e-01 2.674167202896238563e-02
4.584519629374636529e-02 -5.821124927811411887e-01 8.118147964436923658e-01 7.280670488752110092e-01 -5.369565287867560377e-01 -4.261408904756949223e-01 6.839711911469139594e-01 6.105921158526396164e-01 3.992000472691205060e-01
9.105546859900890411e-01 -1.186305931292775673e-01 -3.960011946892160184e-01 -2.158534519065362089e-01 6.805374091435465456e-01 -7.001972022624927128e-01 3.525584364634085643e-01 7.230460684700422691e-01 5.940597038585362366e-01
5.526202404742737162e-01 -7.167713898172931586e-01 -4.252642055917028596e-01 1.597006399717577074e-01 5.918700841942940993e-01 -7.900541177846303054e-01 8.179893492037454417e-01 3.686849307677564913e-01 4.415482379242475219e-01
-7.452772003008327761e-01 -4.593878525114119538e-01 -4.832439297877476614e-01 -1.692834711868890785e-01 8.313919483324584414e-01 -5.292735914731404590e-01 6.449069708839174631e-01 -3.126503305818055245e-01 -6.973842339000916324e-01
9.609298943223683054e-01 -1.463875338556999695e-01 2.349136610102707801e-01 -1.314066728733999101e-01 5.056883543131238667e-01 8.526497373695882676e-01 -2.436103949381990819e-01 -8.502058446304229244e-01 4.666947580960427722e-01
4.071204811961380288e-01 -8.701194944731690528e-01 -2.777498499160384049e-01 9.131903776000973583e-01 3.816571720758857866e-01 1.429025446296509350e-01 -1.833706762862425538e-02 -3.118170430569734974e-01 9.499652012626509379e-01
4.007831546913861454e-01 7.420318286498310822e-01 -5.373654512398505778e-01 -4.983321214882562022e-02 6.033206202398652129e-01 7.959402491144135228e-01 9.148166558838721762e-01 -2.922207974528374663e-01 2.787785710083850454e-01
9.481686101569970493e-01 3.148006886037567065e-01 -4.332220178556498574e-02 -1.624183630425490577e-01 5.972850313845322612e-01 7.854112722838635374e-01 2.731237120052510403e-01 -7.376659933456191087e-01 6.174563306031396470e-01
-6.292571363035502907e-01 5.175680222174020573e-01 5.797920306360050402e-01 -3.690757703749277807e-01 4.575228567547263148e-01 -8.089844938372725558e-01 -6.839726106601119460e-01 -7.230464562702469955e-01 -9.687770611358295647e-02
6.426891192474563086e-01 -5.036177996682893454e-01 5.773385556657374407e-01 6.603281210331231055e-01 7.462521812607816329e-01 -8.410977669920981226e-02 -3.884809758196585694e-01 4.352893219696487570e-01 8.121611524847819341e-01
6.533088853011195241e-01 -5.145755528515604249e-01 5.553372856148947045e-01 6.908368462764058471e-01 7.052618526725099590e-01 -1.592173702577975025e-01 -3.097288365869057536e-01 4.876655816975909441e-01 8.162415869177899186e-01
9.114593224580137543e-01 3.945085629895699886e-01 1.166400327172582713e-01 3.213232125903177083e-01 -5.056494536527949002e-01 -8.006684851243164314e-01 -2.568916046799042951e-01 7.672559049942428988e-01 -5.876436672818395879e-01
7.635109930536123635e-01 6.352311000333835667e-01 1.163289002641361425e-01 6.075862749419177478e-01 -6.455465515073003369e-01 -4.627186708349220190e-01 -2.188375698743032782e-01 4.239706350531953216e-01 -8.788395864002140900e-01
9.829342603441351134e-01 1.337008017151055106e-01 1.263500512958591337e-01 -3.433164668826003962e-03 -6.733925714967623488e-01 7.392771185647061261e-01 1.839251293926008335e-01 -7.270945882577560804e-01 -6.614416123167632389e-01
7.520256455402722917e-01 -4.365874418709631000e-01 -4.938105244426297391e-01 -6.470704875193040717e-01 -3.463227005254010948e-01 -6.792351369609228584e-01 1.255277365018063473e-01 8.303324591399289245e-01 -5.429464012841154208e-01
8.371969981820656104e-01 -2.274439420313918714e-01 -4.973634882740789465e-01 -5.424583465310816033e-01 -2.296558058473520125e-01 -8.080823925314600809e-01 6.957103214488009890e-02 9.463231287852074125e-01 -3.156460159933462961e-01
7.522057000650118619e-01 -6.465344781872263136e-01 1.271996592168253282e-01 6.061493989821468142e-01 6.032398293845748771e-01 -5.183479664835690670e-01 2.583979313061302019e-01 4.670062919910610288e-01 8.456569235437454424e-01
1.616287272637390027e-01 8.808270597961910253e-01 -4.449942081127585825e-01 8.157074506300222572e-01 -3.730360636537722874e-01 -4.421147477752443988e-01 -5.554255211185140650e-01 -2.915266470573422697e-01 -7.787905395841238088e-01
4.219773478594369132e-01 8.495433367511604494e-01 3.165615846485798635e-01 -7.580738333589212008e-01 5.221472591489288995e-01 -3.907509474585721954e-01 -4.972516275187304213e-01 -7.508900548659298846e-02 8.643508895032203654e-01
7.169901861797747245e-01 5.384413245492861849e-02 6.950006347637879278e-01 -4.366520591796647088e-01 8.118650348878930778e-01 3.875695348458630951e-01 -5.433783692198749238e-01 -5.813570112475261453e-01 6.056104138283071592e-01
-5.581142616082789276e-01 7.870109655892311151e-01 -2.629110325409561022e-01 -5.323217683099322750e-01 -9.654669079201071147e-02 8.410185916378422055e-01 6.365076637188531450e-01 6.093377360211809091e-01 4.728271539238725341e-01
3.426517692444186469e-01 6.426651799364789808e-01 -6.852526771424413132e-01 -8.803059992490357422e-01 4.743828798309954187e-01 4.714977137611455621e-03 3.281022900252701380e-01 6.016164474318040911e-01 7.282901464798965385e-01
-1.586703518518512712e-01 -9.350146323191961262e-01 -3.171298736987861466e-01 7.993435026639553742e-01 6.688542511332291884e-02 -5.971401047127290473e-01 5.795461018694966215e-01 -3.482441345613855321e-01 7.367851373035850804e-01
2.083716727783235106e-02 9.368132727210070065e-01 3.492086833307440630e-01 -1.526465742693820966e-02 3.495419093658336251e-01 -9.367963726608493635e-01 -9.996663456841355933e-01 1.418963180084487422e-02 2.158359691716375817e-02
4.528367428377970683e-01 3.482629539508626526e-01 -8.207629372976550375e-01 -5.125192709011849868e-01 8.549414075043928474e-01 7.999491664678076708e-02 7.295634868131578576e-01 3.844321847085999111e-01 5.656403575322400679e-01
8.998338401017496047e-01 -1.313833533007462695e-01 4.159777333983035175e-01 4.272208447941564513e-01 7.258604996703015011e-02 -9.012289471180733313e-01 8.821230062245247194e-02 9.886706629740942276e-01 1.214450912686842882e-01
5.060116890966466219e-01 -3.897340277593243085e-01 7.694540649733768722e-01 4.103852143149989695e-01 -6.758597575585484352e-01 -6.122071250684140153e-01 7.586409864812152515e-01 6.255565327925163288e-01 -1.820518550067928842e-01
4.718041111073430494e-01 -7.879101430008310647e-01 3.957252674503108913e-01 8.796355914761102568e-01 3.899057859868055864e-01 -2.724237586233717590e-01 6.034987117371249515e-02 4.766246789775174242e-01 8.770329574416773077e-01
-2.089432061323310275e-01 8.101712632546761439e-01 5.476908441880918854e-01 9.038358126046523999e-01 -5.385485493866674217e-02 4.244767113197404629e-01 3.733946443970900253e-01 5.837141242045266187e-01 -7.210091960160515123e-01
5.749780772791802663e-01 8.073274288747382954e-01 1.327502664209827266e-01 -8.104146043677306066e-01 5.842675542003653577e-01 -4.312301167843462374e-02 -1.123760636249203221e-01 -8.278796829991739992e-02 9.902109737974729153e-01
7.813886680488898451e-01 -1.988072178016620506e-01 5.915297453169572339e-01 -2.932199167442136045e-01 -9.537084179453878541e-01 6.680070332430600166e-02 5.508664355987740180e-01 -2.256456152688727512e-01 -8.035111862573126595e-01
8.684313759841357783e-01 -3.647208550839914909e-01 -3.358655133726931585e-01 4.737587985916870692e-01 4.106409345630124830e-01 7.790549554544768940e-01 -1.462174612119290507e-01 -8.356750090364182260e-01 5.294031859638930193e-01
8.718924694037792911e-01 -2.998274759431023839e-01 -3.871782618724457503e-01 4.799966307778202879e-01 3.666652527921054339e-01 7.969691504925658920e-01 -9.698843353163622005e-02 -8.807156618707818740e-01 4.636088509687769088e-01
6.369427138857800541e-01 2.473624936128419535e-02 7.705141771540312545e-01 -4.555141123556012417e-01 8.184219277320496921e-01 3.502748087605567218e-01 -6.219412131967989588e-01 -5.740850687614965642e-01 5.325555944240957240e-01
-8.719924599222070860e-01 -4.673240141826429661e-01 1.457306268669650295e-01 4.197369828576127393e-01 -8.669754572372846413e-01 -2.686529764766980577e-01 2.518928642506692017e-01 -1.730948361922500789e-01 9.521492333784506990e-01
-7.959032862195485336e-01 6.043542065960449960e-01 3.597154367814466708e-02 -5.620525697984992686e-01 -7.596645318879354791e-01 3.271187976475629089e-01 2.250219273044895274e-01 2.401370274679625605e-01 9.442983322398831314e-01
-3.819366353767597033e-01 9.000051892218058347e-01 2.100358682008897915e-01 -8.764223546189007230e-01 -4.248366226462600981e-01 2.267106093300025604e-01 2.932716537296810033e-01 -9.749104283133269711e-02 9.510453373453430226e-01
6.442483310384055084e-01 7.621462729805075220e-01 -6.385253742922805675e-02 -6.795199444551923706e-01 5.320854366905148902e-01 -5.051116046474050103e-01 -3.509939216593951361e-01 3.688063809694536732e-01 8.606887476401517967e-01
-2.028080176081422381e-01 8.105641546624504645e-01 5.494130132880025164e-01 -8.198811410414728051e-01 1.662185833495441467e-01 -5.478743442741260683e-01 -5.354099574703373721e-01 -5.615666778981976970e-01 6.308558026332117263e-01
-8.017256944886120840e-01 5.878148368052790174e-01 1.082110365366500959e-01 -1.004470152099707636e-01 4.596319807343980657e-02 -9.938801645863901690e-01 -5.891912320564186567e-01 -8.076887408243634825e-01 2.219436895688056341e-02
6.310873967532641959e-01 -3.736692337453396684e-01 6.797793770123944368e-01 5.313081276471469661e-01 8.467219201229752024e-01 -2.781480683637958806e-02 -5.651905618066098702e-01 3.787258820511649193e-01 7.328890332849142819e-01
6.534050375552978851e-01 -4.054818970281858226e-01 6.392544783415941012e-01 5.966857820178947946e-01 7.955389029950787894e-01 -1.052802515150864926e-01 -4.658625703306214505e-01 4.502247050127416439e-01 7.617544096105623996e-01
9.867961792962048895e-01 1.349414726592189362e-01 -8.957733799892834969e-02 2.480699946429030904e-03 -5.655863937991832957e-01 -8.246853201537003297e-01 -1.619479751469244388e-01 8.135741085517635973e-01 -5.584532417669495485e-01
6.970955313853457458e-01 -2.850311213225703577e-01 -6.578868291736665874e-01 -6.639550454926715362e-02 8.879765604532461332e-01 -4.550706154667326642e-01 7.138973715445595669e-01 3.609084204659414596e-01 6.000797071544315964e-01
3.206616345446136607e-01 -6.014265092472345087e-01 7.317528750239814528e-01 5.643002444158293773e-01 -4.991813549238292569e-01 -6.575585213869904466e-01 7.607505177674289687e-01 6.237821165047102712e-01 1.793168169623034214e-01
2.311852397451527874e-01 7.650208110583952559e-01 6.010794819086169305e-01 -7.911988968735172989e-01 5.073677958446226599e-01 -3.414413936913600622e-01 -5.661781437940758277e-01 -3.966372125599468834e-01 7.225795673159948196e-01
-4.181371625899131250e-01 1.155710004477581293e-01 9.010020294742742131e-01 -8.108684046266388945e-01 3.996010565794147484e-01 -4.275645284151449732e-01 -4.094554232630293611e-01 -9.093746969407716652e-01 -7.337517921186961778e-02
-1.783259247031284966e-01 1.400508307816324960e-01 9.739536074044536917e-01 -8.788513150193777435e-01 4.224755954697327343e-01 -2.216635678707839785e-01 -4.425157970824148412e-01 -8.954887693488232658e-01 4.774550557534935902e-02
-3.107553259976447158e-01 -8.682616294995322281e-01 3.867206615929828506e-01 4.909853983365724539e-01 -4.950148069543532370e-01 -7.168637803071247205e-01 8.138577676623689472e-01 -3.289503966803092316e-02 5.801322697289506003e-01
1.049565717465845149e-01 -9.428511347202130910e-01 -3.162528352505489804e-01 7.756837171880357484e-01 2.766223861523198768e-01 -5.672696240490480157e-01 6.223334226413970161e-01 -1.857734998222393963e-01 7.603876102536397674e-01
6.711004767123934789e-01 1.221717368392484793e-01 -7.312306181185792564e-01 -4.836670616510017062e-01 8.196642105726462679e-01 -3.069474798401297111e-01 5.618632606162144993e-01 5.596647645010378591e-01 6.091674874332293488e-01
6.734963765294871285e-01 1.294444688999500104e-01 -7.277683424503029741e-01 -5.028998140605731582e-01 8.018123920515213277e-01 -3.227826900105681962e-01 5.417512416409331344e-01 5.833875362259870467e-01 6.051153400440947294e-01
5.653189358717614077e-01 7.692240027038670380e-01 -2.978404512638609392e-01 -3.020500524772734008e-01 5.290380434586200442e-01 7.930223920999657228e-01 7.675807882843964647e-01 -3.583478508903273907e-01 5.314193741471870958e-01
-5.642883139866137210e-01 -5.980554369165693718e-01 5.691295046583652040e-01 2.920679179116981161e-01 -7.894041651136677329e-01 -5.399420296920022233e-01 7.721884679434619647e-01 -1.384585081377253390e-01 6.201243516419956414e-01
8.807222958511440325e-01 -1.776015089180753015e-01 4.390739591694239885e-01 4.574941253770412608e-01 5.589332945846612333e-01 -6.915870859481346722e-01 -1.225861445522538618e-01 8.099699230432938490e-01 5.735166614223643489e-01
8.818601251041703337e-01 -4.213408819291510343e-01 2.116473032344664273e-01 3.143799503238937088e-01 1.908824863651686632e-01 -9.299081262325851194e-01 3.514085465460438096e-01 8.865865652118896101e-01 3.007927788364947452e-01
9.051135968417188815e-01 -2.111652280745865973e-01 -3.690238789894954019e-01 -3.202437340666260401e-01 -9.095086491778140436e-01 -2.650244665343413075e-01 -2.796664577730230694e-01 3.580548331233022186e-01 -8.908329859596209044e-01
9.481703941779452416e-01 -2.169961094733752482e-01 -2.321327035940008165e-01 -2.330652231842720579e-01 -9.714717848378888743e-01 -4.385399646500650478e-02 -2.159942252619427572e-01 9.568312148600779943e-02 -9.716950318470229941e-01
8.074840988563127819e-01 -4.820465809743082475e-01 -3.400007703891109179e-01 -1.843561495221774926e-01 -7.537332618881377178e-01 6.307923430550065325e-01 -5.603411819843029384e-01 -4.466735538337233136e-01 -6.974958753125256594e-01
4.476194893811013542e-01 2.984837079447721225e-02 -8.937258346311348634e-01 -4.923259894113081181e-01 -8.261029602706408959e-01 -2.741696904879555863e-01 -7.464930762414211385e-01 5.627281526572130987e-01 -3.550846565688532963e-01
9.727647134266731443e-01 1.646567280885677109e-01 -1.631470937745757577e-01 -1.729470432168382921e-01 4.695104946466597401e-02 -9.838114246118102590e-01 -1.543312429629068172e-01 9.852328460061278159e-01 7.414921844625393943e-02
1.791299440219094319e-01 -8.908323790620824301e-02 -9.797839761288473781e-01 7.681070732081162200e-01 6.349586272438750845e-01 8.269864434339509185e-02 6.147552254697546958e-01 -7.673928058124599438e-01 1.821655684944637199e-01
5.969667133667295733e-01 -7.968498706010094246e-01 9.306463804947551210e-02 7.972501112782407473e-01 6.021808209349812646e-01 4.207753515719735854e-02 -8.957121858587216434e-02 4.907690517164844252e-02 9.947705535347409755e-01
4.055760220252869752e-01 -8.105036431367282912e-01 4.226013899885271430e-01 6.348597244256009020e-01 5.824023035079242128e-01 5.077013759789447134e-01 -6.576178378514334621e-01 6.238109754368725834e-02 7.507645290028365226e-01
9.894554239596214940e-01 -8.988401901706339833e-03 1.445585439472163169e-01 1.439751105538301656e-01 1.698047597098030770e-01 -9.749038471156572516e-01 -1.578390122556073971e-02 9.854367317139897109e-01 1.693083466665253334e-01
5.370364489465699609e-02 2.247470885175111011e-01 -9.729361051620658563e-01 9.950482587254244615e-01 -9.365197885700872471e-02 3.329068433761675494e-02 -8.363540717022338589e-02 -9.699062083825777947e-01 -2.286636516991772672e-01
2.997519631269058293e-01 5.017324500310926805e-02 9.526969119753795345e-01 -1.864328914881452914e-01 9.824433373069466624e-01 6.918522425937620110e-03 -9.356236089223783914e-01 -1.796878806905095050e-01 3.038432621599789218e-01
-7.936312242125583838e-01 -5.929021038234734142e-01 1.364425712033282001e-01 8.496523316907483858e-02 -3.300776688723808250e-01 -9.401221418859890822e-01 6.024370416129812833e-01 -7.345174114978310076e-01 3.123360099302115445e-01
-9.459281143482194381e-04 -6.053803965833829404e-01 -7.959357264582039848e-01 5.557892737159650931e-01 6.613617375978777524e-01 -5.036853534338640026e-01 8.313226740816607174e-01 -4.428489894693927176e-01 3.358383302776132284e-01
8.601470643855683162e-01 3.651833966907085116e-02 -5.087371015531535479e-01 -3.830762675230108827e-01 7.047912772338595921e-01 -5.970944890012832573e-01 3.367485722160197259e-01 7.084741818887118070e-01 6.202134573738246059e-01
9.431161389509088444e-01 2.940250485019553772e-01 1.551812466239171073e-01 1.319027891724931512e-01 9.754000935434795072e-02 -9.864520266002145821e-01 -3.051779852132966431e-01 9.508076658444527540e-01 5.320883303152258714e-02
9.464475922507818995e-01 1.740177957352382343e-01 2.719462481633945772e-01 3.050096782368469928e-01 -2.057508797905075737e-01 -9.298578771227822282e-01 -1.058586383086086574e-01 9.630079865883154344e-01 -2.478095366658962795e-01
5.523521816611471902e-01 -6.165732167657639318e-01 5.610209762400063527e-01 1.692766906344096711e-01 7.419397832458575204e-01 6.487455279575746747e-01 -8.162428985430951744e-01 -2.633682334758850607e-01 5.141835316049691018e-01
6.120895483211312715e-01 1.080173873081155533e-01 7.833764285930245874e-01 -2.082110671481209319e-01 9.776866229294003396e-01 2.787505806173549636e-02 -7.628856640107181120e-01 -1.801696738744703874e-01 6.209221789104435452e-01
4.209352569843861080e-01 5.780090587653972101e-01 6.990844279574738307e-01 -7.975267172719898712e-01 6.030042017388577147e-01 -1.835940964864219566e-02 -4.321627525190625541e-01 -5.498103861063582398e-01 7.148033958122507192e-01
4.304648746924696900e-01 -2.025772068420529926e-01 8.795808472926567312e-01 -4.930988056609751924e-01 -8.689980706312026015e-01 4.118156256101851431e-02 7.560116133444750863e-01 -4.514474814497467792e-01 -4.739637243302115555e-01
3.974464969068539633e-01 -6.368126357463683718e-01 -6.606859685586136122e-01 4.258246498582194950e-01 7.657723156886040439e-01 -4.819399631676521412e-01 8.128404823023979153e-01 -8.979102114730876105e-02 5.755240419406725261e-01
4.012195617545759319e-02 -9.054039845786311380e-01 -4.226509828946249936e-01 6.659059292285878229e-01 3.395931600236586911e-01 -6.642633356458542693e-01 7.449560537715401720e-01 -2.547942510620749834e-01 6.165390235620535897e-01
9.876887679809869258e-01 -1.554050331343571345e-01 1.789338650757428539e-02 1.090416166292154238e-01 6.019393419336548368e-01 -7.910619157027886095e-01 1.121642699217861444e-01 7.832740927089240079e-01 6.114743430790247070e-01
-9.381644767363158666e-01 3.153827276535513535e-01 -1.427625640281107167e-01 3.053317966124972083e-01 9.481591218638344420e-01 8.812930048392851601e-02 1.631560865167437369e-01 3.908982890993260850e-02 -9.858255812811580476e-01
-8.517422965109680000e-01 -5.243046634960829566e-02 5.213310910856794322e-01 -2.056968120466565186e-02 9.975597839765036889e-01 6.671855519935945833e-02 -5.235570155669397874e-01 4.610340107968324136e-02 -8.507423392893556091e-01
1.700293229756551783e-01 3.196049447770772656e-02 9.849205836620437138e-01 5.217835613481767165e-01 8.449478029269404944e-01 -1.174952145227608769e-01 -8.359616883776754825e-01 5.338930015664904438e-01 1.269894422504080911e-01
5.259097499722626967e-01 2.444862649649750530e-01 8.146443402660994426e-01 2.685284907107028385e-01 8.610815407491998474e-01 -4.317765971629498045e-01 -8.070386512186044081e-01 4.458307374155134895e-01 3.871996500706007538e-01
6.056596751291626335e-01 4.531381312291500874e-01 6.540964699098987811e-01 -4.711529268251283264e-01 8.666477335151080430e-01 -1.641238116095336541e-01 -6.412419804305958815e-01 -2.087762918036431270e-01 7.383909415168685708e-01
6.258895215742719120e-01 1.381358732479976981e-01 7.675811275074069240e-01 -6.129883452902731289e-01 6.956174630280991256e-01 3.746486803241724228e-01 -4.821904139671608358e-01 -7.050069685133362185e-01 5.200553615008828290e-01
3.563699563430964418e-02 -8.998004867778601756e-01 4.348437518655252076e-01 -5.789472965846699237e-01 3.360797353219366901e-01 7.428798282920595630e-01 -8.145858041480119605e-01 -2.782256197769416572e-01 -5.089601872251640069e-01
-6.339400447439204056e-01 -7.119090614160678010e-01 -3.021680127739688748e-01 -6.979907899280810568e-01 6.949251270385146118e-01 -1.728812453277615846e-01 3.330598697616536374e-01 1.013141455286353798e-01 -9.374468342632304996e-01
4.754151462750749735e-01 7.330976664102143436e-01 4.863622623067573869e-01 -5.882858610187868820e-01 6.759630272611711899e-01 -4.438397588108772274e-01 -6.541407986187939283e-01 -7.511189839040863236e-02 7.526340533769085850e-01
-5.092361488454153484e-01 8.521213300573173832e-01 -1.206970735785973803e-01 7.447434753368160631e-01 5.065978488837217242e-01 4.344142901075273011e-01 4.313185605238094578e-01 1.313311020578643851e-01 -8.925897383344353342e-01
-2.726360220836954867e-02 1.596785650743648977e-01 9.867925069893954682e-01 9.817755613149434790e-01 1.900095566159445970e-01 -3.621546539873984286e-03 -1.880782900798284862e-01 9.687100310466514319e-01 -1.619488578232148035e-01
-7.145866384044363695e-01 6.977464781754663115e-01 -5.015763558602875927e-02 -2.058221328997207333e-01 -1.411795004969717271e-01 9.683520012103218333e-01 6.685829685405221268e-01 7.022949528746160741e-01 2.444966530330915933e-01
-2.535116634353339338e-01 -9.539940819992012155e-01 1.600847525929655069e-01 9.563585293855679792e-01 -2.223230155696460375e-01 1.896070674302331172e-01 -1.452934952904771648e-01 2.011660216301952020e-01 9.687218548003115881e-01
8.323329957276989211e-01 2.655212572330907239e-01 -4.865390489778936289e-01 -5.515129307201039888e-01 3.091978338015105021e-01 -7.747452399472841700e-01 -5.527451014234370519e-02 9.131786033026683125e-01 4.037939660256350538e-01
1.741668057957431182e-01 7.255817778438592436e-01 -6.657304314960018621e-01 2.113223533118078201e-01 -6.878527282289471634e-01 -6.944072920547089689e-01 -9.617737710863546452e-01 -1.974102147658007150e-02 -2.731327613476527416e-01
2.768810361417742283e-01 5.231045067360053924e-01 -8.060388122525724564e-01 3.571182259018565452e-01 -8.347698718350764491e-01 -4.190773601677392768e-01 -8.920781717729493465e-01 -1.718165769328749981e-01 -4.179421004604602086e-01
-2.899769505033438638e-02 -6.585111230342916011e-02 -9.974080231731490276e-01 9.187443552535499158e-01 -3.948523748914094522e-01 -6.416637381485669001e-04 -3.937866724147821573e-01 -9.163815979443362680e-01 7.195014647294435683e-02
-2.507549072858437089e-01 2.264920386001035013e-01 -9.411818808938245962e-01 8.435530916742205454e-01 -4.258448687484354123e-01 -3.272221405826506446e-01 -4.749106842332902478e-01 -8.759894429794213844e-01 -8.427536881954812709e-02
6.013861227775060270e-01 2.923594151677091357e-01 -7.435460333385109921e-01 -2.581082354906204523e-01 9.518353729671337193e-01 1.654979200486689506e-01 7.561182910778956323e-01 9.238720220524226923e-02 6.478809572491928126e-01
6.011834227972333577e-01 5.147315331951283213e-01 -6.112527635016431482e-01 1.340889927164775827e-02 7.583104094808086337e-01 6.517557244039910991e-01 7.989985566783746052e-01 -4.000209639601915446e-01 4.489816642338898545e-01
1.069700479713296265e-01 -9.773662135187176636e-01 1.825176525958405738e-01 6.345466907219173835e-01 -7.421549839428147333e-02 -7.693130423253931038e-01 7.654462137412889611e-01 1.981094254955399758e-01 6.122456609882608314e-01
-9.354099560567583627e-01 -2.399559905702221552e-01 2.596715939400324191e-01 1.134282374807213389e-01 -8.992824532182254194e-01 -4.224039586412836611e-01 3.348764683460315750e-01 -3.656667771664164346e-01 8.684155451307951079e-01
-8.130053853797090113e-01 1.631250554119537677e-01 5.589386904128551548e-01 -4.302791199860986349e-01 -8.150606824478020540e-01 -3.879896426861311198e-01 3.922781184919432174e-01 -5.559373168123992182e-01 7.328380295316627713e-01
-4.262825246952111069e-01 8.694041779152137384e-01 2.498391173596484494e-01 -8.908091806316080774e-01 -3.554338644482425980e-01 -2.830649602226161243e-01 -1.572965760654683465e-01 -3.432246253213189768e-01 9.259884684655205200e-01
7.391638488693710318e-01 4.781857901068097827e-01 -4.743154590191466236e-01 -1.517911809089956543e-01 8.043808617727505883e-01 5.743960886113167463e-01 6.561983251448224586e-01 -3.525759199855447723e-01 6.671536395190216240e-01
8.677883609911620777e-01 -3.406062374912825069e-02 -4.957653017689857000e-01 4.888450527798482992e-01 2.377837934994683211e-01 8.393386574688845858e-01 8.929655592989194091e-02 -9.707207329911228255e-01 2.229963758455216771e-01
5.906190504637300887e-01 -7.852055908071636781e-01 -1.860680450654937090e-01 -2.584540367512078163e-01 3.436610829984982490e-02 -9.654120785899295010e-01 7.644413961294398430e-01 6.182808025205827063e-01 -1.826422763715374320e-01
7.346116692068220821e-01 2.655904846567296862e-01 -6.243455693163605380e-01 -5.830321236718390976e-01 7.177434601040637574e-01 -3.806807957390970221e-01 3.470147521819100245e-01 6.436660779765003282e-01 6.821105055857722421e-01
-4.822563305637903031e-01 -5.520651016242240638e-01 -6.801859710401148007e-01 -1.392724622962677183e-01 8.148826634718553397e-01 -5.626450266544179568e-01 8.648884395556940552e-01 -1.766079509581908735e-01 -4.698697891770294843e-01
4.487290459062058812e-01 -7.810680879148863553e-01 -4.342520989023426203e-01 4.978743147819107984e-01 6.220211240381351425e-01 -6.043268055702794017e-01 7.421343611776437532e-01 5.497602469548621557e-02 6.679926845917789624e-01
7.380195437402743419e-01 -6.201052578186336817e-01 -2.660763467185365827e-01 6.308339199683963283e-01 4.940780239275348595e-01 5.982770860472336194e-01 -2.395322910897486890e-01 -6.093901668861648746e-01 7.558226683738376028e-01
5.229365872760900480e-01 -5.831455753401445369e-02 8.503744693178696412e-01 8.175584598417467985e-01 -2.478951308536154197e-01 -5.197558742720083114e-01 2.411130241800041596e-01 9.670302045327648921e-01 -8.195787388708769550e-02
8.877087269948055193e-01 -3.933170205751535531e-01 2.393218279705091323e-01 3.613490568615219112e-01 2.730777936006441586e-01 -8.915466211856184486e-01 2.853069840059130891e-01 8.779124329727244769e-01 3.845382749601936601e-01
-6.906770905000578775e-01 2.844809810774073244e-01 6.648576750430205129e-01 -3.607139554039826002e-01 -9.323619833279779279e-01 2.421929853511595176e-02 6.267779503422151732e-01 -2.230957270992771635e-01 7.465773218594685678e-01
9.286792742458693795e-01 -5.629333284871168575e-02 -3.665867786254020100e-01 3.108459547920242039e-01 6.573013078530696163e-01 6.865346189989831593e-01 2.023106472126472433e-01 -7.515224889325855528e-01 6.279206563356325432e-01
-6.776030334655396281e-01 6.043604910941337005e-01 -4.190495505817379285e-01 -3.404099251126246894e-01 2.473410627872428269e-01 9.071623237018251462e-01 6.519012286559339175e-01 7.573445685180126841e-01 3.813125506915698154e-02
6.285429843423077090e-01 6.474861182762321477e-01 4.309239416343014772e-01 -4.656271759545357325e-01 7.570447123192597383e-01 -4.583389974266355305e-01 -6.229968297244133923e-01 8.743586328862207324e-02 7.773222754844375526e-01
6.008010809690151888e-01 6.767504657870129225e-01 4.254960260255367110e-01 -6.871700233653991186e-01 7.091816417005595286e-01 -1.576666041458885392e-01 -4.084549180686407044e-01 -1.976618479422887487e-01 8.911197303244831058e-01
5.405987794721666129e-01 -4.948526894963475864e-02 8.398238909379670547e-01 -7.660277195269327155e-01 3.837295585753711102e-01 5.157064657263062957e-01 -3.477851241062084875e-01 -9.221186659169920974e-01 1.695366432895730746e-01
-4.485562479486059351e-01 -7.588184114712626105e-01 4.722201931710445777e-01 -8.548718454954596924e-01 5.184134547548269190e-01 2.101470219518725147e-02 -2.607516446840862367e-01 -3.942614720479228341e-01 -8.812300899612706129e-01
-2.495106861633577811e-01 -6.164183665061715445e-01 7.468418941945837997e-01 -5.515746175131258644e-01 7.243659935489403789e-01 4.135932164640828690e-01 -7.959333256030554082e-01 -3.087431049006924000e-01 -5.207377808175055467e-01
5.692505457073652186e-01 6.099038403569058131e-01 -5.513357613376488331e-01 -8.182855701401269277e-01 3.552334568620677535e-01 -4.519047652174879581e-01 -7.976554339007874139e-02 7.083971320126326576e-01 7.012923509093493823e-01
-5.832839153328990278e-01 -2.829780433371166248e-01 7.613824932995375550e-01 7.903515222135742979e-01 1.855427434569027409e-02 6.123726073545341375e-01 -1.874149018851198334e-01 9.589469046264249563e-01 2.128297175179941214e-01
7.486995196920093187e-01 5.858065981321051163e-01 3.102896369488434836e-01 -5.108069479824632886e-01 2.114740111421999358e-01 8.332796676412247416e-01 4.225225332521280186e-01 -7.823741893725274510e-01 4.575645710693576618e-01
6.747580539705941849e-01 5.567003141916014863e-01 4.845475505879573430e-01 -7.169462811388962464e-01 6.502597169930854903e-01 2.512972948863150258e-01 -1.751844700963067492e-01 -5.169594380945615741e-01 8.378922011822471649e-01
5.078855976029166275e-01 8.511217886855221293e-01 -1.328304203572577558e-01 -8.013282950108245872e-01 4.102180749773818302e-01 -4.354240399620766810e-01 -3.161094483918081011e-01 3.275863730172681176e-01 8.903718239313382909e-01
1.005350593387874109e-01 -2.876870584666513797e-01 9.524331253345569293e-01 1.471343290814297322e-01 9.510566054969248340e-01 2.717403583320374127e-01 -9.839939994987285665e-01 1.128161758413747939e-01 1.379431746010797710e-01
-5.097660254298341798e-01 8.411623196117898882e-01 1.805119147945163371e-01 5.093854075143575688e-01 1.260216297260849383e-01 8.512608621642447915e-01 6.933001557254272473e-01 5.258940015882427321e-01 -4.927173562648304861e-01
-4.259618052655730347e-01 7.681480778234626161e-01 4.780220402774472688e-01 7.278913058543200476e-01 -2.283471864475921861e-02 6.853122080381373049e-01 5.373367541091774724e-01 6.398649124311583947e-01 -5.494015894797531496e-01
-3.456760141754235405e-01 -1.537735201784297401e-01 9.256682978884643864e-01 7.286881055709506505e-01 5.775352372504367615e-01 3.680580043057090633e-01 -5.912036349881585329e-01 8.017523022891895890e-01 -8.758714375279225139e-02
-3.456760141754387505e-01 -1.537735201784334871e-01 9.256682978884578361e-01 7.286881055709620858e-01 5.775352372504108933e-01 3.680580043057259942e-01 -5.912036349881351072e-01 8.017523022892073525e-01 -8.758714375278764397e-02
7.426442882693863323e-01 3.146329507064676845e-01 5.911730435588198329e-01 1.621211768030762224e-01 7.720375870084524861e-01 -6.145524292346032924e-01 -6.497662542275048914e-01 5.522355209291663902e-01 5.223406400915497905e-01
6.070066990527902551e-01 6.434985002912263496e-01 4.663180753820055369e-01 -5.063720439632798387e-01 7.654315460777637581e-01 -3.971169869968476096e-01 -6.124787509762975590e-01 4.922234446537408770e-03 7.904717270153106545e-01
7.609840439919005606e-01 6.161136641071749409e-01 2.032418207214355954e-01 -3.832011638912953821e-01 6.796419165483368330e-01 -6.254947907559742504e-01 -5.235075479705041390e-01 3.981090531135089705e-01 7.532921272965593662e-01
6.638934875675931435e-01 6.254584643750057404e-01 -4.099355394534581754e-01 -7.169609771374660934e-01 3.764784584302153791e-01 -5.867119630620278858e-01 -2.126320634980244928e-01 6.834220362848043573e-01 6.983709085385099158e-01
-9.875294224660322584e-01 1.563342917526698017e-01 -1.858033869701693902e-02 -1.402189363601664407e-01 -8.197328284090293904e-01 5.553167923938161499e-01 7.158414384434816369e-02 5.509969866076621647e-01 8.314313147213951982e-01
-4.058135971541014242e-01 9.134023940589770518e-01 3.180237243002295711e-02 -6.482448584478437414e-01 -3.121877427956609719e-01 6.944907607334204203e-01 6.442778343702223465e-01 2.612180693893119687e-01 7.187984365340096549e-01
1.592931255489825684e-02 9.988551094692127430e-01 4.510795150275984794e-02 -9.333311865427009746e-01 -1.328587956611844857e-03 3.590141098631578487e-01 3.586630078894707530e-01 -4.781950586620990068e-02 9.322414610123223033e-01
8.602363908249112123e-01 -4.989649973989792042e-01 1.050108721569691511e-01 1.793671310239613181e-01 1.033375425895671912e-01 -9.783398103929854539e-01 4.773057554741653719e-01 8.604390063579093750e-01 1.783926347387978506e-01
-1.081310106713559427e-01 1.168673226897022216e-01 9.872434924670469014e-01 -7.004207653211044216e-01 6.957760465619594603e-01 -1.590799941463674483e-01 -7.054916271921229942e-01 -7.086873230966890258e-01 6.621332483684556555e-03
2.907633420398443667e-03 2.474299266988017887e-01 -9.689014279284131614e-01 -6.593645334123376944e-01 7.289178426835387636e-01 1.841662039992839062e-01 7.518177689745184633e-01 6.383237501389096291e-01 1.652659440501157706e-01
9.907320597057721612e-01 1.143820605816108366e-01 -7.325796945222505518e-02 -1.274953837499573639e-01 5.970682180095190361e-01 -7.919939836674195766e-01 -4.684989854428225214e-02 7.939938836414562884e-01 6.061178101213891001e-01
6.754688860094809622e-01 -5.029892266470294970e-01 5.392064742843267755e-01 6.765090318274938896e-01 1.317701207074329084e-01 -7.245496291797929311e-01 2.933893554458608666e-01 8.541887807538636190e-01 4.292833713822263308e-01
8.976359824765449413e-02 2.725926556175066739e-01 9.579330563943543320e-01 -7.584408254531677107e-01 6.421072826244872411e-01 -1.116501316009733263e-01 -6.455307976507018708e-01 -7.165134204632822579e-01 2.643832588884105772e-01
4.790790488649174228e-01 1.157068669773546159e-02 -8.776954962559787576e-01 -8.030932680997409090e-01 4.093720294011800043e-01 -4.329615967690869649e-01 3.542943235102194444e-01 9.122941744598078717e-01 2.054139030716608527e-01
-5.852649138916068416e-01 -3.618175691059491439e-01 7.256397365454237969e-01 5.202181101535935381e-01 5.189024767912857605e-01 6.783165466418263900e-01 -6.219631005418843062e-01 7.744858076595926288e-01 -1.154713613767292119e-01
1.320368333439341235e-01 9.870961591349914910e-01 9.059496267151945226e-02 -6.937039505765578706e-01 2.673243185416850423e-02 7.197639932933846962e-01 7.080544495976162089e-01 -1.578814419370118405e-01 6.882821708404968097e-01
9.476935163172101051e-02 9.845358127565558837e-01 1.473363614016962864e-01 -6.222026167955652109e-01 -5.695254438635097977e-02 7.807818589981913027e-01 7.770988827968127177e-01 -1.656672601563409508e-01 6.071834033208064474e-01
5.825590139189299466e-01 -1.903649451869661446e-01 -7.901811076871980699e-01 7.758906124167425089e-02 9.807706002221351360e-01 -1.790781039534108110e-01 8.090765927138418023e-01 4.301415329721461345e-02 5.861269911364633822e-01
4.944868289646413007e-01 -3.428737110190098192e-01 -7.986991888518143456e-01 3.126489091405891818e-01 9.275654281371190635e-01 -2.046290207619699819e-01 8.110076667909456027e-01 -1.485260745352668665e-01 5.658679789398327609e-01
7.879349085172870915e-01 6.118543454796443459e-01 -6.923033914066024919e-02 3.213534537866590823e-01 -5.045075888059527003e-01 -8.013763476523309004e-01 -5.252528321477574202e-01 6.091849905856838721e-01 -5.941406479663550178e-01
6.027676721785333314e-01 7.493164196988074677e-01 2.742189573064424679e-01 -7.268632273603530258e-01 6.574154495186390612e-01 -1.986825997552309209e-01 -3.291519133891881999e-01 -7.956022815431186557e-02 9.409193312969343914e-01
5.894118092875250126e-01 8.004477917935097775e-01 1.089818869597176387e-01 -7.525412131709643404e-01 5.931023462796282120e-01 -2.862015536589089248e-01 -2.937268144919350510e-01 8.667721413667146824e-02 9.519514793296589561e-01
-8.804315782655014466e-01 3.213523830101741030e-01 -3.486730301107336394e-01 -3.163828186472616433e-01 1.495884986731174093e-01 9.367631467609816021e-01 3.531885446298225206e-01 9.350700118164440022e-01 -3.003206526136663335e-02
-9.056339622686312429e-01 2.968806229752212200e-01 -3.028019519214897315e-01 -2.822728552150170489e-01 1.108421870849409935e-01 9.529092531668422739e-01 3.164635233235918443e-01 9.484597541614887550e-01 -1.658110797102720427e-02
1.680329286149477019e-01 9.677115050538711571e-01 -1.878812866877785093e-01 -7.552003789829456748e-01 2.488678258443385305e-01 6.064133844528228900e-01 6.335908162884774653e-01 3.999060196950395690e-02 7.726340849774994135e-01
-2.023682969553895206e-01 7.850675109492043502e-01 5.854195723063905232e-01 7.717534884276242568e-01 -2.401520265498890416e-01 5.888323676937047280e-01 6.028628579429720080e-01 5.709606005636496118e-01 -5.572794336029535112e-01
3.984606138812372134e-01 7.946027031024752718e-01 -4.580782503106068937e-01 5.172966258247133631e-01 2.177250160814983293e-01 8.276472789073119340e-01 7.573858594506195363e-01 -5.667471760799086544e-01 -3.242904536209708088e-01
9.082107815457362010e-01 3.593130992218442343e-01 2.145862833726246699e-01 -3.900501294805820418e-01 5.408538806011342626e-01 7.452100216253640941e-01 1.517038983555282494e-01 -7.605071837703357707e-01 6.313594464783498506e-01
4.283814183140542686e-02 6.049765395445978466e-01 -7.950901082299264289e-01 7.918672592300902979e-02 -7.953729960096908025e-01 -6.009253361742729060e-01 -9.959389318838913763e-01 -3.721805770338002667e-02 -8.197841263870149497e-02
1.713633235247792597e-01 7.104838033383154006e-01 -6.825301286715947935e-01 4.223581926926896907e-03 -6.933011807763684864e-01 -7.206355764807894637e-01 -9.851988493224342891e-01 1.206077855199029214e-01 -1.218071810926462523e-01
6.000479362008440676e-01 4.295342763788986273e-01 -6.748650084844846075e-01 3.143606420390911982e-01 6.491407838041222123e-01 6.926713719643249334e-01 7.356084970946693558e-01 -6.277870245694996409e-01 2.544869167251948561e-01
7.878127496542579600e-01 6.093557666870932366e-01 8.964720345544391344e-02 3.936145621278950846e-01 -6.100585004999652394e-01 6.876744887289328867e-01 4.737284538246170351e-01 -5.064722850985217129e-01 -7.204631680134792049e-01
7.175299470844310745e-01 6.778261316948593906e-01 1.603200244155338905e-01 4.869129270615752403e-01 -6.527139574035123459e-01 5.804138965177999543e-01 4.980628238458911228e-01 -3.384024601007343813e-01 -7.983841171393801783e-01
7.741912155668532192e-01 4.570944524783430163e-01 -4.378271613920748373e-01 -6.192904672550295642e-01 4.040858064676950412e-01 -6.731968346467469555e-01 -1.307947969384301024e-01 7.923252630863641954e-01 5.959139187575319685e-01
5.834622771917766793e-01 -7.467267918491040657e-01 -3.193287795187458311e-01 -7.646598495140360940e-01 -3.726327267189449288e-01 -5.257757749451537066e-01 2.736185038248677981e-01 5.509482274340751218e-01 -7.884091355710508564e-01
7.626139940180471921e-01 -6.410692815116996179e-01 -8.631380208237639240e-02 3.570134729369881660e-02 1.749469545270633253e-01 -9.839303719791968605e-01 6.458678734302064628e-01 7.472775517863355921e-01 1.563040327917484817e-01
6.505932707655921465e-01 2.024425809289789324e-01 -7.319463077721909405e-01 5.382061966420023102e-01 5.570695094581323836e-01 6.324615810689420137e-01 5.357821254303649638e-01 -8.054132871134480620e-01 2.534698226819738776e-01
-2.347213135090994718e-01 -2.645329685799142072e-01 9.353759744182340574e-01 9.669205768269233392e-01 3.530718551296717356e-02 2.526222491385941571e-01 -9.985240654712421171e-02 9.637301028739586606e-01 2.474950216091160171e-01
-2.927481074080614531e-01 3.912578833227835506e-01 -8.724768273981682309e-01 -8.143985473317116863e-01 3.761084766627631470e-01 4.419246767113300112e-01 5.010524440744659191e-01 8.399164735378100710e-01 2.085348070870022552e-01
6.585865542183924060e-01 -3.643554342341693425e-03 -7.524961628569935002e-01 2.799407960391650518e-01 9.294033617671870751e-01 2.405047647112423248e-01 6.984961712963808633e-01 -3.690475791108861481e-01 6.131125370082489701e-01
5.826527133381361745e-01 -5.277238330642577968e-02 -8.110060981274230807e-01 2.110661334443531545e-01 9.734760163596908322e-01 8.829231498447399906e-02 7.848355897591279273e-01 -2.226196782241559591e-01 5.783369051987045095e-01
6.313984408641543089e-01 7.724351338445076820e-01 -6.841032726812999731e-02 -4.165849731794831756e-01 4.122800575571686221e-01 8.102358386677964708e-01 6.540588421505857397e-01 -4.830829309169135111e-01 5.820978550564848142e-01
-9.415850723402189315e-01 3.103555125491225808e-01 1.307555252233573162e-01 -1.981458210958267907e-01 -8.244769161733616070e-01 5.300717388047812006e-01 2.723155983933443491e-01 4.731989756198071717e-01 8.378108046235975825e-01
-7.125190889463587363e-01 -2.786417431624012009e-01 6.439528917975828604e-01 6.510889047454702094e-01 -6.046533998098858609e-01 4.587782734782575034e-01 2.615335274957970024e-01 7.461588604752781295e-01 6.122476369328352375e-01
9.187589001716722770e-01 3.943731669084052927e-01 1.875869339731234264e-02 -1.781420537995559716e-01 3.716742249445636470e-01 9.111112331542919884e-01 3.523456995954615811e-01 -8.404332666752867276e-01 4.117334480487243042e-01
1.182626928715060782e-01 -2.551397789588975493e-02 9.926545080775629470e-01 2.321165057358777137e-02 9.994677197160626303e-01 2.292371093920214653e-02 -9.927110127083459412e-01 2.033012979551486465e-02 1.187919655114269973e-01
-1.231858707366124545e-01 1.657364659897488379e-01 9.784460460812808291e-01 -3.814487908693198204e-02 9.844360607948871023e-01 -1.715535205295690979e-01 -9.916502455252590442e-01 -5.845567592522342426e-02 -1.149466158780645397e-01
-1.206566853050474453e-01 -9.254890573952567756e-01 -3.590431296276785922e-01 -5.096439609064686849e-01 3.681322223296893403e-01 -7.776514000464282983e-01 8.518832064331145482e-01 8.915532246727324306e-02 -5.160875226867940313e-01
7.533580258654865025e-01 -6.144041138346881814e-01 2.344339347600267465e-01 -2.545127608358827009e-01 5.629870457549044499e-02 9.654292881588057984e-01 -6.063620530967895883e-01 -7.869803306094332873e-01 -1.139606063432148514e-01
6.774377501696617898e-01 -6.450065659892511016e-01 3.536164935008282439e-01 -3.265678856339448294e-02 4.538852155343031658e-01 8.904615349806553892e-01 -7.348548351924979460e-01 -6.147802379307042431e-01 2.864151361993183542e-01
1.905752519414886659e-01 7.865035561143310372e-02 -9.785168342494846572e-01 -1.129677411659183069e-02 -9.965436185703473448e-01 -8.229944824406097703e-02 -9.816075877060020938e-01 2.673832172955642808e-02 -1.890280558781947673e-01
2.381665592762800543e-01 -4.738168381965684461e-01 -8.478055755206526101e-01 9.699346511473886379e-01 1.610070064651553667e-01 1.824925104565194578e-01 5.003461347998611197e-02 -8.657796184425550212e-01 4.979178544131272477e-01
6.532311435566469093e-01 -5.239809166569148191e-01 5.465647921949007282e-01 7.230530995153616747e-01 6.459078692338114935e-01 -2.449433398626428837e-01 -2.246848645745955775e-01 5.551999850875509734e-01 8.007931619275222568e-01
2.158763385070992524e-01 -7.449633383027618461e-01 -6.312107659550595384e-01 2.823060277896051740e-01 6.664644857730660510e-01 -6.900205764155856736e-01 9.347195906508127816e-01 -2.923548850365230087e-02 3.541815538188429202e-01
5.759343294285788201e-02 -8.345772221865763729e-01 -5.478721170941214247e-01 -4.858801494496539641e-02 5.457894952784893006e-01 -8.365124216934018975e-01 9.971570594874031856e-01 7.479764067796575155e-02 -9.116559847091075877e-03
-2.095292269641668703e-01 -9.776931389799579097e-01 -1.461605416367496406e-02 -1.904681148297405202e-01 5.547159244168287096e-02 -9.801248898304688595e-01 9.590721559304096200e-01 -2.025809182117128127e-01 -1.978422889462611856e-01
9.312409955631300029e-01 -3.149635357174441208e-01 1.832707814981894001e-01 3.282612287765908632e-01 5.066902273142446234e-01 -7.971885468484365411e-01 1.582238094114578331e-01 8.025353479521046829e-01 5.752410289806537680e-01
5.398980162021065343e-01 -4.683079978953217926e-01 6.994267304073427116e-01 6.515524669273061731e-01 7.585872519182010887e-01 4.976350885328998525e-03 -5.329066662577716107e-01 4.530264896608890979e-01 7.146869837373288625e-01
7.340450770677428016e-01 -4.806946354734310117e-02 6.773973365070771191e-01 3.945963502550653423e-01 8.420122545479248322e-01 -3.678438303907008988e-01 -5.526948029410024832e-01 5.373124694862306816e-01 6.370429851561157930e-01
-8.858955444552222280e-01 -2.791749171552765363e-01 3.704732783153600884e-01 -1.049656323232251026e-01 -6.572798533847997726e-01 -7.463011525955469683e-01 4.518531845028551097e-01 -7.000318278234217706e-01 5.529775218657881908e-01
6.519011798286237225e-01 1.401178966765530970e-02 -7.581744663917124871e-01 3.525873885175998534e-01 8.795752390996131043e-01 3.194206195930333059e-01 6.713471420929618683e-01 -4.755534339200671590e-01 5.684557557897051971e-01
-4.694100267730230702e-01 -3.452924679165199351e-02 -8.823049120802572975e-01 -1.027849632221709483e-02 -9.989537087847016883e-01 4.456276717893279532e-02 -8.829204829871738491e-01 2.998697752843391615e-02 4.685639784494802784e-01
6.604109032648292077e-01 2.274853117872916164e-01 7.156171265208591814e-01 9.873965152176741866e-02 9.184237987683768756e-01 -3.830772860314535233e-01 -7.443842556544923994e-01 3.236482021839496848e-01 5.840752701123418378e-01
-2.256363927645042566e-01 6.943740315703894606e-01 6.833249026202001808e-01 -7.686482721053394807e-01 3.040589215745311269e-01 -5.627859326603759094e-01 -5.985549699482066721e-01 -6.522214934296606259e-01 4.651226413094558532e-01
-5.394488963195777087e-01 -8.003829167719743731e-01 -2.614996650077704432e-01 -3.831160378260557997e-01 5.098651167962172659e-01 -7.702335127965056483e-01 7.498113028089495868e-01 -3.153169028358083215e-01 -5.816857063449120124e-01
-7.101057855925930751e-01 -7.017532151575184285e-01 5.737768106165538201e-02 -6.436470086993347772e-01 6.139477003724249649e-01 -4.569318870464287863e-01 2.854265255023175629e-01 -3.614009493948491247e-01 -8.876491718670033171e-01
-5.622540152654250667e-01 -4.405353287772927895e-01 6.998564470068056043e-01 -8.164414612649064651e-01 4.302888020477758091e-01 -3.850647830689193918e-01 -1.315057513781478227e-01 -7.878960406877117961e-01 -6.016029142408606534e-01
-5.263949387316518846e-01 -8.138163304504429929e-01 -2.461937220358714484e-01 2.364300397852434343e-01 1.380313071576559913e-01 -9.617942579010839710e-01 8.167063148799873495e-01 -5.644912209561139260e-01 1.197516459119750964e-01
-2.706656567334204677e-01 -7.832165208034188586e-01 -5.597427836119495126e-01 3.537895645019936142e-01 4.598283317010362636e-01 -8.144880904068099170e-01 8.953061187742189508e-01 -4.184851095387140396e-01 1.526340944213140371e-01
9.950583146081640740e-01 -3.057042979443393496e-02 -9.446903911517005870e-02 -5.627905971488701004e-02 6.101879336976598900e-01 -7.902552454791985648e-01 8.180231027769403751e-02 7.916666813703631123e-01 6.054521018555210077e-01
-9.210147094066530871e-01 2.575897681987860954e-01 -2.921975639458237461e-01 9.597834391964928102e-02 8.770746588400331056e-01 4.706678237558644673e-01 3.775182943315722461e-01 4.054473506386936377e-01 -8.325217014018582162e-01
-9.773427913040848569e-01 1.490776769671020296e-01 -1.502561629885189043e-01 5.830546918801698952e-02 8.720390638646590142e-01 4.859509680583153912e-01 2.034736851504516941e-01 4.661799194775996247e-01 -8.609731367047135375e-01
-4.146469117484799516e-01 3.943851642914204536e-01 8.200782162478633674e-01 5.352376476325962917e-01 8.345274892715607296e-01 -1.307078046898104973e-01 -7.359270338383913090e-01 3.847391477831885176e-01 -5.571240337922005459e-01
-5.293199594846906830e-01 7.282630157092482293e-01 4.352624041210046979e-01 8.310553921597482185e-01 5.483238961002205869e-01 9.320858398066816930e-02 -1.707844127938277501e-01 4.110643318454492712e-01 -8.954656885839467062e-01
-1.932749005100066475e-01 5.587844265105613717e-01 8.064767681229945140e-01 9.006056627994627473e-01 4.271831830428173826e-01 -8.014966162715818354e-02 -3.892996955642117896e-01 7.108266264108782373e-01 -5.858082060017100190e-01
-4.906741317765688226e-01 8.280619189549499604e-01 2.712053738072982001e-01 5.338063730449151834e-01 3.966407830836816972e-02 8.446759834330442862e-01 6.886869045523832389e-01 5.592318117458928706e-01 -4.614868668006306129e-01
-2.889601497879727421e-01 9.165883985222806896e-01 -2.763471359158127805e-01 3.563968635138080598e-01 3.709067172632949938e-01 8.575601919203605927e-01 8.885287319563908159e-01 1.493114690280903378e-01 -4.338464909442524831e-01
-7.371142207115738421e-01 6.735480298339909799e-01 5.473277931476024094e-02 5.603255555380579622e-01 5.639085193844013411e-01 6.066650258393496697e-01 3.777537523781017703e-01 4.778495927302242596e-01 -7.930711628169460070e-01
-4.723929651904626437e-01 3.975240233091391628e-01 -7.866508357147263819e-01 -8.577876686778155083e-03 8.903978126298306428e-01 4.551023569435337923e-01 8.813463033734861840e-01 2.217349457260362477e-01 -4.172077508553299618e-01
-2.082247373933168999e-01 -8.784134112498459546e-01 4.301538534918564749e-01 1.461037730508732702e-01 4.069246367481123006e-01 9.017017397719246929e-01 -9.671071017409516024e-01 2.506037089586389821e-01 4.360773805634438061e-02
4.878666216166464564e-01 -6.205636837814582085e-01 6.139111286529561617e-01 7.484192680901327055e-01 6.593363631150116477e-01 7.172279571865400327e-02 -4.492824931641450359e-01 4.244717595386721665e-01 7.861100220009625827e-01
-2.198731628633778246e-01 3.779408048521256114e-01 -8.993422820484879843e-01 -2.998225012322431882e-01 -9.034619041013388641e-01 -3.063707812315404899e-01 -9.283115102201932034e-01 2.022803397893884747e-01 3.119621838098225464e-01
1.596745504989370845e-01 6.744058989427516027e-01 -7.208888412190758155e-01 -9.803457413397834719e-01 2.261490912695727704e-02 -1.959867172084124032e-01 -1.158717625649713368e-01 7.380143964425074365e-01 6.647619764123761099e-01
6.998297671141484599e-02 -5.717294758614290817e-01 -8.174520104579995339e-01 -7.315787180889017360e-01 -5.865035327473748783e-01 3.475718419467377918e-01 -6.781555590054607618e-01 5.737063817895567963e-01 -4.593103801177660372e-01
4.367210672660991055e-01 -8.855307829768924721e-01 1.584611681336825229e-01 8.864249842606021224e-01 4.536307325728380357e-01 9.203209083804249346e-02 -1.533801052436423451e-01 1.002715855352956931e-01 9.830667080364827726e-01
7.073676118594702800e-01 -4.399115465327401164e-01 5.532710844779463732e-01 6.487883709798255571e-01 7.147395796817045399e-01 -2.611914679268156347e-01 -2.805435997729661124e-01 5.437142305141492438e-01 7.909931252310810068e-01
-2.745201826068744966e-01 -9.080000621833372865e-01 -3.165036436070581272e-01 4.247385496260155935e-01 1.807978490943860927e-01 -8.870790845378061507e-01 8.626910419165582100e-01 -3.779524108110688396e-01 3.360299709237617449e-01
9.424527247734453272e-01 -2.028763260913271360e-01 -2.657518727662973035e-01 3.341317220912206065e-01 5.995369509167532973e-01 7.272629763557322269e-01 1.178362675342845174e-02 -7.742071045896753434e-01 6.328226492022925864e-01
6.778352517901045093e-01 7.274926063193867254e-01 1.062726643181206021e-01 -2.004286462114888701e-01 4.377414890542532383e-02 9.787298818700876923e-01 7.073667572118976787e-01 -6.847177021504790018e-01 1.754820194586687310e-01
8.397230915600929491e-01 3.450864576789625660e-01 4.192618110767371009e-01 -5.430123537668954947e-01 5.359844398238222674e-01 6.464195726641324136e-01 -1.647166444472110631e-03 -7.704777848798296525e-01 6.374647204742983631e-01
6.668578050700351145e-01 5.827127399860345669e-01 4.644852317083325577e-01 -7.140220518345732348e-01 6.780259012074811853e-01 1.745089876932688078e-01 -2.132444074556741065e-01 -4.480253786893676482e-01 8.682166104948276786e-01
4.343301313126485819e-01 -7.183402516944444871e-01 5.434561802293716992e-01 -3.443014968053307867e-01 4.251236123788481036e-01 8.370940171184880763e-01 -8.323543814575292688e-01 -5.506879306771859106e-01 -6.268162948530271728e-02
7.767665399078824695e-01 -5.115192624700271029e-01 3.673986752856567284e-01 -1.259720194010222893e-01 4.453855886541787101e-01 8.864325849985430494e-01 -6.170614173707218431e-01 -7.348331249619129979e-01 2.815235081678709173e-01
2.660008710966498824e-01 -9.357957905914624508e-01 -2.313650252028667531e-01 8.070873513884269101e-01 3.474427196556079123e-01 -4.773819893828510907e-01 5.271181497583226072e-01 -5.974776037320826683e-02 8.476890121534832456e-01
7.196817936689785533e-01 4.063954825006249050e-01 -5.629394529294301508e-01 1.615258690724340751e-01 6.905486470253263676e-01 7.050191201037642186e-01 6.752536630643307669e-01 -5.983187092967888754e-01 4.313319054088486371e-01
8.409026877819456569e-01 -5.009630972014127437e-01 -2.047404330450331711e-01 4.949877705290012253e-01 5.590076633465538292e-01 6.652048852395441303e-01 -2.187916285140464878e-01 -6.607165864137165556e-01 7.180416531998526919e-01
6.969457120543797179e-01 -3.852293662580508204e-01 -6.048677622600118209e-01 6.374598163707050347e-01 7.191721045327067463e-01 2.764714570703903362e-01 3.284990973528552627e-01 -5.782644891694613820e-01 7.467921555586541915e-01
4.150002841313030211e-01 1.222925058713138641e-01 9.015649212223448838e-01 -7.112418026819240513e-01 -5.743413367693052107e-01 4.052988119842130255e-01 5.673710093833709278e-01 -8.094297819364955071e-01 -1.513722756172107275e-01
3.977766245372876264e-01 7.919513470932805499e-02 9.140579235530390534e-01 -4.727020279012350001e-01 -8.361711250964757314e-01 2.781557879551565526e-01 7.863374274379809625e-01 -5.427209045110251706e-01 -2.951736268994113455e-01
4.022625647580885810e-01 -6.588474679685187851e-01 6.356924122134195443e-01 -3.685179794956033317e-01 -7.521369334597383105e-01 -5.463373793859059857e-01 8.380807406107854129e-01 -1.449300787458816450e-02 -5.453536695943508317e-01
5.031987397976062093e-01 -1.110871297034830563e-01 8.570009789261284761e-01 -1.006098333656976346e-01 9.774285452685607112e-01 1.857716348754890057e-01 -8.582940578241398111e-01 -1.797027782434846566e-01 4.806643546128060995e-01
6.660024900498544564e-01 3.583843128380780341e-01 -6.542181345384521229e-01 -5.255739166819709540e-01 -3.969239892738027908e-01 -7.524781756586318426e-01 -5.293512457253372050e-01 8.449923260305673978e-01 -7.599491824118896621e-02
-2.968182023870887670e-02 9.233313573082790882e-02 -9.952856783825585474e-01 -9.088125965281163010e-03 -9.957081682982645843e-01 -9.210130048242831657e-02 -9.995180816342226215e-01 6.311547371910203839e-03 3.039356602993457945e-02
7.503832835597727957e-01 5.398742696829285093e-01 3.813931051925015248e-01 -6.607630741817537290e-01 6.281969655419508136e-01 4.108049808385524915e-01 -1.780695234822859616e-02 -5.602716710830647484e-01 8.281174838329753429e-01
7.039498520910454360e-01 6.521193476146224244e-01 2.814159949392976978e-01 -7.037407868907593622e-01 5.868935262329626479e-01 4.003809357751865194e-01 9.593492902676439837e-02 -4.798920142412440581e-01 8.720665938218890023e-01
-2.366536236270548599e-01 9.393796581949349633e-01 -2.481147319160068032e-01 5.229061834412841447e-01 3.383727123051895602e-01 7.823509640091842465e-01 8.188798359607194488e-01 5.540546305913645470e-02 -5.712845603726292021e-01
6.151399658571433948e-02 7.415550606053510352e-01 6.680659550633056831e-01 9.460363775211868553e-01 -2.566832415429590730e-01 1.978102270298216780e-01 3.181685098035998971e-01 6.198465984431899001e-01 -7.173276753114741222e-01
7.935046993788130720e-01 3.212601048502919387e-01 5.168580434658238687e-01 -6.071588868947607187e-01 4.756060685847697811e-01 6.365194055094114400e-01 -4.133253111599755059e-02 -8.188960938708395032e-01 5.724515781396940506e-01
9.476196799571620089e-01 -7.855158309656475046e-02 -3.095910059270285952e-01 5.300655207733999397e-02 -9.171691546028630793e-01 3.949570195374957904e-01 -3.149718203185139509e-01 -3.906793962293034217e-01 -8.649637921711802457e-01
7.230244083309879111e-01 -6.377156233874218261e-01 -2.656209491836386549e-01 -8.303777078472031337e-02 3.014843622383489019e-01 -9.498483605022648435e-01 6.858137018029965004e-01 7.088201203502396686e-01 1.650260688677478160e-01
2.592411129294183159e-01 9.578749387596222631e-01 1.235704133818707057e-01 -4.844495321648415453e-01 1.828116558412334197e-02 8.746281780106058834e-01 8.355254012610165981e-01 -2.866032112191622683e-01 4.687812956662004704e-01
8.139031851935963902e-01 -2.252750707513332673e-01 -5.355490151514616937e-01 5.189538924136968268e-01 6.963478195108268043e-01 4.957686676376291679e-01 2.612440672635299443e-01 -6.814329437006246826e-01 6.836670831326527864e-01
4.522849899042412636e-01 -8.769275617284532087e-01 -1.625925563742399438e-01 5.595361608774617190e-01 1.370315732629597272e-01 8.173993103738156352e-01 -6.945196704038205660e-01 -4.606738536210494006e-01 5.526500049869719211e-01
7.188319786770908104e-01 -6.693479994815122458e-01 -1.877600650332122978e-01 8.134878286173376216e-02 3.492213165718973111e-01 -9.335024625456029845e-01 6.904078229264881683e-01 6.557573694911008610e-01 3.054820950563530979e-01
6.355056567889093566e-01 -4.640392506036741249e-01 -6.170900534674637061e-01 1.599599790903013241e-01 8.610295127200320309e-01 -4.827431856738472749e-01 7.553445341555912185e-01 2.080763132225403600e-01 6.214168348194214486e-01
